{
    "camera_angle_x": 0.6911112070083618,
    "frames": [
        {
            "file_path": "./train/r_0",
            "rotation": 0.06283185307179587,
            "transform_matrix": [
                [
                    -0.4691348075866699,
                    0.41173332929611206,
                    -0.7812279462814331,
                    -3.1493606567382812
                ],
                [
                    -0.88307785987854,
                    -0.21873320639133453,
                    0.41502711176872253,
                    1.673096776008606
                ],
                [
                    0.0,
                    0.8846588730812073,
                    0.46621111035346985,
                    1.879434585571289
                ],
                [
                    0.0,
                    0.0,
                    0.0,
                    1.0
                ]
            ]
        },
        {
            "file_path": "./train/r_1",
            "rotation": 0.06283185307179587,
            "transform_matrix": [
                [
                    -0.17491261661052704,
                    -0.2278919517993927,
                    0.9578058123588562,
                    3.8611981868743896
                ],
                [
                    0.9845403432846069,
                    -0.040487099438905716,
                    0.17016299068927765,
                    0.6859772801399231
                ],
                [
                    3.725129982257158e-09,
                    0.9728391170501709,
                    0.231452077627182,
                    0.9330517053604126
                ],
                [
                    0.0,
                    0.0,
                    0.0,
                    1.0
                ]
            ]
        },
        {
            "file_path": "./train/r_2",
            "rotation": 0.06283185307179587,
            "transform_matrix": [
                [
                    0.07941145449876785,
                    0.4999869763851166,
                    -0.8623469471931458,
                    -3.4763753414154053
                ],
                [
                    -0.9967988133430481,
                    0.03983220085501671,
                    -0.0687001422047615,
                    -0.27695056796073914
                ],
                [
                    0.0,
                    0.865110456943512,
                    0.501552939414978,
                    2.0219082832336426
                ],
                [
                    0.0,
                    0.0,
                    0.0,
                    1.0
                ]
            ]
        },
        {
            "file_path": "./train/r_3",
            "rotation": 0.06283185307179587,
            "transform_matrix": [
                [
                    0.6299952864646912,
                    -0.6357467770576477,
                    0.4459567368030548,
                    1.797783374786377
                ],
                [
                    0.7765436768531799,
                    0.5157694220542908,
                    -0.3617963194847107,
                    -1.458507776260376
                ],
                [
                    -1.4900520817207052e-08,
                    0.5742804408073425,
                    0.818622887134552,
                    3.3001105785369873
                ],
                [
                    0.0,
                    0.0,
                    0.0,
                    1.0
                ]
            ]
        },
        {
            "file_path": "./train/r_4",
            "rotation": 0.06283185307179587,
            "transform_matrix": [
                [
                    0.11288264393806458,
                    -0.44316789507865906,
                    0.8892645239830017,
                    3.584887981414795
                ],
                [
                    0.9935650825500488,
                    0.05034996196627617,
                    -0.10103266686201096,
                    -0.40729251503944397
                ],
                [
                    0.0,
                    0.8950178623199463,
                    0.4460027515888214,
                    1.797968864440918
                ],
                [
                    0.0,
                    0.0,
                    0.0,
                    1.0
                ]
            ]
        },
        {
            "file_path": "./train/r_5",
            "rotation": 0.06283185307179587,
            "transform_matrix": [
                [
                    0.3798072934150696,
                    0.719854474067688,
                    -0.5809565186500549,
                    -2.3420073986053467
                ],
                [
                    -0.9250192642211914,
                    0.2955678701400757,
                    -0.23853720724582672,
                    -0.9616140127182007
                ],
                [
                    0.0,
                    0.6280439496040344,
                    0.7781431674957275,
                    3.136925220489502
                ],
                [
                    0.0,
                    0.0,
                    0.0,
                    1.0
                ]
            ]
        },
        {
            "file_path": "./train/r_6",
            "rotation": 0.06283185307179587,
            "transform_matrix": [
                [
                    0.9572741389274597,
                    -0.09189044684171677,
                    0.2740389108657837,
                    1.104731798171997
                ],
                [
                    0.2890333831310272,
                    0.30433976650238037,
                    -0.907612681388855,
                    -3.6588549613952637
                ],
                [
                    0.0,
                    0.9481157064437866,
                    0.31789809465408325,
                    1.2815412282943726
                ],
                [
                    0.0,
                    0.0,
                    0.0,
                    1.0
                ]
            ]
        },
        {
            "file_path": "./train/r_7",
            "rotation": 0.06283185307179587,
            "transform_matrix": [
                [
                    -0.23599857091903687,
                    -0.8289911150932312,
                    0.5069964528083801,
                    2.0438523292541504
                ],
                [
                    0.9717093110084534,
                    -0.20133668184280396,
                    0.12313398718833923,
                    0.4963894784450531
                ],
                [
                    -7.450261740871156e-09,
                    0.5217538475990295,
                    0.8530592322349548,
                    3.438933849334717
                ],
                [
                    0.0,
                    0.0,
                    0.0,
                    1.0
                ]
            ]
        },
        {
            "file_path": "./train/r_8",
            "rotation": 0.06283185307179587,
            "transform_matrix": [
                [
                    0.999822735786438,
                    0.006551562808454037,
                    -0.015031282790005207,
                    -0.060595542192459106
                ],
                [
                    -0.016396906226873398,
                    0.399490088224411,
                    -0.9165521264076233,
                    -3.694892406463623
                ],
                [
                    0.0,
                    0.9167085886001587,
                    0.3995293080806732,
                    1.6106207370758057
                ],
                [
                    0.0,
                    0.0,
                    0.0,
                    1.0
                ]
            ]
        },
        {
            "file_path": "./train/r_9",
            "rotation": 0.06283185307179587,
            "transform_matrix": [
                [
                    -0.9990021586418152,
                    -0.03969898074865341,
                    0.018251948058605194,
                    0.07357899844646454
                ],
                [
                    0.04369235783815384,
                    -0.9076956510543823,
                    0.41732093691825867,
                    1.6823439598083496
                ],
                [
                    -1.8625653241954865e-09,
                    0.41773495078086853,
                    0.9085304141044617,
                    3.6625545024871826
                ],
                [
                    0.0,
                    0.0,
                    0.0,
                    1.0
                ]
            ]
        },
        {
            "file_path": "./train/r_10",
            "rotation": 0.06283185307179587,
            "transform_matrix": [
                [
                    0.4196160137653351,
                    -0.23148663341999054,
                    0.877642810344696,
                    3.5380377769470215
                ],
                [
                    0.9076545238494873,
                    0.1070181354880333,
                    -0.4057413637638092,
                    -1.635663390159607
                ],
                [
                    0.0,
                    0.9669286608695984,
                    0.255018025636673,
                    1.0280530452728271
                ],
                [
                    0.0,
                    0.0,
                    0.0,
                    1.0
                ]
            ]
        },
        {
            "file_path": "./train/r_11",
            "rotation": 0.06283185307179587,
            "transform_matrix": [
                [
                    -0.08083561062812805,
                    -0.7314590811729431,
                    0.6770447492599487,
                    2.729367256164551
                ],
                [
                    0.9966843128204346,
                    -0.059324637055397034,
                    0.05491138994693756,
                    0.22136402130126953
                ],
                [
                    0.0,
                    0.6792925596237183,
                    0.7338341474533081,
                    2.9583020210266113
                ],
                [
                    0.0,
                    0.0,
                    0.0,
                    1.0
                ]
            ]
        },
        {
            "file_path": "./train/r_12",
            "rotation": 0.06283185307179587,
            "transform_matrix": [
                [
                    0.8669057488441467,
                    0.21123164892196655,
                    -0.45141303539276123,
                    -1.8197792768478394
                ],
                [
                    -0.49838578701019287,
                    0.36742204427719116,
                    -0.7852000594139099,
                    -3.1653730869293213
                ],
                [
                    0.0,
                    0.9057441353797913,
                    0.42379793524742126,
                    1.7084546089172363
                ],
                [
                    0.0,
                    0.0,
                    0.0,
                    1.0
                ]
            ]
        },
        {
            "file_path": "./train/r_13",
            "rotation": 0.06283185307179587,
            "transform_matrix": [
                [
                    0.10580696165561676,
                    -0.23111115396022797,
                    0.9671161770820618,
                    3.898730993270874
                ],
                [
                    0.9943434596061707,
                    0.02459227666258812,
                    -0.10290972888469696,
                    -0.4148595333099365
                ],
                [
                    0.0,
                    0.9726111888885498,
                    0.23240746557712555,
                    0.9369031190872192
                ],
                [
                    0.0,
                    0.0,
                    0.0,
                    1.0
                ]
            ]
        },
        {
            "file_path": "./train/r_14",
            "rotation": 0.06283185307179587,
            "transform_matrix": [
                [
                    -0.6573324799537659,
                    0.3448250889778137,
                    -0.670025646686554,
                    -2.701071262359619
                ],
                [
                    -0.7535437345504761,
                    -0.30079832673072815,
                    0.5844777822494507,
                    2.3562026023864746
                ],
                [
                    1.4900521705385472e-08,
                    0.8891602754592896,
                    0.45756831765174866,
                    1.8445930480957031
                ],
                [
                    0.0,
                    0.0,
                    0.0,
                    1.0
                ]
            ]
        },
        {
            "file_path": "./train/r_15",
            "rotation": 0.06283185307179587,
            "transform_matrix": [
                [
                    -0.9965329170227051,
                    0.05667950212955475,
                    -0.060199469327926636,
                    -0.2426818609237671
                ],
                [
                    -0.08268184959888458,
                    -0.683136522769928,
                    0.7255613803863525,
                    2.924952268600464
                ],
                [
                    3.725130426346368e-09,
                    0.7280808687210083,
                    0.6854590177536011,
                    2.7632877826690674
                ],
                [
                    0.0,
                    0.0,
                    0.0,
                    1.0
                ]
            ]
        },
        {
            "file_path": "./train/r_16",
            "rotation": 0.06283185307179587,
            "transform_matrix": [
                [
                    0.9844684600830078,
                    -0.06392683833837509,
                    0.16324780881404877,
                    0.6581001877784729
                ],
                [
                    0.17531712353229523,
                    0.35897204279899597,
                    -0.9166949391365051,
                    -3.6954681873321533
                ],
                [
                    3.725130648390973e-09,
                    0.9311510920524597,
                    0.3646065592765808,
                    1.469836711883545
                ],
                [
                    0.0,
                    0.0,
                    0.0,
                    1.0
                ]
            ]
        },
        {
            "file_path": "./train/r_17",
            "rotation": 0.06283185307179587,
            "transform_matrix": [
                [
                    0.7411268949508667,
                    0.48198747634887695,
                    -0.46728092432022095,
                    -1.8837474584579468
                ],
                [
                    -0.6713010668754578,
                    0.5321217179298401,
                    -0.5158854126930237,
                    -2.0796866416931152
                ],
                [
                    2.9801045187127784e-08,
                    0.6960779428482056,
                    0.717933177947998,
                    2.8942008018493652
                ],
                [
                    0.0,
                    0.0,
                    0.0,
                    1.0
                ]
            ]
        },
        {
            "file_path": "./train/r_18",
            "rotation": 0.06283185307179587,
            "transform_matrix": [
                [
                    -0.7706708908081055,
                    0.59365314245224,
                    -0.23148073256015778,
                    -0.9331672191619873
                ],
                [
                    -0.6371659636497498,
                    -0.7180408835411072,
                    0.2799827456474304,
                    1.1286931037902832
                ],
                [
                    0.0,
                    0.3632948696613312,
                    0.9316349625587463,
                    3.7556958198547363
                ],
                [
                    0.0,
                    0.0,
                    0.0,
                    1.0
                ]
            ]
        },
        {
            "file_path": "./train/r_19",
            "rotation": 0.06283185307179587,
            "transform_matrix": [
                [
                    -0.7550763487815857,
                    0.6407172679901123,
                    -0.13887538015842438,
                    -0.5598476529121399
                ],
                [
                    -0.6555713415145874,
                    -0.7379676699638367,
                    0.15995436906814575,
                    0.6448233127593994
                ],
                [
                    -7.450260408603526e-09,
                    0.21183741092681885,
                    0.977264404296875,
                    3.939641237258911
                ],
                [
                    0.0,
                    0.0,
                    0.0,
                    1.0
                ]
            ]
        },
        {
            "file_path": "./train/r_20",
            "rotation": 0.06283185307179587,
            "transform_matrix": [
                [
                    -0.708361029624939,
                    -0.4158298373222351,
                    0.5702968239784241,
                    2.299034833908081
                ],
                [
                    0.7057893872261047,
                    -0.41734495759010315,
                    0.5723747611045837,
                    2.3074116706848145
                ],
                [
                    1.4900522593563892e-08,
                    0.8080213665962219,
                    0.5891231894493103,
                    2.374929666519165
                ],
                [
                    0.0,
                    0.0,
                    0.0,
                    1.0
                ]
            ]
        },
        {
            "file_path": "./train/r_21",
            "rotation": 0.06283185307179587,
            "transform_matrix": [
                [
                    -0.5243260860443115,
                    -0.7360188961029053,
                    0.42815208435058594,
                    1.7260074615478516
                ],
                [
                    0.8514671921730042,
                    -0.45323407649993896,
                    0.26365235447883606,
                    1.0628604888916016
                ],
                [
                    0.0,
                    0.5028370022773743,
                    0.86434406042099,
                    3.484426259994507
                ],
                [
                    0.0,
                    0.0,
                    0.0,
                    1.0
                ]
            ]
        },
        {
            "file_path": "./train/r_22",
            "rotation": 0.06283185307179587,
            "transform_matrix": [
                [
                    0.8581668734550476,
                    -0.48780128359794617,
                    0.15978741645812988,
                    0.6441503167152405
                ],
                [
                    0.5132874250411987,
                    0.8155564665794373,
                    -0.26714909076690674,
                    -1.076956868171692
                ],
                [
                    0.0,
                    0.3112999200820923,
                    0.9502718448638916,
                    3.830826759338379
                ],
                [
                    0.0,
                    0.0,
                    0.0,
                    1.0
                ]
            ]
        },
        {
            "file_path": "./train/r_23",
            "rotation": 0.06283185307179587,
            "transform_matrix": [
                [
                    -0.4218471050262451,
                    -0.7034923434257507,
                    0.5719233751296997,
                    2.3055920600891113
                ],
                [
                    0.906619668006897,
                    -0.32733261585235596,
                    0.2661140263080597,
                    1.0727843046188354
                ],
                [
                    -1.4900521705385472e-08,
                    0.6308263540267944,
                    0.7758893966674805,
                    3.1278395652770996
                ],
                [
                    0.0,
                    0.0,
                    0.0,
                    1.0
                ]
            ]
        },
        {
            "file_path": "./train/r_24",
            "rotation": 0.06283185307179587,
            "transform_matrix": [
                [
                    -0.5581327676773071,
                    0.7780598402023315,
                    -0.2882206439971924,
                    -1.161902666091919
                ],
                [
                    -0.8296999335289001,
                    -0.5233948230743408,
                    0.19388380646705627,
                    0.7816029191017151
                ],
                [
                    0.0,
                    0.34737709164619446,
                    0.9376860857009888,
                    3.780089855194092
                ],
                [
                    0.0,
                    0.0,
                    0.0,
                    1.0
                ]
            ]
        },
        {
            "file_path": "./train/r_25",
            "rotation": 0.06283185307179587,
            "transform_matrix": [
                [
                    -0.5910258293151855,
                    0.6877599954605103,
                    -0.42145606875419617,
                    -1.6990139484405518
                ],
                [
                    -0.8065993785858154,
                    -0.5039477348327637,
                    0.3088167905807495,
                    1.244931697845459
                ],
                [
                    1.4900520817207052e-08,
                    0.5225062966346741,
                    0.8525986075401306,
                    3.4370768070220947
                ],
                [
                    0.0,
                    0.0,
                    0.0,
                    1.0
                ]
            ]
        },
        {
            "file_path": "./train/r_26",
            "rotation": 0.06283185307179587,
            "transform_matrix": [
                [
                    -0.9607886075973511,
                    0.04995618760585785,
                    -0.2725883722305298,
                    -1.0988842248916626
                ],
                [
                    -0.2771274149417877,
                    -0.17319589853286743,
                    0.9450518488883972,
                    3.8097829818725586
                ],
                [
                    3.725130870435578e-09,
                    0.983614444732666,
                    0.18025007843971252,
                    0.7266412973403931
                ],
                [
                    0.0,
                    0.0,
                    0.0,
                    1.0
                ]
            ]
        },
        {
            "file_path": "./train/r_27",
            "rotation": 0.06283185307179587,
            "transform_matrix": [
                [
                    -0.9968081712722778,
                    0.07455393671989441,
                    -0.027017327025532722,
                    -0.1089148223400116
                ],
                [
                    -0.07929566502571106,
                    -0.9372009038925171,
                    0.33962878584861755,
                    1.3691438436508179
                ],
                [
                    -1.862565213173184e-09,
                    0.3407139480113983,
                    0.9401275515556335,
                    3.7899317741394043
                ],
                [
                    0.0,
                    0.0,
                    0.0,
                    1.0
                ]
            ]
        },
        {
            "file_path": "./train/r_28",
            "rotation": 0.06283185307179587,
            "transform_matrix": [
                [
                    0.6094005703926086,
                    -0.4729722738265991,
                    0.6362865567207336,
                    2.565059185028076
                ],
                [
                    0.7928082942962646,
                    0.3635551333427429,
                    -0.48908841609954834,
                    -1.9716598987579346
                ],
                [
                    0.0,
                    0.8025676608085632,
                    0.5965310335159302,
                    2.4047927856445312
                ],
                [
                    0.0,
                    0.0,
                    0.0,
                    1.0
                ]
            ]
        },
        {
            "file_path": "./train/r_29",
            "rotation": 0.06283185307179587,
            "transform_matrix": [
                [
                    0.41607293486595154,
                    -0.41679510474205017,
                    0.8081426024436951,
                    3.257861852645874
                ],
                [
                    0.9092840552330017,
                    0.19071835279464722,
                    -0.36979231238365173,
                    -1.4907420873641968
                ],
                [
                    -1.4900522593563892e-08,
                    0.8887622356414795,
                    0.4583408832550049,
                    1.8477076292037964
                ],
                [
                    0.0,
                    0.0,
                    0.0,
                    1.0
                ]
            ]
        },
        {
            "file_path": "./train/r_30",
            "rotation": 0.06283185307179587,
            "transform_matrix": [
                [
                    0.9934873580932617,
                    0.0965115875005722,
                    -0.05986243858933449,
                    -0.24132317304611206
                ],
                [
                    -0.11356621235609055,
                    0.8442919850349426,
                    -0.5236819386482239,
                    -2.111116647720337
                ],
                [
                    0.0,
                    0.5271114110946655,
                    0.8497593998908997,
                    3.425631284713745
                ],
                [
                    0.0,
                    0.0,
                    0.0,
                    1.0
                ]
            ]
        },
        {
            "file_path": "./train/r_31",
            "rotation": 0.06283185307179587,
            "transform_matrix": [
                [
                    0.997035026550293,
                    -0.04950214549899101,
                    0.05817975848913193,
                    0.23453979194164276
                ],
                [
                    0.0763881504535675,
                    0.6461129784584045,
                    -0.7593750953674316,
                    -3.061265230178833
                ],
                [
                    -3.725129982257158e-09,
                    0.7616282105445862,
                    0.6479830145835876,
                    2.612210988998413
                ],
                [
                    0.0,
                    0.0,
                    0.0,
                    1.0
                ]
            ]
        },
        {
            "file_path": "./train/r_32",
            "rotation": 0.06283185307179587,
            "transform_matrix": [
                [
                    -0.9997069239616394,
                    0.009454778395593166,
                    -0.02026960998773575,
                    -0.08171278983354568
                ],
                [
                    -0.022366086021065712,
                    -0.42260441184043884,
                    0.9059997797012329,
                    3.652352809906006
                ],
                [
                    9.312825510754408e-10,
                    0.9062594771385193,
                    0.4226948022842407,
                    1.704007625579834
                ],
                [
                    0.0,
                    0.0,
                    0.0,
                    1.0
                ]
            ]
        },
        {
            "file_path": "./train/r_33",
            "rotation": 0.06283185307179587,
            "transform_matrix": [
                [
                    -0.4459271728992462,
                    -0.4829034209251404,
                    0.753582775592804,
                    3.037914752960205
                ],
                [
                    0.8950214385986328,
                    -0.24059730768203735,
                    0.37545809149742126,
                    1.513582468032837
                ],
                [
                    0.0,
                    0.8419662117958069,
                    0.5395013093948364,
                    2.174889087677002
                ],
                [
                    0.0,
                    0.0,
                    0.0,
                    1.0
                ]
            ]
        },
        {
            "file_path": "./train/r_34",
            "rotation": 0.06283185307179587,
            "transform_matrix": [
                [
                    -0.7243227958679199,
                    0.17575158178806305,
                    -0.6666226983070374,
                    -2.6873531341552734
                ],
                [
                    -0.6893988251686096,
                    -0.18465490639209747,
                    0.7003929018974304,
                    2.823490619659424
                ],
                [
                    7.450261740871156e-09,
                    0.9669559597969055,
                    0.25491440296173096,
                    1.0276352167129517
                ],
                [
                    0.0,
                    0.0,
                    0.0,
                    1.0
                ]
            ]
        },
        {
            "file_path": "./train/r_35",
            "rotation": 0.06283185307179587,
            "transform_matrix": [
                [
                    -0.4287792444229126,
                    0.2972482144832611,
                    -0.8530622720718384,
                    -3.4389455318450928
                ],
                [
                    -0.9033617973327637,
                    -0.14108839631080627,
                    0.40490466356277466,
                    1.6322901248931885
                ],
                [
                    7.4502595204251065e-09,
                    0.9443132877349854,
                    0.3290206491947174,
                    1.3263792991638184
                ],
                [
                    0.0,
                    0.0,
                    0.0,
                    1.0
                ]
            ]
        },
        {
            "file_path": "./train/r_36",
            "rotation": 0.06283185307179587,
            "transform_matrix": [
                [
                    -0.27068692445755005,
                    0.15739458799362183,
                    -0.9496707916259766,
                    -3.8284032344818115
                ],
                [
                    -0.9626228213310242,
                    -0.04425893723964691,
                    0.2670448422431946,
                    1.0765366554260254
                ],
                [
                    -3.725129982257158e-09,
                    0.9865384697914124,
                    0.16349302232265472,
                    0.659088671207428
                ],
                [
                    0.0,
                    0.0,
                    0.0,
                    1.0
                ]
            ]
        },
        {
            "file_path": "./train/r_37",
            "rotation": 0.06283185307179587,
            "transform_matrix": [
                [
                    -0.0025090822018682957,
                    0.5388476848602295,
                    -0.8423628211021423,
                    -3.3958137035369873
                ],
                [
                    -0.9999539852142334,
                    -0.0013520753709599376,
                    0.0021136547438800335,
                    0.008520768024027348
                ],
                [
                    0.0,
                    0.8423960208892822,
                    0.5388298034667969,
                    2.172182321548462
                ],
                [
                    0.0,
                    0.0,
                    0.0,
                    1.0
                ]
            ]
        },
        {
            "file_path": "./train/r_38",
            "rotation": 0.06283185307179587,
            "transform_matrix": [
                [
                    -0.8671103119850159,
                    -0.2967168092727661,
                    0.40000030398368835,
                    1.612519383430481
                ],
                [
                    0.49803006649017334,
                    -0.5166077613830566,
                    0.6964325904846191,
                    2.807525634765625
                ],
                [
                    0.0,
                    0.8031597137451172,
                    0.5957337617874146,
                    2.401578903198242
                ],
                [
                    0.0,
                    0.0,
                    0.0,
                    1.0
                ]
            ]
        },
        {
            "file_path": "./train/r_39",
            "rotation": 0.06283185307179587,
            "transform_matrix": [
                [
                    -0.9922270178794861,
                    0.07362169772386551,
                    -0.09990108013153076,
                    -0.4027307629585266
                ],
                [
                    -0.12409649044275284,
                    -0.5886502861976624,
                    0.7987698912620544,
                    3.2200775146484375
                ],
                [
                    -3.725130870435578e-09,
                    0.8050220608711243,
                    0.593214750289917,
                    2.3914239406585693
                ],
                [
                    0.0,
                    0.0,
                    0.0,
                    1.0
                ]
            ]
        },
        {
            "file_path": "./train/r_40",
            "rotation": 0.06283185307179587,
            "transform_matrix": [
                [
                    -0.7580959796905518,
                    -0.60661381483078,
                    0.23927468061447144,
                    0.9645869731903076
                ],
                [
                    0.6520771384239197,
                    -0.7052409052848816,
                    0.2781774699687958,
                    1.121415615081787
                ],
                [
                    0.0,
                    0.3669397234916687,
                    0.9302054047584534,
                    3.7499332427978516
                ],
                [
                    0.0,
                    0.0,
                    0.0,
                    1.0
                ]
            ]
        },
        {
            "file_path": "./train/r_41",
            "rotation": 0.06283185307179587,
            "transform_matrix": [
                [
                    -0.8874640464782715,
                    0.20330840349197388,
                    -0.4135107696056366,
                    -1.6669842004776
                ],
                [
                    -0.46078386902809143,
                    -0.3915694057941437,
                    0.7964165806770325,
                    3.2105908393859863
                ],
                [
                    1.4900521705385472e-08,
                    0.8974013328552246,
                    0.44118788838386536,
                    1.7785587310791016
                ],
                [
                    0.0,
                    0.0,
                    0.0,
                    1.0
                ]
            ]
        },
        {
            "file_path": "./train/r_42",
            "rotation": 0.06283185307179587,
            "transform_matrix": [
                [
                    0.6083019971847534,
                    0.7298540472984314,
                    -0.3118278980255127,
                    -1.2570704221725464
                ],
                [
                    -0.7936517000198364,
                    0.5594037175178528,
                    -0.2390035092830658,
                    -0.9634937047958374
                ],
                [
                    1.4900521705385472e-08,
                    0.3929002285003662,
                    0.9195424318313599,
                    3.706946849822998
                ],
                [
                    0.0,
                    0.0,
                    0.0,
                    1.0
                ]
            ]
        },
        {
            "file_path": "./train/r_43",
            "rotation": 0.06283185307179587,
            "transform_matrix": [
                [
                    0.9319456219673157,
                    -0.32098108530044556,
                    0.1684352159500122,
                    0.67901211977005
                ],
                [
                    0.36247947812080383,
                    0.8252520561218262,
                    -0.43305203318595886,
                    -1.7457606792449951
                ],
                [
                    0.0,
                    0.4646720290184021,
                    0.8854449987411499,
                    3.569490432739258
                ],
                [
                    0.0,
                    0.0,
                    0.0,
                    1.0
                ]
