{
    "camera_angle_x": 0.6911112070083618,
    "frames": [
        {
            "file_path": "./train/r_0",
            "rotation": 0.06283185307179587,
            "transform_matrix": [
                [
                    -0.9762036204338074,
                    0.08643390983343124,
                    -0.1986718624830246,
                    -0.8009049892425537
                ],
                [
                    -0.2166578769683838,
                    -0.38944852352142334,
                    0.895163357257843,
                    3.6086678504943848
                ],
                [
                    7.450260852692736e-09,
                    0.916978120803833,
                    0.3989103138446808,
                    1.6081253290176392
                ],
                [
                    0.0,
                    0.0,
                    0.0,
                    1.0
                ]
            ]
        },
        {
            "file_path": "./train/r_1",
            "rotation": 0.06283185307179587,
            "transform_matrix": [
                [
                    -0.9115866422653198,
                    -0.2403174191713333,
                    0.3334312438964844,
                    1.3441598415374756
                ],
                [
                    0.41100382804870605,
                    -0.5330123901367188,
                    0.739534318447113,
                    2.9812815189361572
                ],
                [
                    0.0,
                    0.8112553358078003,
                    0.5846621990203857,
                    2.3569459915161133
                ],
                [
                    0.0,
                    0.0,
                    0.0,
                    1.0
                ]
            ]
        },
        {
            "file_path": "./train/r_2",
            "rotation": 0.06283185307179587,
            "transform_matrix": [
                [
                    0.060637217015028,
                    -0.13604217767715454,
                    0.9888045191764832,
                    3.9861631393432617
                ],
                [
                    0.9981169104576111,
                    0.008264782838523388,
                    -0.06007147207856178,
                    -0.24216584861278534
                ],
                [
                    0.0,
                    0.9906635284423828,
                    0.13628804683685303,
                    0.5494173765182495
                ],
                [
                    0.0,
                    0.0,
                    0.0,
                    1.0
                ]
            ]
        },
        {
            "file_path": "./train/r_3",
            "rotation": 0.06283185307179587,
            "transform_matrix": [
                [
                    0.6646613478660583,
                    -0.7234593629837036,
                    0.18650935590267181,
                    0.7518743276596069
                ],
                [
                    0.7470873594284058,
                    0.6436402201652527,
                    -0.1659318059682846,
                    -0.6689201593399048
                ],
                [
                    0.0,
                    0.2496468722820282,
                    0.9682965874671936,
                    3.903489589691162
                ],
                [
                    0.0,
                    0.0,
                    0.0,
                    1.0
                ]
            ]
        },
        {
            "file_path": "./train/r_4",
            "rotation": 0.06283185307179587,
            "transform_matrix": [
                [
                    0.8411597013473511,
                    0.23932833969593048,
                    -0.48486241698265076,
                    -1.9546236991882324
                ],
                [
                    -0.5407074093818665,
                    0.3723147213459015,
                    -0.7542835474014282,
                    -3.0407400131225586
                ],
                [
                    0.0,
                    0.8967127203941345,
                    0.44258570671081543,
                    1.7841936349868774
                ],
                [
                    0.0,
                    0.0,
                    0.0,
                    1.0
                ]
            ]
        },
        {
            "file_path": "./train/r_5",
            "rotation": 0.06283185307179587,
            "transform_matrix": [
                [
                    0.14158755540847778,
                    0.17612262070178986,
                    -0.974091112613678,
                    -3.9268486499786377
                ],
                [
                    -0.9898824095726013,
                    0.025191647931933403,
                    -0.13932885229587555,
                    -0.5616756677627563
                ],
                [
                    -1.8625653241954865e-09,
                    0.9840406179428101,
                    0.17790870368480682,
                    0.7172024250030518
                ],
                [
                    0.0,
                    0.0,
                    0.0,
                    1.0
                ]
            ]
        },
        {
            "file_path": "./train/r_6",
            "rotation": 0.06283185307179587,
            "transform_matrix": [
                [
                    -0.6766051054000854,
                    -0.6121991276741028,
                    0.40909773111343384,
                    1.6491937637329102
                ],
                [
                    0.7362878918647766,
                    -0.5625748634338379,
                    0.3759366571903229,
                    1.5155117511749268
                ],
                [
                    1.4900521705385472e-08,
                    0.5556183457374573,
                    0.8314012885093689,
                    3.3516242504119873
                ],
                [
                    0.0,
                    0.0,
                    0.0,
                    1.0
                ]
            ]
        },
        {
            "file_path": "./train/r_7",
            "rotation": 0.06283185307179587,
            "transform_matrix": [
                [
                    0.987669050693512,
                    -0.15325000882148743,
                    0.030662238597869873,
                    0.1236085370182991
                ],
                [
                    0.15628165006637573,
                    0.9685096144676208,
                    -0.19377925992012024,
                    -0.7811813950538635
                ],
                [
                    0.0,
                    0.1961972415447235,
                    0.9805237054824829,
                    3.9527807235717773
                ],
                [
                    0.0,
                    0.0,
                    0.0,
                    1.0
                ]
            ]
        },
        {
            "file_path": "./train/r_8",
            "rotation": 0.06283185307179587,
            "transform_matrix": [
                [
                    0.1728464961051941,
                    0.9534619450569153,
                    -0.2470172494649887,
                    -0.9957994818687439
                ],
                [
                    -0.9849052429199219,
                    0.167328342795372,
                    -0.04335043579339981,
                    -0.1747584044933319
                ],
                [
                    -3.725130870435578e-09,
                    0.25080111622810364,
                    0.9679983258247375,
                    3.902287006378174
                ],
                [
                    0.0,
                    0.0,
                    0.0,
                    1.0
                ]
            ]
        },
        {
            "file_path": "./train/r_9",
            "rotation": 0.06283185307179587,
            "transform_matrix": [
                [
                    -0.999459981918335,
                    -0.02617688477039337,
                    0.017571933567523956,
                    0.07083766162395477
                ],
                [
                    0.031526967883110046,
                    -0.8298530578613281,
                    0.5570611357688904,
                    2.245677947998047
                ],
                [
                    -9.312827176088945e-10,
                    0.5573583841323853,
                    0.8302358388900757,
                    3.346925973892212
                ],
                [
                    0.0,
                    0.0,
                    0.0,
                    1.0
                ]
            ]
        },
        {
            "file_path": "./train/r_10",
            "rotation": 0.06283185307179587,
            "transform_matrix": [
                [
                    0.40956443548202515,
                    0.904730498790741,
                    -0.1170298159122467,
                    -0.47178176045417786
                ],
                [
                    -0.9122342467308044,
                    0.4061954915523529,
                    -0.05254269763827324,
                    -0.21181514859199524
                ],
                [
                    0.0,
                    0.12828807532787323,
                    0.9916958808898926,
                    3.997818946838379
                ],
                [
                    0.0,
                    0.0,
                    0.0,
                    1.0
                ]
            ]
        },
        {
            "file_path": "./train/r_11",
            "rotation": 0.06283185307179587,
            "transform_matrix": [
                [
                    -0.990168035030365,
                    0.036028794944286346,
                    -0.13484688103199005,
                    -0.5436076521873474
                ],
                [
                    -0.1395765244960785,
                    -0.25559142231941223,
                    0.9566156268119812,
                    3.85640025138855
                ],
                [
                    0.0,
                    0.9661082029342651,
                    0.258108913898468,
                    1.040513277053833
                ],
                [
                    0.0,
                    0.0,
                    0.0,
                    1.0
                ]
            ]
        },
        {
            "file_path": "./train/r_12",
            "rotation": 0.06283185307179587,
            "transform_matrix": [
                [
                    0.9999518394470215,
                    0.0026880460791289806,
                    -0.0018245551036670804,
                    -0.007355320733040571
                ],
                [
                    -0.003248697379603982,
                    0.8273828625679016,
                    -0.561599612236023,
                    -2.2639739513397217
                ],
                [
                    0.0,
                    0.5616229176521301,
                    0.8273571729660034,
                    3.3353211879730225
                ],
                [
                    0.0,
                    0.0,
                    0.0,
                    1.0
                ]
            ]
        },
        {
            "file_path": "./train/r_13",
            "rotation": 0.06283185307179587,
            "transform_matrix": [
                [
                    0.3359346389770508,
                    0.6888291239738464,
                    -0.6423501372337341,
                    -2.589503049850464
                ],
                [
                    -0.9418398141860962,
                    0.24569101631641388,
                    -0.22911293804645538,
                    -0.9236218929290771
                ],
                [
                    1.4900523481742312e-08,
                    0.6820119619369507,
                    0.7313076853752136,
                    2.948117256164551
                ],
                [
                    0.0,
                    0.0,
                    0.0,
                    1.0
                ]
            ]
        },
        {
            "file_path": "./train/r_14",
            "rotation": 0.06283185307179587,
            "transform_matrix": [
                [
                    -0.5399904251098633,
                    0.7513256669044495,
                    -0.37931182980537415,
                    -1.5291180610656738
                ],
                [
                    -0.8416200876235962,
                    -0.48205676674842834,
                    0.24336960911750793,
                    0.9810948371887207
                ],
                [
                    0.0,
                    0.4506894648075104,
                    0.8926427364349365,
                    3.5985066890716553
                ],
                [
                    0.0,
                    0.0,
                    0.0,
                    1.0
                ]
            ]
        },
        {
            "file_path": "./train/r_15",
            "rotation": 0.06283185307179587,
            "transform_matrix": [
                [
                    -0.17208027839660645,
                    0.22978819906711578,
                    -0.9578657746315002,
                    -3.8614399433135986
                ],
                [
                    -0.9850394129753113,
                    -0.040142565965652466,
                    0.1673332005739212,
                    0.6745696067810059
                ],
                [
                    3.725130648390973e-09,
                    0.9724072217941284,
                    0.23325972259044647,
                    0.9403389096260071
                ],
                [
                    0.0,
                    0.0,
                    0.0,
                    1.0
                ]
            ]
        },
        {
            "file_path": "./train/r_16",
            "rotation": 0.06283185307179587,
            "transform_matrix": [
                [
                    -0.9606865644454956,
                    0.07657307386398315,
                    -0.2667073607444763,
                    -1.0751762390136719
                ],
                [
                    -0.2774807810783386,
                    -0.26510921120643616,
                    0.9233870506286621,
                    3.7224462032318115
                ],
                [
                    0.0,
                    0.9611678123474121,
                    0.27593621611595154,
                    1.1123805046081543
                ],
                [
                    0.0,
                    0.0,
                    0.0,
                    1.0
                ]
            ]
        },
        {
            "file_path": "./train/r_17",
            "rotation": 0.06283185307179587,
            "transform_matrix": [
                [
                    0.45315226912498474,
                    0.523247480392456,
                    -0.7216658592224121,
                    -2.9092483520507812
                ],
                [
                    -0.8913850784301758,
                    0.2660026252269745,
                    -0.36687231063842773,
                    -1.4789707660675049
                ],
                [
                    -1.4900523481742312e-08,
                    0.8095951080322266,
                    0.586958646774292,
                    2.366203784942627
                ],
                [
                    0.0,
                    0.0,
                    0.0,
                    1.0
                ]
            ]
        },
        {
            "file_path": "./train/r_18",
            "rotation": 0.06283185307179587,
            "transform_matrix": [
                [
                    -0.9277730584144592,
                    0.20786795020103455,
                    -0.3097513020038605,
                    -1.2486989498138428
                ],
                [
                    -0.37303000688552856,
                    -0.516994059085846,
                    0.7703908681869507,
                    3.105673313140869
                ],
                [
                    1.4900521705385472e-08,
                    0.8303602337837219,
                    0.5571978092193604,
                    2.2462289333343506
                ],
                [
                    0.0,
                    0.0,
                    0.0,
                    1.0
                ]
            ]
        },
        {
            "file_path": "./train/r_19",
            "rotation": 0.06283185307179587,
            "transform_matrix": [
                [
                    0.6078285574913025,
                    -0.4871702790260315,
                    0.6270111203193665,
                    2.5276670455932617
                ],
                [
                    0.7940141558647156,
                    0.3729354441165924,
                    -0.4799855053424835,
                    -1.9349632263183594
                ],
                [
                    -1.4900521705385472e-08,
                    0.7896671295166016,
                    0.6135050058364868,
                    2.473219871520996
                ],
                [
                    0.0,
                    0.0,
                    0.0,
                    1.0
                ]
            ]
        },
        {
            "file_path": "./train/r_20",
            "rotation": 0.06283185307179587,
            "transform_matrix": [
                [
                    -0.33941343426704407,
                    -0.20596744120121002,
                    0.9177668690681458,
                    3.69978928565979
                ],
                [
                    0.9405917525291443,
                    -0.07432355731725693,
                    0.33117708563804626,
                    1.335072636604309
                ],
                [
                    0.0,
                    0.9757270812988281,
                    0.21895913779735565,
                    0.8826889991760254
                ],
                [
                    0.0,
                    0.0,
                    0.0,
                    1.0
                ]
            ]
        },
        {
            "file_path": "./train/r_21",
            "rotation": 0.06283185307179587,
            "transform_matrix": [
                [
                    -0.773944079875946,
                    0.30234208703041077,
                    -0.5563468337059021,
                    -2.2427985668182373
                ],
                [
                    -0.6331860423088074,
                    -0.3695531189441681,
                    0.6800234913825989,
                    2.74137544631958
                ],
                [
                    0.0,
                    0.87864089012146,
                    0.4774554371833801,
                    1.9247639179229736
                ],
                [
                    0.0,
                    0.0,
                    0.0,
                    1.0
                ]
            ]
        },
        {
            "file_path": "./train/r_22",
            "rotation": 0.06283185307179587,
            "transform_matrix": [
                [
                    0.8081781268119812,
                    -0.20992855727672577,
                    0.5501787066459656,
                    2.217933177947998
                ],
                [
                    0.5888652801513672,
                    0.2881128191947937,
                    -0.7550833225250244,
                    -3.043964147567749
                ],
                [
                    0.0,
                    0.9342970252037048,
                    0.35646846890449524,
                    1.4370298385620117
                ],
                [
                    0.0,
                    0.0,
                    0.0,
                    1.0
                ]
            ]
        },
        {
            "file_path": "./train/r_23",
            "rotation": 0.06283185307179587,
            "transform_matrix": [
                [
                    0.866368293762207,
                    -0.47326406836509705,
                    0.15924331545829773,
                    0.6419568061828613
                ],
                [
                    0.49931979179382324,
                    0.8211591243743896,
                    -0.27630260586738586,
                    -1.113857388496399
                ],
                [
                    1.4900521705385472e-08,
                    0.3189181983470917,
                    0.9477425217628479,
                    3.8206300735473633
                ],
                [
                    0.0,
                    0.0,
                    0.0,
                    1.0
                ]
            ]
        },
        {
            "file_path": "./train/r_24",
            "rotation": 0.06283185307179587,
            "transform_matrix": [
                [
                    0.43455711007118225,
                    0.5006715655326843,
                    -0.7486140727996826,
                    -3.0178844928741455
                ],
                [
                    -0.9005966186523438,
                    0.24158476293087006,
                    -0.3612223267555237,
                    -1.4561939239501953
                ],
                [
                    0.0,
                    0.8312368392944336,
                    0.5558892488479614,
                    2.2409536838531494
                ],
                [
                    0.0,
                    0.0,
                    0.0,
                    1.0
                ]
            ]
        },
        {
            "file_path": "./train/r_25",
            "rotation": 0.06283185307179587,
            "transform_matrix": [
                [
                    -0.3117334246635437,
                    0.5583009719848633,
                    -0.7688056230545044,
                    -3.0992825031280518
                ],
                [
                    -0.9501245617866516,
                    -0.18317711353302002,
                    0.25224316120147705,
                    1.016866683959961
                ],
                [
                    1.4900523481742312e-08,
                    0.80915766954422,
                    0.5875616669654846,
                    2.3686347007751465
                ],
                [
                    0.0,
                    0.0,
                    0.0,
                    1.0
                ]
            ]
        },
        {
            "file_path": "./train/r_26",
            "rotation": 0.06283185307179587,
            "transform_matrix": [
                [
                    0.9992735981941223,
                    -0.010999190621078014,
                    0.03529055789113045,
                    0.1422666609287262
                ],
                [
                    0.036964740604162216,
                    0.29734280705451965,
                    -0.9540150761604309,
                    -3.845916509628296
                ],
                [
                    0.0,
                    0.9547022581100464,
                    0.29753535985946655,
                    1.1994528770446777
                ],
                [
                    0.0,
                    0.0,
                    0.0,
                    1.0
                ]
            ]
        },
        {
            "file_path": "./train/r_27",
            "rotation": 0.06283185307179587,
            "transform_matrix": [
                [
                    0.779297947883606,
                    0.22511999309062958,
                    -0.5847519636154175,
                    -2.3573079109191895
                ],
                [
                    -0.6265851259231567,
                    0.27998673915863037,
                    -0.7272690534591675,
                    -2.9318363666534424
                ],
                [
                    -2.9801045187127784e-08,
                    0.9332301020622253,
                    0.35925227403640747,
                    1.4482520818710327
                ],
                [
                    0.0,
                    0.0,
                    0.0,
                    1.0
                ]
            ]
        },
        {
            "file_path": "./train/r_28",
            "rotation": 0.06283185307179587,
            "transform_matrix": [
                [
                    0.7392184138298035,
                    -0.4704611599445343,
                    0.48182374238967896,
                    1.9423738718032837
                ],
                [
                    0.6734020709991455,
                    0.5164426565170288,
                    -0.5289157629013062,
                    -2.132215738296509
                ],
                [
                    1.4900523481742312e-08,
                    0.7155020236968994,
                    0.6985780596733093,
                    2.8161745071411133
                ],
                [
                    0.0,
                    0.0,
                    0.0,
                    1.0
                ]
            ]
        },
        {
            "file_path": "./train/r_29",
            "rotation": 0.06283185307179587,
            "transform_matrix": [
                [
                    0.10190446674823761,
                    -0.19176256656646729,
                    0.9760956168174744,
                    3.934929609298706
                ],
                [
                    0.9947511553764343,
                    0.01964457519352436,
                    -0.09999335557222366,
                    -0.4031027555465698
                ],
                [
                    -1.862565435217789e-09,
                    0.9812395572662354,
                    0.1927591860294342,
                    0.7770692110061646
                ],
                [
                    0.0,
                    0.0,
                    0.0,
                    1.0
                ]
            ]
        },
        {
            "file_path": "./train/r_30",
            "rotation": 0.06283185307179587,
            "transform_matrix": [
                [
                    -0.9283291101455688,
                    -0.05284597724676132,
                    0.3678683042526245,
                    1.4829858541488647
                ],
                [
                    0.3716438114643097,
                    -0.13200396299362183,
                    0.9188982248306274,
                    3.704350233078003
                ],
                [
                    -3.725130204301763e-09,
                    0.9898344278335571,
                    0.14218394458293915,
                    0.5731855034828186
                ],
                [
                    0.0,
                    0.0,
                    0.0,
                    1.0
                ]
            ]
        },
        {
            "file_path": "./train/r_31",
            "rotation": 0.06283185307179587,
            "transform_matrix": [
                [
                    -0.005001320969313383,
                    -0.5315672755241394,
                    0.8469645977020264,
                    3.4143645763397217
                ],
                [
                    0.9999445080757141,
                    -0.0026586863677948713,
                    0.004236177075654268,
                    0.017077282071113586
                ],
                [
                    2.328206377688602e-10,
                    0.8470059037208557,
                    0.5315546989440918,
                    2.1428539752960205
                ],
                [
                    0.0,
                    0.0,
                    0.0,
                    1.0
                ]
            ]
        },
        {
            "file_path": "./train/r_32",
            "rotation": 0.06283185307179587,
            "transform_matrix": [
                [
                    0.4463534653186798,
                    0.639586329460144,
                    -0.6258149743080139,
                    -2.5228447914123535
                ],
                [
                    -0.8948086500167847,
                    0.31904205679893494,
                    -0.312172532081604,
                    -1.2584595680236816
                ],
                [
                    1.4900519929028633e-08,
                    0.6993793249130249,
                    0.7147177457809448,
                    2.8812382221221924
                ],
                [
                    0.0,
                    0.0,
                    0.0,
                    1.0
                ]
            ]
        },
        {
            "file_path": "./train/r_33",
            "rotation": 0.06283185307179587,
            "transform_matrix": [
                [
                    0.9767656326293945,
                    -0.13307340443134308,
                    0.1677376925945282,
                    0.6762002110481262
                ],
                [
                    0.21410983800888062,
                    0.6070786714553833,
                    -0.765216588973999,
                    -3.0848140716552734
                ],
                [
                    0.0,
                    0.7834136486053467,
                    0.621470034122467,
                    2.5053293704986572
                ],
                [
                    0.0,
                    0.0,
                    0.0,
                    1.0
                ]
            ]
        },
        {
            "file_path": "./train/r_34",
            "rotation": 0.06283185307179587,
            "transform_matrix": [
                [
                    -0.17009343206882477,
                    0.16768532991409302,
                    -0.9710144400596619,
                    -3.9144463539123535
                ],
                [
                    -0.985384464263916,
                    -0.02894522249698639,
                    0.1676129549741745,
                    0.675697386264801
                ],
                [
                    1.8625653241954865e-09,
                    0.9854104518890381,
                    0.1701590120792389,
                    0.6859612464904785
                ],
                [
                    0.0,
                    0.0,
                    0.0,
                    1.0
                ]
            ]
        },
        {
            "file_path": "./train/r_35",
            "rotation": 0.06283185307179587,
            "transform_matrix": [
                [
                    -0.9983984231948853,
                    -0.03362325206398964,
                    0.04454499110579491,
                    0.17957399785518646
                ],
                [
                    0.055809374898672104,
                    -0.6015011072158813,
                    0.7968848943710327,
                    3.212477922439575
                ],
                [
                    0.0,
                    0.7981577515602112,
                    0.6024183630943298,
                    2.428525924682617
                ],
                [
                    0.0,
                    0.0,
                    0.0,
                    1.0
                ]
            ]
        },
        {
            "file_path": "./train/r_36",
            "rotation": 0.06283185307179587,
            "transform_matrix": [
                [
                    -0.18061880767345428,
                    -0.16183315217494965,
                    0.9701062440872192,
                    3.9107847213745117
                ],
                [
                    0.9835094809532166,
                    -0.029720209538936615,
                    0.17815732955932617,
                    0.7182048559188843
                ],
                [
                    -1.8625651021508816e-09,
                    0.9863653779029846,
                    0.1645335704088211,
                    0.6632834076881409
                ],
                [
                    0.0,
                    0.0,
                    0.0,
                    1.0
                ]
            ]
        },
        {
            "file_path": "./train/r_37",
            "rotation": 0.06283185307179587,
            "transform_matrix": [
                [
                    -0.2797780930995941,
                    0.5707118511199951,
                    -0.771979808807373,
                    -3.1120786666870117
                ],
                [
                    -0.9600200057029724,
                    -0.166322261095047,
                    0.22497765719890594,
                    0.9069514274597168
                ],
                [
                    0.0,
                    0.80412358045578,
                    0.5944321155548096,
                    2.396331548690796
                ],
                [
                    0.0,
                    0.0,
                    0.0,
                    1.0
                ]
            ]
        },
        {
            "file_path": "./train/r_38",
            "rotation": 0.06283185307179587,
            "transform_matrix": [
                [
                    -0.4829791486263275,
                    0.7653366923332214,
                    -0.42538216710090637,
                    -1.7148412466049194
                ],
                [
                    -0.8755829334259033,
                    -0.4221664071083069,
                    0.23464453220367432,
                    0.9459214210510254
                ],
                [
                    -1.4900521705385472e-08,
                    0.4858243763446808,
                    0.8740190863609314,
                    3.5234291553497314
                ],
                [
                    0.0,
                    0.0,
                    0.0,
                    1.0
                ]
            ]
        },
        {
            "file_path": "./train/r_39",
            "rotation": 0.06283185307179587,
            "transform_matrix": [
                [
                    0.2302500307559967,
                    0.504885733127594,
                    -0.8318719267845154,
                    -3.3535215854644775
                ],
                [
                    -0.9730872511863708,
                    0.11946509033441544,
                    -0.1968359351158142,
                    -0.7935038208961487
                ],
                [
                    -7.450259964514316e-09,
                    0.8548732995986938,
                    0.5188081860542297,
                    2.0914692878723145
                ],
                [
                    0.0,
                    0.0,
                    0.0,
                    1.0
                ]
            ]
        },
        {
            "file_path": "./train/r_40",
            "rotation": 0.06283185307179587,
            "transform_matrix": [
                [
                    0.11384855955839157,
                    0.5737429857254028,
                    -0.8110479712486267,
                    -3.26957368850708
                ],
                [
                    -0.9934549927711487,
                    0.06575015187263489,
                    -0.09294496476650238,
                    -0.37468859553337097
                ],
                [
                    3.725130870435578e-09,
                    0.816385805606842,
                    0.5774771571159363,
                    2.3279809951782227
                ],
                [
                    0.0,
                    0.0,
                    0.0,
                    1.0
                ]
            ]
        },
        {
            "file_path": "./train/r_41",
            "rotation": 0.06283185307179587,
            "transform_matrix": [
                [
                    0.9497302770614624,
                    0.27078405022621155,
                    -0.15687035024166107,
                    -0.6323907375335693
                ],
                [
                    -0.3129323422908783,
                    0.8218127489089966,
                    -0.47609177231788635,
                    -1.919266700744629
                ],
                [
                    0.0,
                    0.5012881755828857,
                    0.8652430772781372,
                    3.488050699234009
                ],
                [
                    0.0,
                    0.0,
                    0.0,
                    1.0
                ]
            ]
        },
        {
            "file_path": "./train/r_42",
            "rotation": 0.06283185307179587,
            "transform_matrix": [
                [
                    0.9815043210983276,
                    -0.14149974286556244,
                    0.12861962616443634,
                    0.518503725528717
                ],
                [
                    0.19121617078781128,
                    0.726311981678009,
                    -0.660198986530304,
                    -2.6614573001861572
                ],
                [
                    7.450261740871156e-09,
                    0.6726354956626892,
                    0.7399402856826782,
                    2.9829180240631104
                ],
                [
                    0.0,
                    0.0,
                    0.0,
                    1.0
                ]
            ]
        },
        {
            "file_path": "./train/r_43",
            "rotation": 0.06283185307179587,
            "transform_matrix": [
                [
                    -0.9685652256011963,
                    -0.12530839443206787,
                    0.21469691395759583,
                    0.865506649017334
                ],
                [
                    0.2485872209072113,
                    -0.4882364571094513,
                    0.8365190625190735,
                    3.372255325317383
                ],
                [
                    0.0,
                    0.8636624813079834,
                    0.5040422677993774,
                    2.0319433212280273
                ],
                [
                    0.0,
                    0.0,
                    0.0,
