{
    "camera_angle_x": 0.6911112070083618,
    "frames": [
        {
            "file_path": "./train/r_0",
            "rotation": 0.06283185307179587,
            "transform_matrix": [
                [
                    0.969703197479248,
                    -0.23899395763874054,
                    0.049759913235902786,
                    0.2005968987941742
                ],
                [
                    0.24411024153232574,
                    0.9493792057037354,
                    -0.1976662129163742,
                    -0.796850860118866
                ],
                [
                    3.725130204301763e-09,
                    0.20384062826633453,
                    0.9789634943008423,
                    3.94649076461792
                ],
                [
                    0.0,
                    0.0,
                    0.0,
                    1.0
                ]
            ]
        },
        {
            "file_path": "./train/r_1",
            "rotation": 0.06283185307179587,
            "transform_matrix": [
                [
                    0.9028342366218567,
                    0.053382303565740585,
                    -0.4265628159046173,
                    -1.7196006774902344
                ],
                [
                    -0.4298892021179199,
                    0.11211114376783371,
                    -0.8958482146263123,
                    -3.61142897605896
                ],
                [
                    3.7251313145247877e-09,
                    0.9922555088996887,
                    0.12416708469390869,
                    0.5005542039871216
                ],
                [
                    0.0,
                    0.0,
                    0.0,
                    1.0
                ]
            ]
        },
        {
            "file_path": "./train/r_2",
            "rotation": 0.06283185307179587,
            "transform_matrix": [
                [
                    0.999627411365509,
                    -0.010426687076687813,
                    0.02346460148692131,
                    0.09459272772073746
                ],
                [
                    0.025676706805825233,
                    0.4059244394302368,
                    -0.9135072827339172,
                    -3.6826171875
                ],
                [
                    0.0,
                    0.9138415455818176,
                    0.40604367852211,
                    1.6368818283081055
                ],
                [
                    0.0,
                    0.0,
                    0.0,
                    1.0
                ]
            ]
        },
        {
            "file_path": "./train/r_3",
            "rotation": 0.06283185307179587,
            "transform_matrix": [
                [
                    0.7417314052581787,
                    -0.5674623250961304,
                    0.3574352562427521,
                    1.4409270286560059
                ],
                [
                    0.6706329584121704,
                    0.6276229023933411,
                    -0.39532941579818726,
                    -1.5936896800994873
                ],
                [
                    1.4900522593563892e-08,
                    0.5329782962799072,
                    0.8460922241210938,
                    3.4108476638793945
                ],
                [
                    0.0,
                    0.0,
                    0.0,
                    1.0
                ]
            ]
        },
        {
            "file_path": "./train/r_4",
            "rotation": 0.06283185307179587,
            "transform_matrix": [
                [
                    0.896661639213562,
                    0.21178749203681946,
                    -0.3886668384075165,
                    -1.5668308734893799
                ],
                [
                    -0.4426194429397583,
                    0.4290406107902527,
                    -0.78736412525177,
                    -3.1740975379943848
                ],
                [
                    -1.4900520817207052e-08,
                    0.8781004548072815,
                    0.47844865918159485,
                    1.9287679195404053
                ],
                [
                    0.0,
                    0.0,
                    0.0,
                    1.0
                ]
            ]
        },
        {
            "file_path": "./train/r_5",
            "rotation": 0.06283185307179587,
            "transform_matrix": [
                [
                    -0.14520758390426636,
                    -0.1806083619594574,
                    0.9727359414100647,
                    3.9213855266571045
                ],
                [
                    0.9893578290939331,
                    -0.026507804170250893,
                    0.142767995595932,
                    0.5755399465560913
                ],
                [
                    0.0,
                    0.9831926226615906,
                    0.18253664672374725,
                    0.7358590364456177
                ],
                [
                    0.0,
                    0.0,
                    0.0,
                    1.0
                ]
            ]
        },
        {
            "file_path": "./train/r_6",
            "rotation": 0.06283185307179587,
            "transform_matrix": [
                [
                    0.9760858416557312,
                    0.1338186264038086,
                    -0.1710694283246994,
                    -0.6896314024925232
                ],
                [
                    -0.21718820929527283,
                    0.6014066934585571,
                    -0.7688190937042236,
                    -3.099336624145508
                ],
                [
                    -7.450260852692736e-09,
                    0.787649929523468,
                    0.6160925626754761,
                    2.4836509227752686
                ],
                [
                    0.0,
                    0.0,
                    0.0,
                    1.0
                ]
            ]
        },
        {
            "file_path": "./train/r_7",
            "rotation": 0.06283185307179587,
            "transform_matrix": [
                [
                    0.9502716064453125,
                    0.09555789083242416,
                    -0.2962562143802643,
                    -1.1942963600158691
                ],
                [
                    -0.311284601688385,
                    0.2917136251926422,
                    -0.9043939113616943,
                    -3.645879030227661
                ],
                [
                    7.450260852692736e-09,
                    0.9517152309417725,
                    0.30695489048957825,
                    1.2374258041381836
                ],
                [
                    0.0,
                    0.0,
                    0.0,
                    1.0
                ]
            ]
        },
        {
            "file_path": "./train/r_8",
            "rotation": 0.06283185307179587,
            "transform_matrix": [
                [
                    -0.2399624139070511,
                    -0.867624044418335,
                    0.435451865196228,
                    1.7554351091384888
                ],
                [
                    0.9707379937171936,
                    -0.21447306871414185,
                    0.10764189809560776,
                    0.4339362680912018
                ],
                [
                    0.0,
                    0.44857513904571533,
                    0.8937070965766907,
                    3.602797031402588
                ],
                [
                    0.0,
                    0.0,
                    0.0,
                    1.0
                ]
            ]
        },
        {
            "file_path": "./train/r_9",
            "rotation": 0.06283185307179587,
            "transform_matrix": [
                [
                    0.5848165154457092,
                    0.31031861901283264,
                    -0.7494100332260132,
                    -3.0210928916931152
                ],
                [
                    -0.811112642288208,
                    0.2237413227558136,
                    -0.5403285622596741,
                    -2.1782236099243164
                ],
                [
                    -1.4900519929028633e-08,
                    0.9239221215248108,
                    0.3825535774230957,
                    1.5421862602233887
                ],
                [
                    0.0,
                    0.0,
                    0.0,
                    1.0
                ]
            ]
        },
        {
            "file_path": "./train/r_10",
            "rotation": 0.06283185307179587,
            "transform_matrix": [
                [
                    -0.6128096580505371,
                    -0.4619816839694977,
                    0.6410684585571289,
                    2.584336280822754
                ],
                [
                    0.7901761531829834,
                    -0.35828325152397156,
                    0.49717140197753906,
                    2.004244804382324
                ],
                [
                    0.0,
                    0.8112927079200745,
                    0.5846103429794312,
                    2.356736898422241
                ],
                [
                    0.0,
                    0.0,
                    0.0,
                    1.0
                ]
            ]
        },
        {
            "file_path": "./train/r_11",
            "rotation": 0.06283185307179587,
            "transform_matrix": [
                [
                    -0.9466370344161987,
                    -0.21623149514198303,
                    0.23883076012134552,
                    0.9627973437309265
                ],
                [
                    0.32216838002204895,
                    -0.635359525680542,
                    0.7017635703086853,
                    2.8290162086486816
                ],
                [
                    0.0,
                    0.7413177490234375,
                    0.6711223125457764,
                    2.7054922580718994
                ],
                [
                    0.0,
                    0.0,
                    0.0,
                    1.0
                ]
            ]
        },
        {
            "file_path": "./train/r_12",
            "rotation": 0.06283185307179587,
            "transform_matrix": [
                [
                    -0.8605185151100159,
                    0.48469221591949463,
                    -0.15656758844852448,
                    -0.6311701536178589
                ],
                [
                    -0.5093348026275635,
                    -0.8188849091529846,
                    0.2645201086997986,
                    1.0663586854934692
                ],
                [
                    0.0,
                    0.3073940873146057,
                    0.9515425562858582,
                    3.835948944091797
                ],
                [
                    0.0,
                    0.0,
                    0.0,
                    1.0
                ]
            ]
        },
        {
            "file_path": "./train/r_13",
            "rotation": 0.06283185307179587,
            "transform_matrix": [
                [
                    0.11369236558675766,
                    0.5916092395782471,
                    -0.7981324791908264,
                    -3.2175076007843018
                ],
                [
                    -0.9934728741645813,
                    0.06770335137844086,
                    -0.09133773297071457,
                    -0.3682093620300293
                ],
                [
                    -3.725130426346368e-09,
                    0.8033709526062012,
                    0.5954489707946777,
                    2.400430679321289
                ],
                [
                    0.0,
                    0.0,
                    0.0,
                    1.0
                ]
            ]
        },
        {
            "file_path": "./train/r_14",
            "rotation": 0.06283185307179587,
            "transform_matrix": [
                [
                    -0.9271015524864197,
                    -0.27911829948425293,
                    0.24999193847179413,
                    1.0077913999557495
                ],
                [
                    0.37469571828842163,
                    -0.6906163692474365,
                    0.6185495853424072,
                    2.493556261062622
                ],
                [
                    1.4900522593563892e-08,
                    0.6671820282936096,
                    0.7448608875274658,
                    3.0027542114257812
                ],
                [
                    0.0,
                    0.0,
                    0.0,
                    1.0
                ]
            ]
        },
        {
            "file_path": "./train/r_15",
            "rotation": 0.06283185307179587,
            "transform_matrix": [
                [
                    -0.3460804522037506,
                    -0.37730178236961365,
                    0.8589522242546082,
                    3.4626903533935547
                ],
                [
                    0.9381590485572815,
                    -0.13918404281139374,
                    0.3168615698814392,
                    1.2773627042770386
                ],
                [
                    7.450260852692736e-09,
                    0.9155659675598145,
                    0.40214064717292786,
                    1.621147871017456
                ],
                [
                    0.0,
                    0.0,
                    0.0,
                    1.0
                ]
            ]
        },
        {
            "file_path": "./train/r_16",
            "rotation": 0.06283185307179587,
            "transform_matrix": [
                [
                    -0.3057892620563507,
                    -0.40871697664260864,
                    0.8598677515983582,
                    3.466381072998047
                ],
                [
                    0.9520542025566101,
                    -0.13127535581588745,
                    0.2761799693107605,
                    1.1133630275726318
                ],
                [
                    -7.450261740871156e-09,
                    0.9031651020050049,
                    0.4292661249637604,
                    1.7304985523223877
                ],
                [
                    0.0,
                    0.0,
                    0.0,
                    1.0
                ]
            ]
        },
        {
            "file_path": "./train/r_17",
            "rotation": 0.06283185307179587,
            "transform_matrix": [
                [
                    -0.028166620060801506,
                    -0.3440800607204437,
                    0.9384782314300537,
                    3.783283233642578
                ],
                [
                    0.9995603561401367,
                    -0.009695833548903465,
                    0.026445385068655014,
                    0.10660916566848755
                ],
                [
                    0.0,
                    0.9388848543167114,
                    0.3442041277885437,
                    1.387588620185852
                ],
                [
                    0.0,
                    0.0,
                    0.0,
                    1.0
                ]
            ]
        },
        {
            "file_path": "./train/r_18",
            "rotation": 0.06283185307179587,
            "transform_matrix": [
                [
                    0.8703879714012146,
                    0.16811834275722504,
                    -0.46268558502197266,
                    -1.8652220964431763
                ],
                [
                    -0.4922792613506317,
                    0.2972463071346283,
                    -0.8180640935897827,
                    -3.2978577613830566
                ],
                [
                    1.4900521705385472e-08,
                    0.9398780465126038,
                    0.34148305654525757,
                    1.3766191005706787
                ],
                [
                    0.0,
                    0.0,
                    0.0,
                    1.0
                ]
            ]
        },
        {
            "file_path": "./train/r_19",
            "rotation": 0.06283185307179587,
            "transform_matrix": [
                [
                    -0.04037397354841232,
                    -0.986210286617279,
                    0.1604595184326172,
                    0.6468597650527954
                ],
                [
                    0.9991417527198792,
                    -0.03985143452882767,
                    0.006483953911811113,
                    0.026138734072446823
                ],
                [
                    4.656413310488716e-10,
                    0.16059614717960358,
                    0.9869792461395264,
                    3.9788050651550293
                ],
                [
                    0.0,
                    0.0,
                    0.0,
                    1.0
                ]
            ]
        },
        {
            "file_path": "./train/r_20",
            "rotation": 0.06283185307179587,
            "transform_matrix": [
                [
                    0.8013638854026794,
                    -0.4883630573749542,
                    0.34532612562179565,
                    1.3921115398406982
                ],
                [
                    0.5981054306030273,
                    0.6543269753456116,
                    -0.46268075704574585,
                    -1.8652026653289795
                ],
                [
                    -1.4900522593563892e-08,
                    0.5773627161979675,
                    0.8164519667625427,
                    3.2913589477539062
                ],
                [
                    0.0,
                    0.0,
                    0.0,
                    1.0
                ]
            ]
        },
        {
            "file_path": "./train/r_21",
            "rotation": 0.06283185307179587,
            "transform_matrix": [
                [
                    0.9963395595550537,
                    0.02951725944876671,
                    -0.07969101518392563,
                    -0.321258008480072
                ],
                [
                    -0.08498140424489975,
                    0.346066415309906,
                    -0.9343138337135315,
                    -3.7664947509765625
                ],
                [
                    0.0,
                    0.9377401471138,
                    0.3473103940486908,
                    1.4001106023788452
                ],
                [
                    0.0,
                    0.0,
                    0.0,
                    1.0
                ]
            ]
        },
        {
            "file_path": "./train/r_22",
            "rotation": 0.06283185307179587,
            "transform_matrix": [
                [
                    -0.9867485761642456,
                    0.11509039998054504,
                    -0.1140037402510643,
                    -0.45958274602890015
                ],
                [
                    -0.161992609500885,
                    -0.701052188873291,
                    0.6944330930709839,
                    2.7994649410247803
                ],
                [
                    7.450260852692736e-09,
                    0.7037543058395386,
                    0.7104106545448303,
                    2.863875150680542
                ],
                [
                    0.0,
                    0.0,
                    0.0,
                    1.0
                ]
            ]
        },
        {
            "file_path": "./train/r_23",
            "rotation": 0.06283185307179587,
            "transform_matrix": [
                [
                    -0.7407797574996948,
                    0.4639020562171936,
                    -0.4857690632343292,
                    -1.9582784175872803
                ],
                [
                    -0.671684205532074,
                    -0.5116232633590698,
                    0.5357396602630615,
                    2.159724712371826
                ],
                [
                    0.0,
                    0.7232056856155396,
                    0.6906003952026367,
                    2.7840139865875244
                ],
                [
                    0.0,
                    0.0,
                    0.0,
                    1.0
                ]
            ]
        },
        {
            "file_path": "./train/r_24",
            "rotation": 0.06283185307179587,
            "transform_matrix": [
                [
                    -0.7353981137275696,
                    -0.10977698117494583,
                    0.668621838092804,
                    2.6954121589660645
                ],
                [
                    0.6775718927383423,
                    -0.1191457062959671,
                    0.7256841659545898,
                    2.9254472255706787
                ],
                [
                    0.0,
                    0.9867843985557556,
                    0.16200239956378937,
                    0.6530795097351074
                ],
                [
                    0.0,
                    0.0,
                    0.0,
                    1.0
                ]
            ]
        },
        {
            "file_path": "./train/r_25",
            "rotation": 0.06283185307179587,
            "transform_matrix": [
                [
                    -0.6546869874000549,
                    0.6982564926147461,
                    -0.28943803906440735,
                    -1.1668102741241455
                ],
                [
                    -0.7558434009552002,
                    -0.6048070192337036,
                    0.25070181488990784,
                    1.010653018951416
                ],
                [
                    0.0,
                    0.38293126225471497,
                    0.9237378239631653,
                    3.723860025405884
                ],
                [
                    0.0,
                    0.0,
                    0.0,
                    1.0
                ]
            ]
        },
        {
            "file_path": "./train/r_26",
            "rotation": 0.06283185307179587,
            "transform_matrix": [
                [
                    -0.3787604570388794,
                    0.27180108428001404,
                    -0.8846394419670105,
                    -3.5662429332733154
                ],
                [
                    -0.9254483580589294,
                    -0.1112406775355339,
                    0.36205849051475525,
                    1.4595648050308228
                ],
                [
                    0.0,
                    0.955897331237793,
                    0.29367339611053467,
                    1.1838842630386353
                ],
                [
                    0.0,
                    0.0,
                    0.0,
                    1.0
                ]
            ]
        },
        {
            "file_path": "./train/r_27",
            "rotation": 0.06283185307179587,
            "transform_matrix": [
                [
                    0.9400050640106201,
                    -0.3410346210002899,
                    0.0029748466331511736,
                    0.011992484331130981
                ],
                [
                    0.3410346806049347,
                    0.9400048851966858,
                    -0.008199666626751423,
                    -0.033055275678634644
                ],
                [
                    -2.328206655244358e-10,
                    0.008718932047486305,
                    0.9999207258224487,
                    4.030975341796875
                ],
                [
                    0.0,
                    0.0,
                    0.0,
                    1.0
                ]
            ]
        },
        {
            "file_path": "./train/r_28",
            "rotation": 0.06283185307179587,
            "transform_matrix": [
                [
                    -0.03142087906599045,
                    -0.6072108745574951,
                    0.7938840389251709,
                    3.200380802154541
                ],
                [
                    0.9994634389877319,
                    -0.019089341163635254,
                    0.024957921355962753,
                    0.10061275213956833
                ],
                [
                    0.0,
                    0.7943048477172852,
                    0.6074889898300171,
                    2.448967456817627
                ],
                [
                    0.0,
                    0.0,
                    0.0,
                    1.0
                ]
            ]
        },
        {
            "file_path": "./train/r_29",
            "rotation": 0.06283185307179587,
            "transform_matrix": [
                [
                    0.02709130384027958,
                    -0.529167890548706,
                    0.8480479121208191,
                    3.418731451034546
                ],
                [
                    0.9995900392532349,
                    0.014341726899147034,
                    -0.02298414520919323,
                    -0.09265587478876114
                ],
                [
                    0.0,
                    0.8483900427818298,
                    0.5293430089950562,
                    2.1339378356933594
                ],
                [
                    0.0,
                    0.0,
                    0.0,
                    1.0
                ]
            ]
        },
        {
            "file_path": "./train/r_30",
            "rotation": 0.06283185307179587,
            "transform_matrix": [
                [
                    -0.4403049945831299,
                    -0.4297384023666382,
                    0.7882807850837708,
                    3.17779278755188
                ],
                [
                    0.8978005647659302,
                    -0.21075500547885895,
                    0.38659361004829407,
                    1.5584731101989746
                ],
                [
                    0.0,
                    0.8780075907707214,
                    0.4786189794540405,
                    1.9294544458389282
                ],
                [
                    0.0,
                    0.0,
                    0.0,
                    1.0
                ]
            ]
        },
        {
            "file_path": "./train/r_31",
            "rotation": 0.06283185307179587,
            "transform_matrix": [
                [
                    0.7633001208305359,
                    0.6018913388252258,
                    -0.234609454870224,
                    -0.9457799196243286
                ],
                [
                    -0.6459776163101196,
                    0.71120685338974,
                    -0.2772192358970642,
                    -1.117552638053894
                ],
                [
                    -1.4900520817207052e-08,
                    0.36318257451057434,
                    0.931678831577301,
                    3.7558724880218506
                ],
                [
                    0.0,
                    0.0,
                    0.0,
                    1.0
                ]
            ]
        },
        {
            "file_path": "./train/r_32",
            "rotation": 0.06283185307179587,
            "transform_matrix": [
                [
                    -0.07559814304113388,
                    -0.5614446997642517,
                    0.8240177035331726,
                    3.3218586444854736
                ],
                [
                    0.9970953464508057,
                    -0.042567815631628036,
                    0.062475670129060745,
                    0.2518578767776489
                ],
                [
                    -3.725130426346368e-09,
                    0.8264126777648926,
                    0.5630356669425964,
                    2.2697629928588867
                ],
                [
                    0.0,
                    0.0,
                    0.0,
                    1.0
                ]
            ]
        },
        {
            "file_path": "./train/r_33",
            "rotation": 0.06283185307179587,
            "transform_matrix": [
                [
                    -0.1616349220275879,
                    0.9245824217796326,
                    -0.3449651002883911,
                    -1.3906562328338623
                ],
                [
                    -0.9868070483207703,
                    -0.1514427810907364,
                    0.05650385469198227,
                    0.22778373956680298
                ],
                [
                    0.0,
                    0.3495747447013855,
                    0.9368691444396973,
                    3.776796340942383
                ],
                [
                    0.0,
                    0.0,
                    0.0,
                    1.0
                ]
            ]
        },
        {
            "file_path": "./train/r_34",
            "rotation": 0.06283185307179587,
            "transform_matrix": [
                [
                    0.11698973178863525,
                    -0.3684171140193939,
                    0.9222306609153748,
                    3.7177841663360596
                ],
                [
                    0.9930899143218994,
                    0.043400928378105164,
                    -0.10864224284887314,
                    -0.4379689693450928
                ],
                [
                    -3.725130648390973e-09,
                    0.9286414980888367,
                    0.37095126509666443,
                    1.495414137840271
                ],
                [
                    0.0,
                    0.0,
                    0.0,
                    1.0
                ]
            ]
        },
        {
            "file_path": "./train/r_35",
            "rotation": 0.06283185307179587,
            "transform_matrix": [
                [
                    0.6134839057922363,
                    -0.4438730776309967,
                    0.6531038284301758,
                    2.632854700088501
                ],
                [
                    0.7896528244018555,
                    0.3448464870452881,
                    -0.5073985457420349,
                    -2.045473575592041
                ],
                [
                    1.4900521705385472e-08,
                    0.8270717263221741,
                    0.5620670914649963,
                    2.2658586502075195
                ],
                [
                    0.0,
                    0.0,
                    0.0,
                    1.0
                ]
            ]
        },
        {
            "file_path": "./train/r_36",
            "rotation": 0.06283185307179587,
            "transform_matrix": [
                [
                    0.738767683506012,
                    -0.4246356785297394,
                    0.5232928991317749,
                    2.109548330307007
                ],
                [
                    0.6738963723182678,
                    0.46551236510276794,
                    -0.5736666321754456,
                    -2.312619686126709
                ],
                [
                    0.0,
                    0.7765130400657654,
                    0.630070149898529,
                    2.539999008178711
                ],
                [
                    0.0,
                    0.0,
                    0.0,
                    1.0
                ]
            ]
        },
        {
            "file_path": "./train/r_37",
            "rotation": 0.06283185307179587,
            "transform_matrix": [
                [
                    0.8292201161384583,
                    -0.2464981973171234,
                    0.5015498399734497,
                    2.021895408630371
                ],
                [
                    0.5588453412055969,
                    0.36575642228126526,
                    -0.7442045211791992,
                    -3.000108003616333
                ],
                [
                    1.4900519929028633e-08,
                    0.8974692225456238,
                    0.44104987382888794,
                    1.778002142906189
                ],
                [
                    0.0,
                    0.0,
                    0.0,
                    1.0
                ]
            ]
        },
        {
            "file_path": "./train/r_38",
            "rotation": 0.06283185307179587,
            "transform_matrix": [
                [
                    0.8568306565284729,
                    -0.3071097433567047,
                    0.41406115889549255,
                    1.6692029237747192
                ],
                [
                    0.515514612197876,
                    0.5104434490203857,
                    -0.6882060766220093,
                    -2.774362087249756
                ],
                [
                    0.0,
                    0.8031943440437317,
                    0.5956870317459106,
                    2.401390552520752
                ],
                [
                    0.0,
                    0.0,
                    0.0,
                    1.0
                ]
            ]
        },
        {
            "file_path": "./train/r_39",
            "rotation": 0.06283185307179587,
            "transform_matrix": [
                [
                    0.7558164596557617,
                    -0.41755425930023193,
                    0.5042996406555176,
                    2.0329806804656982
                ],
                [
                    0.6547179222106934,
                    0.48203104734420776,
                    -0.5821712613105774,
                    -2.3469042778015137
                ],
                [
                    0.0,
                    0.7702496647834778,
                    0.6377114653587341,
                    2.57080340385437
                ],
                [
                    0.0,
                    0.0,
                    0.0,
                    1.0
                ]
            ]
        },
        {
            "file_path": "./train/r_40",
            "rotation": 0.06283185307179587,
            "transform_matrix": [
                [
                    -0.9844702482223511,
                    0.09078305959701538,
                    -0.14997267723083496,
                    -0.6045842170715332
                ],
                [
                    -0.17530739307403564,
                    -0.5098086595535278,
                    0.8421986103057861,
                    3.3951516151428223
                ],
                [
                    0.0,
                    0.8554784655570984,
                    0.5178098082542419,
                    2.087444305419922
                ],
                [
                    0.0,
                    0.0,
                    0.0,
                    1.0
                ]
            ]
        },
        {
            "file_path": "./train/r_41",
            "rotation": 0.06283185307179587,
            "transform_matrix": [
                [
                    0.9740279912948608,
                    0.03889167681336403,
                    -0.22287064790725708,
                    -0.8984573483467102
                ],
                [
                    -0.2262379378080368,
                    0.16744132339954376,
                    -0.9595307111740112,
                    -3.8681514263153076
                ],
                [
                    0.0,
                    0.9851095080375671,
                    0.171892449259758,
                    0.6929491758346558
                ],
                [
                    0.0,
                    0.0,
                    0.0,
                    1.0
                ]
            ]
        },
        {
            "file_path": "./train/r_42",
            "rotation": 0.06283185307179587,
            "transform_matrix": [
                [
                    0.09168589115142822,
                    -0.2703491449356079,
                    0.9583463668823242,
                    3.863377094268799
                ],
                [
                    0.9957448244094849,
                    0.024893129244446754,
                    -0.08824232965707779,
                    -0.35573089122772217
                ],
                [
                    -1.8625651021508816e-09,
                    0.962435245513916,
                    0.271482914686203,
                    1.0944278240203857
                ],
                [
                    0.0,
                    0.0,
                    0.0,
                    1.0
                ]
            ]
        },
        {
            "file_path": "./train/r_43",
            "rotation": 0.06283185307179587,
            "transform_matrix": [
                [
                    -0.9413891434669495,
                    0.0562637634575367,
                    -0.33246904611587524,
                    -1.3402810096740723
                ],
                [
                    -0.33719533681869507,
                    -0.15707837045192719,
                    0.9281942248344421,
                    3.7418251037597656
                ],
                [
                    3.725130648390973e-09,
                    0.985977053642273,
                    0.16684484481811523,
                    0.6726008653640747
                ],
                [
                    0.0,
                    0.0,
                    0.0,
                    1.0
                ]
            ]
        },
