{
    "camera_angle_x": 0.6911112070083618,
    "frames": [
        {
            "file_path": "./train/r_0",
            "rotation": 0.06283185307179587,
            "transform_matrix": [
                [
                    0.69869065284729,
                    0.47249704599380493,
                    -0.5371311902999878,
                    -2.165334463119507
                ],
                [
                    -0.7153638601303101,
                    0.4614844024181366,
                    -0.5246121287345886,
                    -2.114866256713867
                ],
                [
                    0.0,
                    0.7508453726768494,
                    0.6604465246200562,
                    2.662454843521118
                ],
                [
                    0.0,
                    0.0,
                    0.0,
                    1.0
                ]
            ]
        },
        {
            "file_path": "./train/r_1",
            "rotation": 0.06283185307179587,
            "transform_matrix": [
                [
                    -0.7387538552284241,
                    0.17600353062152863,
                    -0.6505253314971924,
                    -2.622459888458252
                ],
                [
                    -0.6739115118980408,
                    -0.1929382085800171,
                    0.7131175994873047,
                    2.8747875690460205
                ],
                [
                    1.4900520817207052e-08,
                    0.9652913808822632,
                    0.2611464262008667,
                    1.0527584552764893
                ],
                [
                    0.0,
                    0.0,
                    0.0,
                    1.0
                ]
            ]
        },
        {
            "file_path": "./train/r_2",
            "rotation": 0.06283185307179587,
            "transform_matrix": [
                [
                    0.028860557824373245,
                    -0.7914794683456421,
                    0.6104835867881775,
                    2.4610395431518555
                ],
                [
                    0.9995405673980713,
                    0.02285303734242916,
                    -0.017626993358135223,
                    -0.07105961441993713
                ],
                [
                    -9.312827176088945e-10,
                    0.6107600927352905,
                    0.7917806506156921,
                    3.191901683807373
                ],
                [
                    0.0,
                    0.0,
                    0.0,
                    1.0
                ]
            ]
        },
        {
            "file_path": "./train/r_3",
            "rotation": 0.06283185307179587,
            "transform_matrix": [
                [
                    -0.7211406230926514,
                    -0.45830467343330383,
                    0.5194653272628784,
                    2.0941178798675537
                ],
                [
                    0.6927268505096436,
                    -0.47710302472114563,
                    0.5407723188400269,
                    2.1800127029418945
                ],
                [
                    -1.4900519929028633e-08,
                    0.749879777431488,
                    0.6615426540374756,
                    2.6668736934661865
                ],
                [
                    0.0,
                    0.0,
                    0.0,
                    1.0
                ]
            ]
        },
        {
            "file_path": "./train/r_4",
            "rotation": 0.06283185307179587,
            "transform_matrix": [
                [
                    -0.1717977374792099,
                    0.4100610017776489,
                    -0.8956924676895142,
                    -3.6108009815216064
                ],
                [
                    -0.9850886464118958,
                    -0.07151392102241516,
                    0.15620718896389008,
                    0.6297173500061035
                ],
                [
                    0.0,
                    0.9092445969581604,
                    0.41623514890670776,
                    1.677966833114624
                ],
                [
                    0.0,
                    0.0,
                    0.0,
                    1.0
                ]
            ]
        },
        {
            "file_path": "./train/r_5",
            "rotation": 0.06283185307179587,
            "transform_matrix": [
                [
                    0.9428074955940247,
                    -0.1403796225786209,
                    0.30219781398773193,
                    1.218248724937439
                ],
                [
                    0.3332088887691498,
                    0.39720118045806885,
                    -0.8550622463226318,
                    -3.4470086097717285
                ],
                [
                    -1.4900522593563892e-08,
                    0.9069259166717529,
                    0.42126283049583435,
                    1.6982349157333374
                ],
                [
                    0.0,
                    0.0,
                    0.0,
                    1.0
                ]
            ]
        },
        {
            "file_path": "./train/r_6",
            "rotation": 0.06283185307179587,
            "transform_matrix": [
                [
                    -0.12494537234306335,
                    0.973084032535553,
                    -0.19360247254371643,
                    -0.7804687023162842
                ],
                [
                    -0.9921204447746277,
                    -0.12254798412322998,
                    0.0243818536400795,
                    0.09829045087099075
                ],
                [
                    1.8625653241954865e-09,
                    0.19513893127441406,
                    0.9807350039482117,
                    3.953632354736328
                ],
                [
                    0.0,
                    0.0,
                    0.0,
                    1.0
                ]
            ]
        },
        {
            "file_path": "./train/r_7",
            "rotation": 0.06283185307179587,
            "transform_matrix": [
                [
                    -0.9247925877571106,
                    -0.35706448554992676,
                    0.1311008483171463,
                    0.5285061597824097
                ],
                [
                    0.3803587257862091,
                    -0.8681557178497314,
                    0.31875455379486084,
                    1.2849936485290527
                ],
                [
                    7.450260408603526e-09,
                    0.344674289226532,
                    0.9386828541755676,
                    3.7841076850891113
                ],
                [
                    0.0,
                    0.0,
                    0.0,
                    1.0
                ]
            ]
        },
        {
            "file_path": "./train/r_8",
            "rotation": 0.06283185307179587,
            "transform_matrix": [
                [
                    0.45830726623535156,
                    -0.31647053360939026,
                    0.830496609210968,
                    3.34797739982605
                ],
                [
                    0.8887454271316528,
                    0.16319718956947327,
                    -0.4282695949077606,
                    -1.726481318473816
                ],
                [
                    0.0,
                    0.9344533681869507,
                    0.35605859756469727,
                    1.4353774785995483
                ],
                [
                    0.0,
                    0.0,
                    0.0,
                    1.0
                ]
            ]
        },
        {
            "file_path": "./train/r_9",
            "rotation": 0.06283185307179587,
            "transform_matrix": [
                [
                    0.9776914715766907,
                    0.0990438386797905,
                    -0.18499934673309326,
                    -0.7457869648933411
                ],
                [
                    -0.20984181761741638,
                    0.46146342158317566,
                    -0.8619459271430969,
                    -3.4747583866119385
                ],
                [
                    0.0,
                    0.8816074728965759,
                    0.47195547819137573,
                    1.9025918245315552
                ],
                [
                    0.0,
                    0.0,
                    0.0,
                    1.0
                ]
            ]
        },
        {
            "file_path": "./train/r_10",
            "rotation": 0.06283185307179587,
            "transform_matrix": [
                [
                    0.795613169670105,
                    0.2084294855594635,
                    -0.5687487721443176,
                    -2.2927944660186768
                ],
                [
                    -0.6057339906692505,
                    0.27376580238342285,
                    -0.7470342516899109,
                    -3.0115158557891846
                ],
                [
                    1.4900520817207052e-08,
                    0.9389351606369019,
                    0.3440667986869812,
                    1.3870350122451782
                ],
                [
                    0.0,
                    0.0,
                    0.0,
                    1.0
                ]
            ]
        },
        {
            "file_path": "./train/r_11",
            "rotation": 0.06283185307179587,
            "transform_matrix": [
                [
                    0.8483179807662964,
                    0.07650098949670792,
                    -0.5238507390022278,
                    -2.1117970943450928
                ],
                [
                    -0.529405951499939,
                    0.12258488684892654,
                    -0.8394164443016052,
                    -3.3839354515075684
                ],
                [
                    0.0,
                    0.9895002245903015,
                    0.1444920003414154,
                    0.5824899077415466
                ],
                [
                    0.0,
                    0.0,
                    0.0,
                    1.0
                ]
            ]
        },
        {
            "file_path": "./train/r_12",
            "rotation": 0.06283185307179587,
            "transform_matrix": [
                [
                    -0.8552377820014954,
                    0.20362608134746552,
                    -0.47646915912628174,
                    -1.9207879304885864
                ],
                [
                    -0.5181530117988586,
                    -0.3360951542854309,
                    0.7864363789558411,
                    3.1703574657440186
                ],
                [
                    -1.4900522593563892e-08,
                    0.9195468425750732,
                    0.3929533064365387,
                    1.584110975265503
                ],
                [
                    0.0,
                    0.0,
                    0.0,
                    1.0
                ]
            ]
        },
        {
            "file_path": "./train/r_13",
            "rotation": 0.06283185307179587,
            "transform_matrix": [
                [
                    -0.4771764576435089,
                    -0.32169896364212036,
                    0.8177631497383118,
                    3.296644926071167
                ],
                [
                    0.8787586688995361,
                    -0.17468637228012085,
                    0.4440551698207855,
                    1.7901175022125244
                ],
                [
                    0.0,
                    0.9305828213691711,
                    0.3660544157028198,
                    1.4756734371185303
                ],
                [
                    0.0,
                    0.0,
                    0.0,
                    1.0
                ]
            ]
        },
        {
            "file_path": "./train/r_14",
            "rotation": 0.06283185307179587,
            "transform_matrix": [
                [
                    -0.992692232131958,
                    -0.10140456259250641,
                    0.06476256251335144,
                    0.26107704639434814
                ],
                [
                    0.12031742185354233,
                    -0.8366495966911316,
                    0.5343307256698608,
                    2.1540451049804688
                ],
                [
                    0.0,
                    0.538260817527771,
                    0.842741847038269,
                    3.39734148979187
                ],
                [
                    0.0,
                    0.0,
                    0.0,
                    1.0
                ]
            ]
        },
        {
            "file_path": "./train/r_15",
            "rotation": 0.06283185307179587,
            "transform_matrix": [
                [
                    -0.22112402319908142,
                    0.36187565326690674,
                    -0.905580997467041,
                    -3.6506645679473877
                ],
                [
                    -0.9752017259597778,
                    -0.08205420523881912,
                    0.2053377628326416,
                    0.8277772068977356
                ],
                [
                    7.450260408603526e-09,
                    0.9286027550697327,
                    0.37104836106300354,
                    1.4958055019378662
                ],
                [
                    0.0,
                    0.0,
                    0.0,
                    1.0
                ]
            ]
        },
        {
            "file_path": "./train/r_16",
            "rotation": 0.06283185307179587,
            "transform_matrix": [
                [
                    -0.6894785761833191,
                    0.3708054721355438,
                    -0.6221321821212769,
                    -2.5079987049102783
                ],
                [
                    -0.7242469191551208,
                    -0.3530045449733734,
                    0.5922660231590271,
                    2.387599229812622
                ],
                [
                    -1.4900522593563892e-08,
                    0.859000027179718,
                    0.5119470953941345,
                    2.063810110092163
                ],
                [
                    0.0,
                    0.0,
                    0.0,
                    1.0
                ]
            ]
        },
        {
            "file_path": "./train/r_17",
            "rotation": 0.06283185307179587,
            "transform_matrix": [
                [
                    -0.15077461302280426,
                    0.643094003200531,
                    -0.7507624626159668,
                    -3.026545286178589
                ],
                [
                    -0.9885247349739075,
                    -0.09808782488107681,
                    0.1145099401473999,
                    0.4616234004497528
                ],
                [
                    0.0,
                    0.7594725489616394,
                    0.6505078673362732,
                    2.622389554977417
                ],
                [
                    0.0,
                    0.0,
                    0.0,
                    1.0
                ]
            ]
        },
        {
            "file_path": "./train/r_18",
            "rotation": 0.06283185307179587,
            "transform_matrix": [
                [
                    0.6809678673744202,
                    -0.4239046573638916,
                    0.5970901250839233,
                    2.4070465564727783
                ],
                [
                    0.732254683971405,
                    0.39421454071998596,
                    -0.5552701354026794,
                    -2.238457679748535
                ],
                [
                    0.0,
                    0.8154076933860779,
                    0.5788574814796448,
                    2.333545446395874
                ],
                [
                    0.0,
                    0.0,
                    0.0,
                    1.0
                ]
            ]
        },
        {
            "file_path": "./train/r_19",
            "rotation": 0.06283185307179587,
            "transform_matrix": [
                [
                    -0.9958085417747498,
                    0.03302737697958946,
                    -0.08478596061468124,
                    -0.34179726243019104
                ],
                [
                    -0.09099098294973373,
                    -0.36145278811454773,
                    0.927900493144989,
                    3.7406411170959473
                ],
                [
                    -1.8625651021508816e-09,
                    0.9317998886108398,
                    0.3629453778266907,
                    1.4631400108337402
                ],
                [
                    0.0,
                    0.0,
                    0.0,
                    1.0
                ]
            ]
        },
        {
            "file_path": "./train/r_20",
            "rotation": 0.06283185307179587,
            "transform_matrix": [
                [
                    0.6483389735221863,
                    -0.7259852290153503,
                    0.22925148904323578,
                    0.9241803884506226
                ],
                [
                    0.7612954378128052,
                    0.618267834186554,
                    -0.19523651897907257,
                    -0.7870559692382812
                ],
                [
                    0.0,
                    0.30113154649734497,
                    0.9535428285598755,
                    3.844012498855591
                ],
                [
                    0.0,
                    0.0,
                    0.0,
                    1.0
                ]
            ]
        },
        {
            "file_path": "./train/r_21",
            "rotation": 0.06283185307179587,
            "transform_matrix": [
                [
                    0.9772679805755615,
                    0.2114115208387375,
                    -0.013033850118517876,
                    -0.05254329368472099
                ],
                [
                    -0.21180494129657745,
                    0.9754528403282166,
                    -0.06013818830251694,
                    -0.2424347847700119
                ],
                [
                    0.0,
                    0.06153674051165581,
                    0.9980636239051819,
                    4.023488998413086
                ],
                [
                    0.0,
                    0.0,
                    0.0,
                    1.0
                ]
            ]
        },
        {
            "file_path": "./train/r_22",
            "rotation": 0.06283185307179587,
            "transform_matrix": [
                [
                    -0.5176734924316406,
                    0.49217596650123596,
                    -0.6997935771942139,
                    -2.8210747241973877
                ],
                [
                    -0.8555281162261963,
                    -0.297811895608902,
                    0.42343971133232117,
                    1.7070106267929077
                ],
                [
                    0.0,
                    0.8179613351821899,
                    0.5752434730529785,
                    2.318976402282715
                ],
                [
                    0.0,
                    0.0,
                    0.0,
                    1.0
                ]
            ]
        },
        {
            "file_path": "./train/r_23",
            "rotation": 0.06283185307179587,
            "transform_matrix": [
                [
                    0.023713674396276474,
                    -0.6656941771507263,
                    0.7458139657974243,
                    3.006596565246582
                ],
                [
                    0.9996758699417114,
                    0.01579117402434349,
                    -0.017691724002361298,
                    -0.0713205635547638
                ],
                [
                    0.0,
                    0.7460508346557617,
                    0.6658573150634766,
                    2.684267520904541
                ],
                [
                    0.0,
                    0.0,
                    0.0,
                    1.0
                ]
            ]
        },
        {
            "file_path": "./train/r_24",
            "rotation": 0.06283185307179587,
            "transform_matrix": [
                [
                    -0.8440567851066589,
                    -0.2381800264120102,
                    0.48037242889404297,
                    1.9365228414535522
                ],
                [
                    0.5361738204956055,
                    -0.3749483525753021,
                    0.7562130689620972,
                    3.0485177040100098
                ],
                [
                    0.0,
                    0.8959205746650696,
                    0.44418662786483765,
                    1.790647268295288
                ],
                [
                    0.0,
                    0.0,
                    0.0,
                    1.0
                ]
            ]
        },
        {
            "file_path": "./train/r_25",
            "rotation": 0.06283185307179587,
            "transform_matrix": [
                [
                    -0.8087756037712097,
                    0.39865657687187195,
                    -0.43229833245277405,
                    -1.7427222728729248
                ],
                [
                    -0.5880444645881653,
                    -0.548298180103302,
                    0.5945678353309631,
                    2.396878719329834
                ],
                [
                    0.0,
                    0.735140860080719,
                    0.6778823733329773,
                    2.7327442169189453
                ],
                [
                    0.0,
                    0.0,
                    0.0,
                    1.0
                ]
            ]
        },
        {
            "file_path": "./train/r_26",
            "rotation": 0.06283185307179587,
            "transform_matrix": [
                [
                    -0.17708368599414825,
                    0.24484722316265106,
                    -0.953211784362793,
                    -3.8426785469055176
                ],
                [
                    -0.9841522574424744,
                    -0.04405664652585983,
                    0.17151641845703125,
                    0.691433310508728
                ],
                [
                    0.0,
                    0.9685550332069397,
                    0.24877028167247772,
                    1.002866506576538
                ],
                [
                    0.0,
                    0.0,
                    0.0,
                    1.0
                ]
            ]
        },
        {
            "file_path": "./train/r_27",
            "rotation": 0.06283185307179587,
            "transform_matrix": [
                [
                    -0.3895115554332733,
                    -0.14360317587852478,
                    0.9097127318382263,
                    3.667320728302002
                ],
                [
                    0.9209750294685364,
                    -0.06073465198278427,
                    0.38474833965301514,
                    1.5510342121124268
                ],
                [
                    0.0,
                    0.987764835357666,
                    0.15591281652450562,
                    0.6285306215286255
                ],
                [
                    0.0,
                    0.0,
                    0.0,
                    1.0
                ]
            ]
        },
        {
            "file_path": "./train/r_28",
            "rotation": 0.06283185307179587,
            "transform_matrix": [
                [
                    0.7056735157966614,
                    -0.4818406403064728,
                    0.5194104313850403,
                    2.0938968658447266
                ],
                [
                    0.7084766626358032,
                    0.4799341857433319,
                    -0.5173553228378296,
                    -2.0856122970581055
                ],
                [
                    1.4900521705385472e-08,
                    0.7331321239471436,
                    0.6800541877746582,
                    2.741499185562134
                ],
                [
                    0.0,
                    0.0,
                    0.0,
                    1.0
                ]
            ]
        },
        {
            "file_path": "./train/r_29",
            "rotation": 0.06283185307179587,
            "transform_matrix": [
                [
                    -0.9497581720352173,
                    0.15612876415252686,
                    -0.27110791206359863,
                    -1.0929161310195923
                ],
                [
                    -0.3128475546836853,
                    -0.47398343682289124,
                    0.8230428695678711,
                    3.3179287910461426
                ],
                [
                    -1.4900521705385472e-08,
                    0.8665755987167358,
                    0.4990174472332001,
                    2.0116868019104004
                ],
                [
                    0.0,
                    0.0,
                    0.0,
                    1.0
                ]
            ]
        },
        {
            "file_path": "./train/r_30",
            "rotation": 0.06283185307179587,
            "transform_matrix": [
                [
                    -0.9957826733589172,
                    -0.06778538227081299,
                    0.061126578599214554,
                    0.246419295668602
                ],
                [
                    0.09127406775951385,
                    -0.7395256161689758,
                    0.6668792963027954,
                    2.688387393951416
                ],
                [
                    0.0,
                    0.6696992516517639,
                    0.7425987124443054,
                    2.9936349391937256
                ],
                [
                    0.0,
                    0.0,
                    0.0,
                    1.0
                ]
            ]
        },
        {
            "file_path": "./train/r_31",
            "rotation": 0.06283185307179587,
            "transform_matrix": [
                [
                    -0.21976566314697266,
                    0.9203230738639832,
                    -0.32355403900146484,
                    -1.3043419122695923
                ],
                [
                    -0.9755087494850159,
                    -0.2073332518339157,
                    0.07289126515388489,
                    0.2938462197780609
                ],
                [
                    0.0,
                    0.3316750228404999,
                    0.9433541297912598,
                    3.8029391765594482
                ],
                [
                    0.0,
                    0.0,
                    0.0,
                    1.0
                ]
            ]
        },
        {
            "file_path": "./train/r_32",
            "rotation": 0.06283185307179587,
            "transform_matrix": [
                [
                    -0.31279870867729187,
                    0.7612537741661072,
                    -0.5679866075515747,
                    -2.289721727371216
                ],
                [
                    -0.9497743248939514,
                    -0.2507113218307495,
                    0.18706071376800537,
                    0.7540969848632812
                ],
                [
                    1.4900523481742312e-08,
                    0.5980187654495239,
                    0.801446795463562,
                    3.2308688163757324
                ],
                [
                    0.0,
                    0.0,
                    0.0,
                    1.0
                ]
            ]
        },
        {
            "file_path": "./train/r_33",
            "rotation": 0.06283185307179587,
            "transform_matrix": [
                [
                    0.11853332817554474,
                    -0.45973846316337585,
                    0.88006991147995,
                    3.5478217601776123
                ],
                [
                    0.9929068088531494,
                    0.05488363280892372,
                    -0.10506285727024078,
                    -0.4235393702983856
                ],
                [
                    0.0,
                    0.8863511085510254,
                    0.4629860818386078,
                    1.8664336204528809
                ],
                [
                    0.0,
                    0.0,
                    0.0,
                    1.0
                ]
            ]
        },
        {
            "file_path": "./train/r_34",
            "rotation": 0.06283185307179587,
            "transform_matrix": [
                [
                    -0.5417426228523254,
                    -0.631651759147644,
                    0.5545056462287903,
                    2.2353761196136475
                ],
                [
                    0.8404935002326965,
                    -0.4071330726146698,
                    0.3574082851409912,
                    1.4408183097839355
                ],
                [
                    0.0,
                    0.659733772277832,
                    0.7514653205871582,
                    3.029378890991211
                ],
                [
                    0.0,
                    0.0,
                    0.0,
                    1.0
                ]
            ]
        },
        {
            "file_path": "./train/r_35",
            "rotation": 0.06283185307179587,
            "transform_matrix": [
                [
                    0.5399253368377686,
                    -0.8090667724609375,
                    0.23206780850887299,
                    0.9355339407920837
                ],
                [
                    0.8416619300842285,
                    0.5190156102180481,
                    -0.1488712877035141,
                    -0.6001441478729248
                ],
                [
                    0.0,
                    0.2757238447666168,
                    0.9611967206001282,
                    3.874868154525757
                ],
                [
                    0.0,
                    0.0,
                    0.0,
                    1.0
                ]
            ]
        },
        {
            "file_path": "./train/r_36",
            "rotation": 0.06283185307179587,
            "transform_matrix": [
                [
                    -0.9987282156944275,
                    0.048910483717918396,
                    -0.008007223717868328,
                    -0.03227948397397995
                ],
                [
                    -0.049559760838747025,
                    -0.9856439828872681,
                    0.16136156022548676,
                    0.6504961252212524
                ],
                [
                    0.0,
                    0.16156615316867828,
                    0.9868209958076477,
                    3.9781670570373535
                ],
                [
                    0.0,
                    0.0,
                    0.0,
                    1.0
                ]
            ]
        },
        {
            "file_path": "./train/r_37",
            "rotation": 0.06283185307179587,
            "transform_matrix": [
                [
                    -0.8511917591094971,
                    0.07345271110534668,
                    -0.519608199596405,
                    -2.0946943759918213
                ],
                [
                    -0.5247730612754822,
                    -0.11914167553186417,
                    0.8428142666816711,
                    3.3976335525512695
                ],
                [
                    0.0,
                    0.9901514649391174,
                    0.13995933532714844,
                    0.5642175078392029
                ],
                [
                    0.0,
                    0.0,
                    0.0,
                    1.0
                ]
            ]
        },
        {
            "file_path": "./train/r_38",
            "rotation": 0.06283185307179587,
            "transform_matrix": [
                [
                    0.9085403084754944,
                    -0.1788618266582489,
                    0.3774649202823639,
                    1.5216723680496216
                ],
                [
                    0.4176941215991974,
                    0.389048308134079,
                    -0.8210364580154419,
                    -3.309840202331543
                ],
                [
                    -1.4900518152671793e-08,
                    0.903681218624115,
                    0.4281785786151886,
                    1.72611403465271
                ],
                [
                    0.0,
                    0.0,
                    0.0,
                    1.0
                ]
            ]
        },
        {
            "file_path": "./train/r_39",
            "rotation": 0.06283185307179587,
            "transform_matrix": [
                [
                    0.7409430146217346,
                    -0.5360282063484192,
                    0.40449196100234985,
                    1.6306265592575073
                ],
                [
                    0.671504020690918,
                    0.5914579033851624,
                    -0.44631972908973694,
                    -1.7992466688156128
                ],
                [
                    -1.4900520817207052e-08,
                    0.6023631691932678,
                    0.7981869578361511,
                    3.2177271842956543
                ],
                [
                    0.0,
                    0.0,
                    0.0,
                    1.0
                ]
            ]
        },
        {
            "file_path": "./train/r_40",
            "rotation": 0.06283185307179587,
            "transform_matrix": [
                [
                    -0.8883593082427979,
                    0.17635416984558105,
                    -0.4238327741622925,
                    -1.7085950374603271
                ],
                [
                    -0.45905569195747375,
                    -0.3412785828113556,
                    0.8201963305473328,
                    3.3064537048339844
                ],
                [
                    0.0,
                    0.9232648015022278,
                    0.3841368854045868,
                    1.5485692024230957
                ],
                [
                    0.0,
                    0.0,
                    0.0,
                    1.0
                ]
            ]
        },
        {
            "file_path": "./train/r_41",
            "rotation": 0.06283185307179587,
            "transform_matrix": [
                [
                    0.7806020379066467,
                    0.6208786964416504,
                    -0.07150988280773163,
                    -0.28827744722366333
                ],
                [
                    -0.6249598860740662,
                    0.7755043506622314,
                    -0.08931892365217209,
                    -0.36007097363471985
                ],
                [
                    7.450261740871156e-09,
                    0.11442258208990097,
                    0.9933910965919495,
                    4.004652976989746
                ],
                [
                    0.0,
                    0.0,
                    0.0,
                    1.0
                ]
            ]
        },
        {
            "file_path": "./train/r_42",
            "rotation": 0.06283185307179587,
            "transform_matrix": [
                [
                    -0.9808173775672913,
                    -0.19446632266044617,
                    0.009863479994237423,
                    0.039762601256370544
                ],
                [
                    0.19470897316932678,
                    -0.9795951247215271,
                    0.04968580603599548,
                    0.20029816031455994
                ],
                [
                    9.312827176088945e-10,
                    0.05065680295228958,
                    0.9986748099327087,
                    4.02595329284668
                ],
                [
                    0.0,
                    0.0,
                    0.0,
                    1.0
                ]
            ]
        },
        {
            "file_path": "./train/r_43",
            "rotation": 0.06283185307179587,
            "transform_matrix": [
                [
                    0.40194573998451233,
                    -0.4689643085002899,
                    0.7864126563072205,
                    3.170261859893799
                ],
                [
                    0.9156167507171631,
                    0.20587021112442017,
                    -0.345226526260376,
                    -1.3917101621627808
                ],
                [
                    -1.4900523481742312e-08,
                    0.8588827848434448,
                    0.512143611907959,
                    2.0646021366119385
                ],
                [
                    0.0,
                    0.0,
                    0.0,
                    1.0
                ]
            ]
        },
        {
            "file_path": "./train/r_44",
