{
    "camera_angle_x": 0.6911112070083618,
    "frames": [
        {
            "file_path": "./train/r_0",
            "rotation": 0.06283185307179587,
            "transform_matrix": [
                [
                    0.056635450571775436,
                    0.707400918006897,
                    -0.7045069336891174,
                    -2.840075731277466
                ],
                [
                    -0.9983519315719604,
                    0.04013010859489441,
                    -0.03996593505144119,
                    -0.16111449897289276
                ],
                [
                    1.8625651021508816e-09,
                    0.7056654095649719,
                    0.7085124254226685,
                    2.8562231063842773
                ],
                [
                    0.0,
                    0.0,
                    0.0,
                    1.0
                ]
            ]
        },
        {
            "file_path": "./train/r_1",
            "rotation": 0.06283185307179587,
            "transform_matrix": [
                [
                    -0.8559533953666687,
                    -0.30773523449897766,
                    0.4154090881347656,
                    1.6746368408203125
                ],
                [
                    0.5169699192047119,
                    -0.5095208883285522,
                    0.6877977848052979,
                    2.7727160453796387
                ],
                [
                    -1.4900522593563892e-08,
                    0.8035404682159424,
                    0.5952199101448059,
                    2.399507522583008
                ],
                [
                    0.0,
                    0.0,
                    0.0,
                    1.0
                ]
            ]
        },
        {
            "file_path": "./train/r_2",
            "rotation": 0.06283185307179587,
            "transform_matrix": [
                [
                    -0.8811455965042114,
                    -0.46305614709854126,
                    0.0953507199883461,
                    0.38438689708709717
                ],
                [
                    0.4727540910243988,
                    -0.8630700707435608,
                    0.17772002518177032,
                    0.7164418697357178
                ],
                [
                    0.0,
                    0.2016909271478653,
                    0.9794086813926697,
                    3.9482855796813965
                ],
                [
                    0.0,
                    0.0,
                    0.0,
                    1.0
                ]
            ]
        },
        {
            "file_path": "./train/r_3",
            "rotation": 0.06283185307179587,
            "transform_matrix": [
                [
                    0.13658560812473297,
                    0.13831400871276855,
                    -0.9808833599090576,
                    -3.954231023788452
                ],
                [
                    -0.9905850291252136,
                    0.01907125860452652,
                    -0.13524791598320007,
                    -0.5452243089675903
                ],
                [
                    0.0,
                    0.9901998043060303,
                    0.13961751759052277,
                    0.5628395080566406
                ],
                [
                    0.0,
                    0.0,
                    0.0,
                    1.0
                ]
            ]
        },
        {
            "file_path": "./train/r_4",
            "rotation": 0.06283185307179587,
            "transform_matrix": [
                [
                    0.6031926274299622,
                    0.30175280570983887,
                    -0.7382593154907227,
                    -2.9761414527893066
                ],
                [
                    -0.7975419163703918,
                    0.22822006046772003,
                    -0.5583563446998596,
                    -2.250899314880371
                ],
                [
                    0.0,
                    0.9256622791290283,
                    0.37832364439964294,
                    1.5251343250274658
                ],
                [
                    0.0,
                    0.0,
                    0.0,
                    1.0
                ]
            ]
        },
        {
            "file_path": "./train/r_5",
            "rotation": 0.06283185307179587,
            "transform_matrix": [
                [
                    -0.591353178024292,
                    0.5453783869743347,
                    -0.5939711332321167,
                    -2.3944733142852783
                ],
                [
                    -0.8063594698905945,
                    -0.39995959401130676,
                    0.43559569120407104,
                    1.7560149431228638
                ],
                [
                    0.0,
                    0.7366034388542175,
                    0.6762928366661072,
                    2.7263362407684326
                ],
                [
                    0.0,
                    0.0,
                    0.0,
                    1.0
                ]
            ]
        },
        {
            "file_path": "./train/r_6",
            "rotation": 0.06283185307179587,
            "transform_matrix": [
                [
                    -0.522295355796814,
                    0.24809397757053375,
                    -0.8158295154571533,
                    -3.2888500690460205
                ],
                [
                    -0.8527143001556396,
                    -0.1519598364830017,
                    0.499703049659729,
                    2.014450788497925
                ],
                [
                    0.0,
                    0.9567379951477051,
                    0.2909230887889862,
                    1.1727969646453857
                ],
                [
                    0.0,
                    0.0,
                    0.0,
                    1.0
                ]
            ]
        },
        {
            "file_path": "./train/r_7",
            "rotation": 0.06283185307179587,
            "transform_matrix": [
                [
                    0.9983790516853333,
                    -0.007518917787820101,
                    0.055649034678936005,
                    0.22433766722679138
                ],
                [
                    0.05615455284714699,
                    0.1336798220872879,
                    -0.9893913269042969,
                    -3.988528251647949
                ],
                [
                    -4.6564122002656916e-10,
                    0.9909909963607788,
                    0.13388626277446747,
                    0.5397350192070007
                ],
                [
                    0.0,
                    0.0,
                    0.0,
                    1.0
                ]
            ]
        },
        {
            "file_path": "./train/r_8",
            "rotation": 0.06283185307179587,
            "transform_matrix": [
                [
                    0.8157820105552673,
                    0.46676105260849,
                    -0.34141600131988525,
                    -1.3763487339019775
                ],
                [
                    -0.5782853364944458,
                    0.6584557294845581,
                    -0.4816325604915619,
                    -1.941603183746338
                ],
                [
                    -1.4900521705385472e-08,
                    0.5903897881507874,
                    0.8070828318595886,
                    3.253589153289795
                ],
                [
                    0.0,
                    0.0,
                    0.0,
                    1.0
                ]
            ]
        },
        {
            "file_path": "./train/r_9",
            "rotation": 0.06283185307179587,
            "transform_matrix": [
                [
                    -0.9974257349967957,
                    0.0662376806139946,
                    -0.025863949209451675,
                    -0.10426521301269531
                ],
                [
                    -0.07110583782196045,
                    -0.9291384220123291,
                    0.3628023862838745,
                    1.4625635147094727
                ],
                [
                    -1.8625653241954865e-09,
                    0.36373627185821533,
                    0.9314627647399902,
                    3.7550015449523926
                ],
                [
                    0.0,
                    0.0,
                    0.0,
                    1.0
                ]
            ]
        },
        {
            "file_path": "./train/r_10",
            "rotation": 0.06283185307179587,
            "transform_matrix": [
                [
                    0.5647073984146118,
                    0.566689133644104,
                    -0.5999237298965454,
                    -2.4184699058532715
                ],
                [
                    -0.8252391815185547,
                    0.38778284192085266,
                    -0.4105251133441925,
                    -1.6549479961395264
                ],
                [
                    0.0,
                    0.7269647121429443,
                    0.6866425275802612,
                    2.768059015274048
                ],
                [
                    0.0,
                    0.0,
                    0.0,
                    1.0
                ]
            ]
        },
        {
            "file_path": "./train/r_11",
            "rotation": 0.06283185307179587,
            "transform_matrix": [
                [
                    -0.2202562838792801,
                    -0.13227486610412598,
                    0.9663897156715393,
                    3.8958022594451904
                ],
                [
                    0.9753980040550232,
                    -0.029869213700294495,
                    0.21822212636470795,
                    0.8797178268432617
                ],
                [
                    -1.8625651021508816e-09,
                    0.9907578229904175,
                    0.13560043275356293,
                    0.5466453433036804
                ],
                [
                    0.0,
                    0.0,
                    0.0,
                    1.0
                ]
            ]
        },
        {
            "file_path": "./train/r_12",
            "rotation": 0.06283185307179587,
            "transform_matrix": [
                [
                    -0.475719690322876,
                    -0.8794798254966736,
                    0.01336784940212965,
                    0.05388975143432617
                ],
                [
                    0.8795482516288757,
                    -0.47568267583847046,
                    0.007230245042592287,
                    0.029147252440452576
                ],
                [
                    -4.6564135880444724e-10,
                    0.015200590714812279,
                    0.9998432397842407,
                    4.03066349029541
                ],
                [
                    0.0,
                    0.0,
                    0.0,
                    1.0
                ]
            ]
        },
        {
            "file_path": "./train/r_13",
            "rotation": 0.06283185307179587,
            "transform_matrix": [
                [
                    0.8564170598983765,
                    -0.1913415640592575,
                    0.4794328510761261,
                    1.932735562324524
                ],
                [
                    0.5162014365196228,
                    0.31745007634162903,
                    -0.7954152226448059,
                    -3.2065536975860596
                ],
                [
                    0.0,
                    0.9287647604942322,
                    0.37064284086227417,
                    1.4941707849502563
                ],
                [
                    0.0,
                    0.0,
                    0.0,
                    1.0
                ]
            ]
        },
        {
            "file_path": "./train/r_14",
            "rotation": 0.06283185307179587,
            "transform_matrix": [
                [
                    0.8824599385261536,
                    0.27784425020217896,
                    -0.37945690751075745,
                    -1.52970290184021
                ],
                [
                    -0.4702964127063751,
                    0.5213444232940674,
                    -0.7120095491409302,
                    -2.8703207969665527
                ],
                [
                    -1.4900523481742312e-08,
                    0.8068410158157349,
                    0.5907386541366577,
                    2.381442070007324
                ],
                [
                    0.0,
                    0.0,
                    0.0,
                    1.0
                ]
            ]
        },
        {
            "file_path": "./train/r_15",
            "rotation": 0.06283185307179587,
            "transform_matrix": [
                [
                    -0.11304658651351929,
                    -0.9252119660377502,
                    0.36219164729118347,
                    1.4601013660430908
                ],
                [
                    0.9935464859008789,
                    -0.10527143627405167,
                    0.041210487484931946,
                    0.1661316305398941
                ],
                [
                    0.0,
                    0.3645417094230652,
                    0.9311479330062866,
                    3.753732204437256
                ],
                [
                    0.0,
                    0.0,
                    0.0,
                    1.0
                ]
            ]
        },
        {
            "file_path": "./train/r_16",
            "rotation": 0.06283185307179587,
            "transform_matrix": [
                [
                    -0.8634346127510071,
                    0.13915665447711945,
                    -0.48480162024497986,
                    -1.954378604888916
                ],
                [
                    -0.5043758153915405,
                    -0.2382204830646515,
                    0.8299257755279541,
                    3.3456759452819824
                ],
                [
                    1.4900521705385472e-08,
                    0.9611848592758179,
                    0.27587687969207764,
                    1.1121411323547363
                ],
                [
                    0.0,
                    0.0,
                    0.0,
                    1.0
                ]
            ]
        },
        {
            "file_path": "./train/r_17",
            "rotation": 0.06283185307179587,
            "transform_matrix": [
                [
                    -0.9403659105300903,
                    -0.30338382720947266,
                    0.15359503030776978,
                    0.6191869378089905
                ],
                [
                    0.3400384187698364,
                    -0.8389987349510193,
                    0.42476239800453186,
                    1.7123427391052246
                ],
                [
                    0.0,
                    0.4516960680484772,
                    0.8921338319778442,
                    3.5964550971984863
                ],
                [
                    0.0,
                    0.0,
                    0.0,
                    1.0
                ]
            ]
        },
        {
            "file_path": "./train/r_18",
            "rotation": 0.06283185307179587,
            "transform_matrix": [
                [
                    -0.13792867958545685,
                    -0.36192435026168823,
                    0.921907365322113,
                    3.7164809703826904
                ],
                [
                    0.9903987646102905,
                    -0.05040368065237999,
                    0.12839016318321228,
                    0.517578661441803
                ],
                [
                    -3.725130204301763e-09,
                    0.9308384656906128,
                    0.36540400981903076,
                    1.4730514287948608
                ],
                [
                    0.0,
                    0.0,
                    0.0,
                    1.0
                ]
            ]
        },
        {
            "file_path": "./train/r_19",
            "rotation": 0.06283185307179587,
            "transform_matrix": [
                [
                    -0.174157053232193,
                    0.39548078179359436,
                    -0.901772141456604,
                    -3.635309934616089
                ],
                [
                    -0.9846744537353516,
                    -0.0699477568268776,
                    0.1594943255186081,
                    0.6429687142372131
                ],
                [
                    0.0,
                    0.915801465511322,
                    0.4016042649745941,
                    1.6189855337142944
                ],
                [
                    0.0,
                    0.0,
                    0.0,
                    1.0
                ]
            ]
        },
        {
            "file_path": "./train/r_20",
            "rotation": 0.06283185307179587,
            "transform_matrix": [
                [
                    0.7906063199043274,
                    0.5201888084411621,
                    -0.32292452454566956,
                    -1.3018041849136353
                ],
                [
                    -0.6122546792030334,
                    0.671721339225769,
                    -0.4169934093952179,
                    -1.6810235977172852
                ],
                [
                    0.0,
                    0.5274314284324646,
                    0.8495607972145081,
                    3.424830675125122
                ],
                [
                    0.0,
                    0.0,
                    0.0,
                    1.0
                ]
            ]
        },
        {
            "file_path": "./train/r_21",
            "rotation": 0.06283185307179587,
            "transform_matrix": [
                [
                    0.9889437556266785,
                    -0.13913127779960632,
                    0.05048263818025589,
                    0.20351043343544006
                ],
                [
                    0.14800181984901428,
                    0.9296711087226868,
                    -0.33732351660728455,
                    -1.3598507642745972
                ],
                [
                    3.725130426346368e-09,
                    0.34109237790107727,
                    0.9399903416633606,
                    3.7893786430358887
                ],
                [
                    0.0,
                    0.0,
                    0.0,
                    1.0
                ]
            ]
        },
        {
            "file_path": "./train/r_22",
            "rotation": 0.06283185307179587,
            "transform_matrix": [
                [
                    -0.33561521768569946,
                    0.601157546043396,
                    -0.7252001762390137,
                    -2.9234962463378906
                ],
                [
                    -0.9419535994529724,
                    -0.21419060230255127,
                    0.25838661193847656,
                    1.041632890701294
                ],
                [
                    0.0,
                    0.7698844075202942,
                    0.6381523013114929,
                    2.572580575942993
                ],
                [
                    0.0,
                    0.0,
                    0.0,
                    1.0
                ]
            ]
        },
        {
            "file_path": "./train/r_23",
            "rotation": 0.06283185307179587,
            "transform_matrix": [
                [
                    0.07637214660644531,
                    -0.3851996064186096,
                    0.9196286201477051,
                    3.707294225692749
                ],
                [
                    0.9970363974571228,
                    0.029505964368581772,
                    -0.07044277340173721,
                    -0.28397560119628906
                ],
                [
                    0.0,
                    0.9223560094833374,
                    0.3863140642642975,
                    1.5573458671569824
                ],
                [
                    0.0,
                    0.0,
                    0.0,
                    1.0
                ]
            ]
        },
        {
            "file_path": "./train/r_24",
            "rotation": 0.06283185307179587,
            "transform_matrix": [
                [
                    0.5859005451202393,
                    -0.5409268736839294,
                    0.6033705472946167,
                    2.4323651790618896
                ],
                [
                    0.8103301525115967,
                    0.39111143350601196,
                    -0.4362606704235077,
                    -1.7586958408355713
                ],
                [
                    1.4900523481742312e-08,
                    0.744593620300293,
                    0.6674861907958984,
                    2.6908340454101562
                ],
                [
                    0.0,
                    0.0,
                    0.0,
                    1.0
                ]
            ]
        },
        {
            "file_path": "./train/r_25",
            "rotation": 0.06283185307179587,
            "transform_matrix": [
                [
                    0.016016703099012375,
                    0.4189144968986511,
                    -0.9078460335731506,
                    -3.6597952842712402
                ],
                [
                    -0.9998287558555603,
                    0.0067107779905200005,
                    -0.014543190598487854,
                    -0.0586278960108757
                ],
                [
                    0.0,
                    0.9079954028129578,
                    0.4189530313014984,
                    1.6889233589172363
                ],
                [
                    0.0,
                    0.0,
                    0.0,
                    1.0
                ]
            ]
        },
        {
            "file_path": "./train/r_26",
            "rotation": 0.06283185307179587,
            "transform_matrix": [
                [
                    0.8811861276626587,
                    0.4621952772140503,
                    -0.09907986223697662,
                    -0.39942020177841187
                ],
                [
                    -0.4726785719394684,
                    0.8616427779197693,
                    -0.1847086101770401,
                    -0.7446149587631226
                ],
                [
                    -7.450260408603526e-09,
                    0.20961232483386993,
                    0.977743923664093,
                    3.941574811935425
                ],
                [
                    0.0,
                    0.0,
                    0.0,
                    1.0
                ]
            ]
        },
        {
            "file_path": "./train/r_27",
            "rotation": 0.06283185307179587,
            "transform_matrix": [
                [
                    -0.6376901865005493,
                    0.31551575660705566,
                    -0.7026551961898804,
                    -2.832610607147217
                ],
                [
                    -0.770237147808075,
                    -0.26121994853019714,
                    0.5817381143569946,
                    2.345158100128174
                ],
                [
                    -1.4900519929028633e-08,
                    0.9122520685195923,
                    0.4096020758152008,
                    1.6512269973754883
                ],
                [
                    0.0,
                    0.0,
                    0.0,
                    1.0
                ]
            ]
        },
        {
            "file_path": "./train/r_28",
            "rotation": 0.06283185307179587,
            "transform_matrix": [
                [
                    -0.5216923356056213,
                    0.448759526014328,
                    -0.7255226373672485,
                    -2.9247961044311523
                ],
                [
                    -0.8530834913253784,
                    -0.2744331955909729,
                    0.4436841905117035,
                    1.7886220216751099
                ],
                [
                    0.0,
                    0.8504653573036194,
                    0.5260024666786194,
                    2.120471477508545
                ],
                [
                    0.0,
                    0.0,
                    0.0,
                    1.0
                ]
            ]
        },
        {
            "file_path": "./train/r_29",
            "rotation": 0.06283185307179587,
            "transform_matrix": [
                [
                    0.9582087397575378,
                    0.22110165655612946,
                    -0.18129561841487885,
                    -0.73085618019104
                ],
                [
                    -0.2859199345111847,
                    0.740981936454773,
                    -0.6075793504714966,
                    -2.449331521987915
                ],
                [
                    0.0,
                    0.6340740323066711,
                    0.7732378244400024,
                    3.117149829864502
                ],
                [
                    0.0,
                    0.0,
                    0.0,
                    1.0
                ]
            ]
        },
        {
            "file_path": "./train/r_30",
            "rotation": 0.06283185307179587,
            "transform_matrix": [
                [
                    -0.0013756275875493884,
                    -0.20820756256580353,
                    0.9780430197715759,
                    3.9427804946899414
                ],
                [
                    0.9999561309814453,
                    -0.00028642863617278636,
                    0.0013454820727929473,
                    0.0054240357130765915
                ],
                [
                    0.0,
                    0.9780794382095337,
                    0.20820021629333496,
                    0.8393166065216064
                ],
                [
                    0.0,
                    0.0,
                    0.0,
                    1.0
                ]
            ]
        },
        {
            "file_path": "./train/r_31",
            "rotation": 0.06283185307179587,
            "transform_matrix": [
                [
                    0.9856652021408081,
                    -0.1259792000055313,
                    0.11184117197990417,
                    0.4508648216724396
                ],
                [
                    0.16845756769180298,
                    0.737119197845459,
                    -0.6543959379196167,
                    -2.638063430786133
                ],
                [
                    -7.450259076335897e-09,
                    0.6639084219932556,
                    0.7477799654006958,
                    3.014522075653076
                ],
                [
                    0.0,
                    0.0,
                    0.0,
                    1.0
                ]
            ]
        },
        {
            "file_path": "./train/r_32",
            "rotation": 0.06283185307179587,
            "transform_matrix": [
                [
                    -0.9779003262519836,
                    -0.04743584990501404,
                    0.20340915024280548,
                    0.8200023770332336
                ],
                [
                    0.20886634290218353,
                    -0.22209197282791138,
                    0.9523501396179199,
                    3.839204788208008
                ],
                [
                    0.0,
                    0.9738659262657166,
                    0.22709304094314575,
                    0.9154791831970215
                ],
                [
                    0.0,
                    0.0,
                    0.0,
                    1.0
                ]
            ]
        },
        {
            "file_path": "./train/r_33",
            "rotation": 0.06283185307179587,
            "transform_matrix": [
                [
                    -0.4258139431476593,
                    0.4736715257167816,
                    -0.7708767652511597,
                    -3.1076316833496094
                ],
                [
                    -0.9047634601593018,
                    -0.22292672097682953,
                    0.36280208826065063,
                    1.4625623226165771
                ],
                [
                    0.0,
                    0.8520146012306213,
                    0.5234894156455994,
                    2.1103403568267822
                ],
                [
                    0.0,
                    0.0,
                    0.0,
                    1.0
                ]
            ]
        },
        {
            "file_path": "./train/r_34",
            "rotation": 0.06283185307179587,
            "transform_matrix": [
                [
                    -0.9259080290794373,
                    0.37212011218070984,
                    -0.06438606977462769,
                    -0.2595592737197876
                ],
                [
                    -0.3776353895664215,
                    -0.9123854041099548,
                    0.1578654646873474,
                    0.6364023685455322
                ],
                [
                    3.725131092480183e-09,
                    0.17049691081047058,
                    0.9853173494338989,
                    3.9721055030822754
                ],
                [
                    0.0,
                    0.0,
                    0.0,
                    1.0
                ]
            ]
        },
        {
            "file_path": "./train/r_35",
            "rotation": 0.06283185307179587,
            "transform_matrix": [
                [
                    -0.9985948204994202,
                    0.043529801070690155,
                    -0.02877422794699669,
                    -0.11599741131067276
                ],
                [
                    -0.05217905342578888,
                    -0.8330666422843933,
                    0.5506767630577087,
                    2.2199409008026123
                ],
                [
                    0.0,
                    0.5514479875564575,
                    0.8341729640960693,
                    3.362797737121582
                ],
                [
                    0.0,
                    0.0,
                    0.0,
                    1.0
                ]
            ]
        },
        {
            "file_path": "./train/r_36",
            "rotation": 0.06283185307179587,
            "transform_matrix": [
                [
                    -0.9246803522109985,
                    -0.19850747287273407,
                    0.32477477192878723,
                    1.309262990951538
                ],
                [
                    0.38063180446624756,
                    -0.4822402596473694,
                    0.7889851927757263,
                    3.1806325912475586
                ],
                [
                    0.0,
                    0.8532461524009705,
                    0.5214797258377075,
                    2.102238655090332
                ],
                [
                    0.0,
                    0.0,
                    0.0,
                    1.0
                ]
            ]
        },
        {
            "file_path": "./train/r_37",
            "rotation": 0.06283185307179587,
            "transform_matrix": [
                [
                    -0.930092990398407,
                    -0.1596648395061493,
                    0.33068200945854187,
                    1.33307683467865
                ],
                [
                    0.36720722913742065,
                    -0.4044123589992523,
                    0.8375788927078247,
                    3.376527786254883
                ],
                [
                    -1.4900520817207052e-08,
                    0.9005263447761536,
                    0.4347740709781647,
                    1.7527028322219849
                ],
                [
                    0.0,
                    0.0,
                    0.0,
                    1.0
                ]
            ]
        },
        {
            "file_path": "./train/r_38",
            "rotation": 0.06283185307179587,
            "transform_matrix": [
                [
                    -0.9922300577163696,
                    -0.019142240285873413,
                    0.12258593738079071,
                    0.4941801428794861
                ],
                [
                    0.12407119572162628,
                    -0.15308552980422974,
                    0.9803521037101746,
                    3.9520888328552246
                ],
                [
                    -1.8625651021508816e-09,
                    0.9880224466323853,
                    0.15427207946777344,
                    0.6219163537025452
                ],
                [
                    0.0,
                    0.0,
                    0.0,
                    1.0
                ]
            ]
        },
        {
            "file_path": "./train/r_39",
            "rotation": 0.06283185307179587,
            "transform_matrix": [
                [
                    0.9738737344741821,
                    -0.2130868136882782,
                    0.07798437029123306,
                    0.314378023147583
                ],
                [
                    0.2269010692834854,
                    0.9145820140838623,
                    -0.3347138464450836,
                    -1.3493303060531616
                ],
                [
                    0.0,
                    0.3436909317970276,
                    0.939043402671814,
                    3.7855613231658936
                ],
                [
                    0.0,
                    0.0,
                    0.0,
                    1.0
                ]
            ]
        },
        {
            "file_path": "./train/r_40",
            "rotation": 0.06283185307179587,
            "transform_matrix": [
                [
                    0.5853177309036255,
                    -0.3676898777484894,
                    0.7225880026817322,
                    2.912965774536133
                ],
                [
                    0.8107511401176453,
                    0.2654518783092499,
                    -0.5216687321662903,
                    -2.1030008792877197
                ],
                [
                    0.0,
                    0.8912515640258789,
                    0.45348164439201355,
                    1.8281185626983643
                ],
                [
                    0.0,
                    0.0,
                    0.0,
                    1.0
                ]
            ]
        },
        {
            "file_path": "./train/r_41",
            "rotation": 0.06283185307179587,
            "transform_matrix": [
                [
                    0.7584991455078125,
                    -0.08574731647968292,
                    0.6459431648254395,
                    2.6039879322052
                ],
                [
                    0.6516082286834717,
                    0.09981344640254974,
                    -0.7519046664237976,
                    -3.0311501026153564
                ],
                [
                    0.0,
                    0.9912994503974915,
                    0.13158294558525085,
                    0.5304497480392456
                ],
                [
                    0.0,
                    0.0,
                    0.0,
                    1.0
                ]
            ]
        },
        {
            "file_path": "./train/r_42",
            "rotation": 0.06283185307179587,
            "transform_matrix": [
                [
                    -0.8111544847488403,
                    0.5451424717903137,
                    -0.2116243988275528,
                    -0.8531205058097839
                ],
                [
                    -0.5847585201263428,
                    -0.7562005519866943,
                    0.29355716705322266,
                    1.1834156513214111
                ],
                [
                    -1.4900522593563892e-08,
                    0.3618980944156647,
                    0.9321784377098083,
                    3.7578866481781006
                ],
                [
                    0.0,
                    0.0,
                    0.0,
                    1.0
                ]
            ]
        },
        {
            "file_path": "./train/r_43",
            "rotation": 0.06283185307179587,
            "transform_matrix": [
                [
                    0.446308970451355,
                    0.894697368144989,
                    -0.01731080748140812,
                    -0.0697849690914154
                ],
                [
                    -0.894831120967865,
                    0.4462422728538513,
                    -0.008633997291326523,
                    -0.03480619192123413
                ],
                [
                    -4.6564135880444724e-10,
                    0.019346071407198906,
                    0.9997715950012207,
                    4.030374526977539
                ],
                [
                    0.0,
                    0.0,
                    0.0,
                    1.0
                ]
            ]
        },
