{
    "camera_angle_x": 0.6911112070083618,
    "frames": [
        {
            "file_path": "./train/r_0",
            "rotation": 0.06283185307179587,
            "transform_matrix": [
                [
                    0.999950647354126,
                    -0.0009445600444450974,
                    0.0034714664798229933,
                    0.013994507491588593
                ],
                [
                    0.0035976613871753216,
                    0.2625353932380676,
                    -0.9648754596710205,
                    -3.889698028564453
                ],
                [
                    0.0,
                    0.9649166464805603,
                    0.26252758502960205,
                    1.058326244354248
                ],
                [
                    0.0,
                    0.0,
                    0.0,
                    1.0
                ]
            ]
        },
        {
            "file_path": "./train/r_1",
            "rotation": 0.06283185307179587,
            "transform_matrix": [
                [
                    -0.9994462728500366,
                    -0.015117635019123554,
                    0.02815738320350647,
                    0.11351072788238525
                ],
                [
                    0.031958747655153275,
                    -0.47277402877807617,
                    0.8805662989616394,
                    3.5498225688934326
                ],
                [
                    9.312827176088945e-10,
                    0.8810481429100037,
                    0.47299858927726746,
                    1.906796932220459
                ],
                [
                    0.0,
                    0.0,
                    0.0,
                    1.0
                ]
            ]
        },
        {
            "file_path": "./train/r_2",
            "rotation": 0.06283185307179587,
            "transform_matrix": [
                [
                    -0.9810162782669067,
                    0.1765444427728653,
                    -0.07972300797700882,
                    -0.32138699293136597
                ],
                [
                    -0.19370417296886444,
                    -0.8941106200218201,
                    0.4037577509880066,
                    1.6276668310165405
                ],
                [
                    0.0,
                    0.4115682542324066,
                    0.9113403558731079,
                    3.673882246017456
                ],
                [
                    0.0,
                    0.0,
                    0.0,
                    1.0
                ]
            ]
        },
        {
            "file_path": "./train/r_3",
            "rotation": 0.06283185307179587,
            "transform_matrix": [
                [
                    -0.5744668245315552,
                    -0.4862603545188904,
                    0.6583860516548157,
                    2.654148578643799
                ],
                [
                    0.8184753656387329,
                    -0.34129366278648376,
                    0.4621042311191559,
                    1.8628787994384766
                ],
                [
                    0.0,
                    0.8044000267982483,
                    0.5940579175949097,
                    2.3948230743408203
                ],
                [
                    0.0,
                    0.0,
                    0.0,
                    1.0
                ]
            ]
        },
        {
            "file_path": "./train/r_4",
            "rotation": 0.06283185307179587,
            "transform_matrix": [
                [
                    -0.05760999768972397,
                    -0.4830721318721771,
                    0.8736456632614136,
                    3.521923780441284
                ],
                [
                    0.9982962608337402,
                    -0.027877280488610268,
                    0.05041661858558655,
                    0.20324428379535675
                ],
                [
                    1.862565435217789e-09,
                    0.8751308917999268,
                    0.48385825753211975,
                    1.950575590133667
                ],
                [
                    0.0,
                    0.0,
                    0.0,
                    1.0
                ]
            ]
        },
        {
            "file_path": "./train/r_5",
            "rotation": 0.06283185307179587,
            "transform_matrix": [
                [
                    0.6806383728981018,
                    -0.7290267944335938,
                    0.07215133309364319,
                    0.2908633351325989
                ],
                [
                    0.7325610518455505,
                    0.677354633808136,
                    -0.06703736633062363,
                    -0.2702474296092987
                ],
                [
                    -3.725130870435578e-09,
                    0.09849096834659576,
                    0.995096743106842,
                    4.011528968811035
                ],
                [
                    0.0,
                    0.0,
                    0.0,
                    1.0
                ]
            ]
        },
        {
            "file_path": "./train/r_6",
            "rotation": 0.06283185307179587,
            "transform_matrix": [
                [
                    -0.704893946647644,
                    -0.45524147152900696,
                    0.5438846945762634,
                    2.1925599575042725
                ],
                [
                    0.7092522382736206,
                    -0.45244407653808594,
                    0.5405425429344177,
                    2.179086685180664
                ],
                [
                    1.4900522593563892e-08,
                    0.7668374180793762,
                    0.6418102979660034,
                    2.587327003479004
                ],
                [
                    0.0,
                    0.0,
                    0.0,
                    1.0
                ]
            ]
        },
        {
            "file_path": "./train/r_7",
            "rotation": 0.06283185307179587,
            "transform_matrix": [
                [
                    -0.14703796803951263,
                    0.18456333875656128,
                    -0.9717180728912354,
                    -3.9172825813293457
                ],
                [
                    -0.9890875220298767,
                    -0.027437224984169006,
                    0.14445582032203674,
                    0.5823440551757812
                ],
                [
                    0.0,
                    0.98243248462677,
                    0.18658483028411865,
                    0.7521785497665405
                ],
                [
                    0.0,
                    0.0,
                    0.0,
                    1.0
                ]
            ]
        },
        {
            "file_path": "./train/r_8",
            "rotation": 0.06283185307179587,
            "transform_matrix": [
                [
                    -0.18969689309597015,
                    -0.8549906015396118,
                    0.48267662525177,
                    1.9458119869232178
                ],
                [
                    0.9817990064620972,
                    -0.1651957929134369,
                    0.09325968474149704,
                    0.37595731019973755
                ],
                [
                    -7.450260408603526e-09,
                    0.4916214644908905,
                    0.8707717061042786,
                    3.5103378295898438
                ],
                [
                    0.0,
                    0.0,
                    0.0,
                    1.0
                ]
            ]
        },
        {
            "file_path": "./train/r_9",
            "rotation": 0.06283185307179587,
            "transform_matrix": [
                [
                    0.7803800106048584,
                    -0.08131388574838638,
                    0.6199283003807068,
                    2.4991140365600586
                ],
                [
                    0.625236988067627,
                    0.10149069130420685,
                    -0.7737540602684021,
                    -3.1192309856414795
                ],
                [
                    0.0,
                    0.9915028214454651,
                    0.13004259765148163,
                    0.5242400765419006
                ],
                [
                    0.0,
                    0.0,
                    0.0,
                    1.0
                ]
            ]
        },
        {
            "file_path": "./train/r_10",
            "rotation": 0.06283185307179587,
            "transform_matrix": [
                [
                    0.9753830432891846,
                    -0.16340002417564392,
                    0.1477995216846466,
                    0.5958235859870911
                ],
                [
                    0.2203228920698166,
                    0.7233819961547852,
                    -0.6543176174163818,
                    -2.6377475261688232
                ],
                [
                    0.0,
                    0.6708270311355591,
                    0.7415801286697388,
                    2.9895286560058594
                ],
                [
                    0.0,
                    0.0,
                    0.0,
                    1.0
                ]
            ]
        },
        {
            "file_path": "./train/r_11",
            "rotation": 0.06283185307179587,
            "transform_matrix": [
                [
                    -0.47345054149627686,
                    0.7568454146385193,
                    -0.45054173469543457,
                    -1.8162668943405151
                ],
                [
                    -0.8807717561721802,
                    -0.40683513879776,
                    0.24218446016311646,
                    0.9763171672821045
                ],
                [
                    0.0,
                    0.5115272402763367,
                    0.8592299818992615,
                    3.4638099670410156
                ],
                [
                    0.0,
                    0.0,
                    0.0,
                    1.0
                ]
            ]
        },
        {
            "file_path": "./train/r_12",
            "rotation": 0.06283185307179587,
            "transform_matrix": [
                [
                    -0.981032133102417,
                    0.15139140188694,
                    -0.12071777135133743,
                    -0.4866490066051483
                ],
                [
                    -0.19362428784370422,
                    -0.7670516967773438,
                    0.6116381883621216,
                    2.4656941890716553
                ],
                [
                    0.0,
                    0.6234599947929382,
                    0.7818204760551453,
                    3.1517493724823
                ],
                [
                    0.0,
                    0.0,
                    0.0,
                    1.0
                ]
            ]
        },
        {
            "file_path": "./train/r_13",
            "rotation": 0.06283185307179587,
            "transform_matrix": [
                [
                    -0.9628952145576477,
                    -0.11910896748304367,
                    0.2419944703578949,
                    0.9755513072013855
                ],
                [
                    0.2697165906429291,
                    -0.42522215843200684,
                    0.8639265894889832,
                    3.482743740081787
                ],
                [
                    7.450261740871156e-09,
                    0.8972117900848389,
                    0.4415728747844696,
                    1.7801108360290527
                ],
                [
                    0.0,
                    0.0,
                    0.0,
                    1.0
                ]
            ]
        },
        {
            "file_path": "./train/r_14",
            "rotation": 0.06283185307179587,
            "transform_matrix": [
                [
                    0.727351725101471,
                    0.5532472729682922,
                    -0.4059738218784332,
                    -1.6366004943847656
                ],
                [
                    -0.686202347278595,
                    0.5864237546920776,
                    -0.43031880259513855,
                    -1.7347421646118164
                ],
                [
                    0.0,
                    0.591620147228241,
                    0.8061813116073608,
                    3.249955177307129
                ],
                [
                    0.0,
                    0.0,
                    0.0,
                    1.0
                ]
            ]
        },
        {
            "file_path": "./train/r_15",
            "rotation": 0.06283185307179587,
            "transform_matrix": [
                [
                    -0.7303731441497803,
                    -0.18334941565990448,
                    0.6579180955886841,
                    2.652261972427368
                ],
                [
                    0.6829855442047119,
                    -0.19607076048851013,
                    0.7035664319992065,
                    2.8362839221954346
                ],
                [
                    0.0,
                    0.9632908701896667,
                    0.2684316039085388,
                    1.0821269750595093
                ],
                [
                    0.0,
                    0.0,
                    0.0,
                    1.0
                ]
            ]
        },
        {
            "file_path": "./train/r_16",
            "rotation": 0.06283185307179587,
            "transform_matrix": [
                [
                    0.9716326594352722,
                    -0.14679358899593353,
                    0.18519598245620728,
                    0.7465797066688538
                ],
                [
                    0.23631370067596436,
                    0.6035597324371338,
                    -0.7614558935165405,
                    -3.0696535110473633
                ],
                [
                    7.450261296781946e-09,
                    0.7836817502975464,
                    0.6211318373680115,
                    2.5039658546447754
                ],
                [
                    0.0,
                    0.0,
                    0.0,
                    1.0
                ]
            ]
        },
        {
            "file_path": "./train/r_17",
            "rotation": 0.06283185307179587,
            "transform_matrix": [
                [
                    0.9997761249542236,
                    -0.0035031100269407034,
                    0.018695268779993057,
                    0.07536614686250687
                ],
                [
                    0.01902058720588684,
                    0.1841334104537964,
                    -0.9826764464378357,
                    -3.961458921432495
                ],
                [
                    0.0,
                    0.9828899502754211,
                    0.1841600388288498,
                    0.742403507232666
                ],
                [
                    0.0,
                    0.0,
                    0.0,
                    1.0
                ]
            ]
        },
        {
            "file_path": "./train/r_18",
            "rotation": 0.06283185307179587,
            "transform_matrix": [
                [
                    -0.9017143249511719,
                    -0.14501729607582092,
                    0.40718260407447815,
                    1.6414732933044434
                ],
                [
                    0.4322332441806793,
                    -0.30253151059150696,
                    0.8494542837142944,
                    3.42440128326416
                ],
                [
                    0.0,
                    0.9420374631881714,
                    0.3354804813861847,
                    1.3524209260940552
                ],
                [
                    0.0,
                    0.0,
                    0.0,
                    1.0
                ]
            ]
        },
        {
            "file_path": "./train/r_19",
            "rotation": 0.06283185307179587,
            "transform_matrix": [
                [
                    0.5592759847640991,
                    -0.33979859948158264,
                    0.756089985370636,
                    3.0480220317840576
                ],
                [
                    0.8289297819137573,
                    0.2292609065771103,
                    -0.5101311802864075,
                    -2.0564897060394287
                ],
                [
                    0.0,
                    0.9121218919754028,
                    0.4098919928073883,
                    1.6523957252502441
                ],
                [
                    0.0,
                    0.0,
                    0.0,
                    1.0
                ]
            ]
        },
        {
            "file_path": "./train/r_20",
            "rotation": 0.06283185307179587,
            "transform_matrix": [
                [
                    -0.6739152073860168,
                    0.11818177253007889,
                    -0.7292382121086121,
                    -2.939774513244629
                ],
                [
                    -0.7387506365776062,
                    -0.10780972242355347,
                    0.6652376055717468,
                    2.681769371032715
                ],
                [
                    0.0,
                    0.9871171116828918,
                    0.1599625200033188,
                    0.6448561549186707
                ],
                [
                    0.0,
                    0.0,
                    0.0,
                    1.0
                ]
            ]
        },
        {
            "file_path": "./train/r_21",
            "rotation": 0.06283185307179587,
            "transform_matrix": [
                [
                    -0.5004289746284485,
                    0.638124942779541,
                    -0.5850756168365479,
                    -2.358612537384033
                ],
                [
                    -0.8657280206680298,
                    -0.36886438727378845,
                    0.33819952607154846,
                    1.36338210105896
                ],
                [
                    0.0,
                    0.675814688205719,
                    0.7370380163192749,
                    2.9712178707122803
                ],
                [
                    0.0,
                    0.0,
                    0.0,
                    1.0
                ]
            ]
        },
        {
            "file_path": "./train/r_22",
            "rotation": 0.06283185307179587,
            "transform_matrix": [
                [
                    0.9926611185073853,
                    -0.02434769831597805,
                    0.11809100210666656,
                    0.4760597050189972
                ],
                [
                    0.12057448923587799,
                    0.20044881105422974,
                    -0.9722151756286621,
                    -3.9192864894866943
                ],
                [
                    0.0,
                    0.9793965220451355,
                    0.20191477239131927,
                    0.8139780759811401
                ],
                [
                    0.0,
                    0.0,
                    0.0,
                    1.0
                ]
            ]
        },
        {
            "file_path": "./train/r_23",
            "rotation": 0.06283185307179587,
            "transform_matrix": [
                [
                    0.7254559993743896,
                    -0.4937077462673187,
                    0.4794785976409912,
                    1.932919979095459
                ],
                [
                    0.6882061958312988,
                    0.5204300284385681,
                    -0.5054307579994202,
                    -2.0375406742095947
                ],
                [
                    0.0,
                    0.6967030763626099,
                    0.7173265814781189,
                    2.8917553424835205
                ],
                [
                    0.0,
                    0.0,
                    0.0,
                    1.0
                ]
            ]
        },
        {
            "file_path": "./train/r_24",
            "rotation": 0.06283185307179587,
            "transform_matrix": [
                [
                    -0.9997860193252563,
                    -0.013360063545405865,
                    0.012795609422028065,
                    0.051582880318164825
                ],
                [
                    0.018498782068490982,
                    -0.7220587134361267,
                    0.6915521025657654,
                    2.787850856781006
                ],
                [
                    9.31282606586592e-10,
                    0.6916955709457397,
                    0.7221560478210449,
                    2.911224365234375
                ],
                [
                    0.0,
                    0.0,
                    0.0,
                    1.0
                ]
            ]
        },
        {
            "file_path": "./train/r_25",
            "rotation": 0.06283185307179587,
            "transform_matrix": [
                [
                    0.5629657506942749,
                    -0.4078192412853241,
                    0.7188055515289307,
                    2.8977174758911133
                ],
                [
                    0.826428234577179,
                    0.2778078615665436,
                    -0.48965275287628174,
                    -1.9739350080490112
                ],
                [
                    -1.4900520817207052e-08,
                    0.869767963886261,
                    0.4934329688549042,
                    1.9891741275787354
                ],
                [
                    0.0,
                    0.0,
                    0.0,
                    1.0
                ]
            ]
        },
        {
            "file_path": "./train/r_26",
            "rotation": 0.06283185307179587,
            "transform_matrix": [
                [
                    0.6220534443855286,
                    -0.17186427116394043,
                    0.7638261914253235,
                    3.0792088508605957
                ],
                [
                    0.7829199433326721,
                    0.13655133545398712,
                    -0.6068828701972961,
                    -2.446524143218994
                ],
                [
                    0.0,
                    0.9756055474281311,
                    0.21949967741966248,
                    0.8848680257797241
                ],
                [
                    0.0,
                    0.0,
                    0.0,
                    1.0
                ]
            ]
        },
        {
            "file_path": "./train/r_27",
            "rotation": 0.06283185307179587,
            "transform_matrix": [
                [
                    0.5856079459190369,
                    -0.5709648132324219,
                    0.5753281712532043,
                    2.3193178176879883
                ],
                [
                    0.8105413913726807,
                    0.4125162959098816,
                    -0.4156687557697296,
                    -1.6756834983825684
                ],
                [
                    -1.4900519040850213e-08,
                    0.7098024487495422,
                    0.7043681144714355,
                    2.8395159244537354
                ],
                [
                    0.0,
                    0.0,
                    0.0,
                    1.0
                ]
            ]
        },
        {
            "file_path": "./train/r_28",
            "rotation": 0.06283185307179587,
            "transform_matrix": [
                [
                    0.789429783821106,
                    0.3536618947982788,
                    -0.5016456842422485,
                    -2.0222816467285156
                ],
                [
                    -0.6137709021568298,
                    0.454878568649292,
                    -0.6452146768569946,
                    -2.601050615310669
                ],
                [
                    0.0,
                    0.8173118829727173,
                    0.5761659145355225,
                    2.322694778442383
                ],
                [
                    0.0,
                    0.0,
                    0.0,
                    1.0
                ]
            ]
        },
        {
            "file_path": "./train/r_29",
            "rotation": 0.06283185307179587,
            "transform_matrix": [
                [
                    0.9627692699432373,
                    -0.19811269640922546,
                    0.18369577825069427,
                    0.7405319213867188
                ],
                [
                    0.2701660692691803,
                    0.7059983611106873,
                    -0.6546218991279602,
                    -2.63897442817688
                ],
                [
                    0.0,
                    0.6799320578575134,
                    0.7332416772842407,
                    2.955913782119751
                ],
                [
                    0.0,
                    0.0,
                    0.0,
                    1.0
                ]
            ]
        },
        {
            "file_path": "./train/r_30",
            "rotation": 0.06283185307179587,
            "transform_matrix": [
                [
                    -0.7301465272903442,
                    0.6763685941696167,
                    -0.09674938768148422,
                    -0.3900253474712372
                ],
                [
                    -0.6832277774810791,
                    -0.7228162884712219,
                    0.10339338332414627,
                    0.41680923104286194
                ],
                [
                    0.0,
                    0.14160557091236115,
                    0.989882230758667,
                    3.9905076026916504
                ],
                [
                    0.0,
                    0.0,
                    0.0,
                    1.0
                ]
            ]
        },
        {
            "file_path": "./train/r_31",
            "rotation": 0.06283185307179587,
            "transform_matrix": [
                [
                    0.7743702530860901,
                    -0.619970440864563,
                    0.12621749937534332,
                    0.5088199973106384
                ],
                [
                    0.6326650977134705,
                    0.7588321566581726,
                    -0.15448783338069916,
                    -0.6227861046791077
                ],
                [
                    0.0,
                    0.19950000941753387,
                    0.9798572063446045,
                    3.9500937461853027
                ],
                [
                    0.0,
                    0.0,
                    0.0,
                    1.0
                ]
            ]
        },
        {
            "file_path": "./train/r_32",
            "rotation": 0.06283185307179587,
            "transform_matrix": [
                [
                    0.7648374438285828,
                    -0.1119154766201973,
                    0.6343619227409363,
                    2.557300329208374
                ],
                [
                    0.6441567540168762,
                    0.1328824758529663,
                    -0.7532075643539429,
                    -3.0364022254943848
                ],
                [
                    -7.450261740871156e-09,
                    0.9847877025604248,
                    0.17372575402259827,
                    0.7003398537635803
                ],
                [
                    0.0,
                    0.0,
                    0.0,
                    1.0
                ]
            ]
        },
        {
            "file_path": "./train/r_33",
            "rotation": 0.06283185307179587,
            "transform_matrix": [
                [
                    0.9999425411224365,
                    0.0030998061411082745,
                    -0.004426801577210426,
                    -0.017845746129751205
                ],
                [
                    -0.005404126830399036,
                    0.5735668540000916,
                    -0.8191049695014954,
                    -3.3020541667938232
                ],
                [
                    2.3282067940222362e-10,
                    0.8191466331481934,
                    0.573554515838623,
                    2.3121676445007324
                ],
                [
                    0.0,
                    0.0,
                    0.0,
                    1.0
                ]
            ]
        },
        {
            "file_path": "./train/r_34",
            "rotation": 0.06283185307179587,
            "transform_matrix": [
                [
                    0.8628572821617126,
                    0.20660433173179626,
                    -0.4612050950527191,
                    -1.859254002571106
                ],
                [
                    -0.5053628087043762,
                    0.3527565598487854,
                    -0.7874622344970703,
                    -3.1744930744171143
                ],
                [
                    1.4900523481742312e-08,
                    0.9126155972480774,
                    0.4087913930416107,
                    1.6479588747024536
                ],
                [
                    0.0,
                    0.0,
                    0.0,
                    1.0
                ]
            ]
        },
        {
            "file_path": "./train/r_35",
            "rotation": 0.06283185307179587,
            "transform_matrix": [
                [
                    -0.5809387564659119,
                    -0.7505971193313599,
                    0.31475594639778137,
                    1.2688740491867065
                ],
                [
                    0.8138945698738098,
                    -0.5357585549354553,
                    0.22466535866260529,
                    0.9056923389434814
                ],
                [
                    1.4900522593563892e-08,
                    0.38672542572021484,
                    0.9221559762954712,
                    3.717482805252075
                ],
                [
                    0.0,
                    0.0,
                    0.0,
                    1.0
                ]
            ]
        },
        {
            "file_path": "./train/r_36",
            "rotation": 0.06283185307179587,
            "transform_matrix": [
                [
                    -0.9735024571418762,
                    0.2283020168542862,
                    -0.009451774880290031,
                    -0.0381028950214386
                ],
                [
                    -0.22848893702030182,
                    -0.9727060198783875,
                    0.040270332247018814,
                    0.16234159469604492
                ],
                [
                    -9.312825510754408e-10,
                    0.04136503487825394,
                    0.9991028904914856,
                    4.027678489685059
                ],
                [
                    0.0,
                    0.0,
                    0.0,
                    1.0
                ]
            ]
        },
        {
            "file_path": "./train/r_37",
            "rotation": 0.06283185307179587,
            "transform_matrix": [
                [
                    0.902231752872467,
                    0.09863755106925964,
                    -0.41971880197525024,
                    -1.6920104026794434
                ],
                [
                    -0.431151807308197,
                    0.2064097374677658,
                    -0.8783069252967834,
                    -3.5407145023345947
                ],
                [
                    7.450260408603526e-09,
                    0.973475992679596,
                    0.22875872254371643,
                    0.9221939444541931
                ],
                [
                    0.0,
                    0.0,
                    0.0,
                    1.0
                ]
            ]
        },
        {
            "file_path": "./train/r_38",
            "rotation": 0.06283185307179587,
            "transform_matrix": [
                [
                    0.9601855278015137,
                    0.0888676792383194,
                    -0.26469093561172485,
                    -1.067047357559204
                ],
                [
                    -0.2792094945907593,
                    0.30561086535453796,
                    -0.9102569818496704,
                    -3.6695151329040527
                ],
                [
                    0.0,
                    0.9479948878288269,
                    0.3182579278945923,
                    1.282991886138916
                ],
                [
                    0.0,
                    0.0,
                    0.0,
                    1.0
                ]
            ]
        },
        {
            "file_path": "./train/r_39",
            "rotation": 0.06283185307179587,
            "transform_matrix": [
                [
                    0.8348801136016846,
                    0.0904107466340065,
                    -0.542878270149231,
                    -2.188502550125122
                ],
                [
                    -0.5503538250923157,
                    0.13715201616287231,
                    -0.8235397934913635,
                    -3.319932222366333
                ],
                [
                    7.450260408603526e-09,
                    0.9864102005958557,
                    0.1642645001411438,
                    0.6621987223625183
                ],
                [
                    0.0,
                    0.0,
                    0.0,
                    1.0
                ]
            ]
        },
        {
            "file_path": "./train/r_40",
            "rotation": 0.06283185307179587,
            "transform_matrix": [
                [
                    -0.9998404383659363,
                    -0.01414735708385706,
                    0.005766428541392088,
                    0.023246176540851593
                ],
                [
                    0.015276916325092316,
                    -0.9259132146835327,
                    0.3774000406265259,
                    1.5214109420776367
                ],
                [
                    -4.6564135880444724e-10,
                    0.3774578869342804,
                    0.9259877800941467,
                    3.7329301834106445
                ],
                [
                    0.0,
                    0.0,
                    0.0,
                    1.0
                ]
            ]
        },
        {
            "file_path": "./train/r_41",
            "rotation": 0.06283185307179587,
            "transform_matrix": [
                [
                    -0.9776068329811096,
                    0.028481338173151016,
                    -0.20829789340496063,
                    -0.8397103548049927
                ],
                [
                    -0.21023555099964142,
                    -0.1324397772550583,
                    0.9685965776443481,
                    3.9046988487243652
                ],
                [
                    3.725130426346368e-09,
                    0.9907766580581665,
                    0.1354627162218094,
                    0.5460902452468872
                ],
                [
                    0.0,
                    0.0,
                    0.0,
                    1.0
                ]
            ]
        },
        {
            "file_path": "./train/r_42",
            "rotation": 0.06283185307179587,
            "transform_matrix": [
                [
                    -0.7109113335609436,
                    0.6458496451377869,
                    -0.2782610058784485,
                    -1.1217522621154785
                ],
                [
                    -0.703220546245575,
                    -0.6529131531715393,
                    0.281304270029068,
                    1.1340205669403076
                ],
                [
                    -1.4900520817207052e-08,
                    0.3956925868988037,
                    0.918344259262085,
                    3.7021169662475586
                ],
                [
                    0.0,
                    0.0,
                    0.0,
                    1.0
                ]
            ]
        },
        {
            "file_path": "./train/r_43",
            "rotation": 0.06283185307179587,
            "transform_matrix": [
                [
                    -0.43890178203582764,
                    0.17714902758598328,
                    -0.8808532953262329,
                    -3.5509796142578125
                ],
                [
                    -0.8984872102737427,
                    -0.08653547614812851,
                    0.43028777837753296,
                    1.734616994857788
                ],
                [
                    0.0,
                    0.980367124080658,
                    0.19714805483818054,
                    0.7947620153427124
                ],
                [
                    0.0,
                    0.0,
                    0.0,
                    1.0
                ]
            ]
        },
        {
