{
    "camera_angle_x": 0.6911112070083618,
    "frames": [
        {
            "file_path": "./train/r_0",
            "rotation": 0.06283185307179587,
            "transform_matrix": [
                [
                    0.9942273497581482,
                    0.05512990802526474,
                    -0.09158099442720413,
                    -0.3691900670528412
                ],
                [
                    -0.10689306259155273,
                    0.51277095079422,
                    -0.8518076539039612,
                    -3.4338881969451904
                ],
                [
                    0.0,
                    0.8567476272583008,
                    0.5157073736190796,
                    2.0789687633514404
                ],
                [
                    0.0,
                    0.0,
                    0.0,
                    1.0
                ]
            ]
        },
        {
            "file_path": "./train/r_1",
            "rotation": 0.06283185307179587,
            "transform_matrix": [
                [
                    -0.9998691082000732,
                    0.003957205452024937,
                    -0.012658161111176014,
                    -0.0510287806391716
                ],
                [
                    -0.013262230902910233,
                    -0.2983425557613373,
                    0.9543269872665405,
                    3.8471732139587402
                ],
                [
                    -2.3282061001328458e-10,
                    0.9544455409049988,
                    0.2983579635620117,
                    1.2027689218521118
                ],
                [
                    0.0,
                    0.0,
                    0.0,
                    1.0
                ]
            ]
        },
        {
            "file_path": "./train/r_2",
            "rotation": 0.06283185307179587,
            "transform_matrix": [
                [
                    -0.1933518648147583,
                    -0.7399274706840515,
                    0.6442666053771973,
                    2.59722900390625
                ],
                [
                    0.9810857176780701,
                    -0.14582452178001404,
                    0.12697173655033112,
                    0.5118605494499207
                ],
                [
                    7.450260408603526e-09,
                    0.6566829681396484,
                    0.7541326880455017,
                    3.0401315689086914
                ],
                [
                    0.0,
                    0.0,
                    0.0,
                    1.0
                ]
            ]
        },
        {
            "file_path": "./train/r_3",
            "rotation": 0.06283185307179587,
            "transform_matrix": [
                [
                    0.23666387796401978,
                    -0.5019304156303406,
                    0.8318602442741394,
                    3.3534746170043945
                ],
                [
                    0.9715474843978882,
                    0.12226763367652893,
                    -0.20263680815696716,
                    -0.8168888688087463
                ],
                [
                    -7.450261740871156e-09,
                    0.856216311454773,
                    0.5165889263153076,
                    2.0825226306915283
                ],
                [
                    0.0,
                    0.0,
                    0.0,
                    1.0
                ]
            ]
        },
        {
            "file_path": "./train/r_4",
            "rotation": 0.06283185307179587,
            "transform_matrix": [
                [
                    0.591513454914093,
                    -0.36598992347717285,
                    0.7183934450149536,
                    2.8960561752319336
                ],
                [
                    0.8062419295310974,
                    0.26851487159729004,
                    -0.5270618796348572,
                    -2.124742031097412
                ],
                [
                    0.0,
                    0.8910335898399353,
                    0.45390966534614563,
                    1.8298439979553223
                ],
                [
                    0.0,
                    0.0,
                    0.0,
                    1.0
                ]
            ]
        },
        {
            "file_path": "./train/r_5",
            "rotation": 0.06283185307179587,
            "transform_matrix": [
                [
                    0.9605942964553833,
                    -0.0500478632748127,
                    0.2732553780078888,
                    1.1015732288360596
                ],
                [
                    0.277800053358078,
                    0.17305859923362732,
                    -0.9448793530464172,
                    -3.8090879917144775
                ],
                [
                    0.0,
                    0.9836339354515076,
                    0.1801435947418213,
                    0.7262120246887207
                ],
                [
                    0.0,
                    0.0,
                    0.0,
                    1.0
                ]
            ]
        },
        {
            "file_path": "./train/r_6",
            "rotation": 0.06283185307179587,
            "transform_matrix": [
                [
                    -0.6127715110778809,
                    0.7887182831764221,
                    -0.04894910752773285,
                    -0.1973283290863037
                ],
                [
                    -0.7902058362960815,
                    -0.6116179823875427,
                    0.03795797750353813,
                    0.15301984548568726
                ],
                [
                    -3.725130426346368e-09,
                    0.06194383278489113,
                    0.9980382919311523,
                    4.023387432098389
                ],
                [
                    0.0,
                    0.0,
                    0.0,
                    1.0
                ]
            ]
        },
        {
            "file_path": "./train/r_7",
            "rotation": 0.06283185307179587,
            "transform_matrix": [
                [
                    0.7190005779266357,
                    0.2402416169643402,
                    -0.6521058678627014,
                    -2.628831148147583
                ],
                [
                    -0.6949476599693298,
                    0.24855662882328033,
                    -0.6746759414672852,
                    -2.719817876815796
                ],
                [
                    -1.4900522593563892e-08,
                    0.9383461475372314,
                    0.34567004442214966,
                    1.3934979438781738
                ],
                [
                    0.0,
                    0.0,
                    0.0,
                    1.0
                ]
            ]
        },
        {
            "file_path": "./train/r_8",
            "rotation": 0.06283185307179587,
            "transform_matrix": [
                [
                    -0.9525572657585144,
                    0.07568301260471344,
                    -0.2946551442146301,
                    -1.1878418922424316
                ],
                [
                    -0.3042183816432953,
                    -0.2369757741689682,
                    0.9226130843162537,
                    3.7193257808685303
                ],
                [
                    7.450260408603526e-09,
                    0.9685579538345337,
                    0.24875883758068085,
                    1.002820372581482
                ],
                [
                    0.0,
                    0.0,
                    0.0,
                    1.0
                ]
            ]
        },
        {
            "file_path": "./train/r_9",
            "rotation": 0.06283185307179587,
            "transform_matrix": [
                [
                    -0.24232149124145508,
                    -0.541259765625,
                    0.8051438927650452,
                    3.24577260017395
                ],
                [
                    0.9701518416404724,
                    -0.13519416749477386,
                    0.20110630989074707,
                    0.8107188940048218
                ],
                [
                    0.0,
                    0.8299097418785095,
                    0.5578683018684387,
                    2.248931884765625
                ],
                [
                    0.0,
                    0.0,
                    0.0,
                    1.0
                ]
            ]
        },
        {
            "file_path": "./train/r_10",
            "rotation": 0.06283185307179587,
            "transform_matrix": [
                [
                    -0.9927152395248413,
                    -0.07127667963504791,
                    0.09669780731201172,
                    0.38981738686561584
                ],
                [
                    0.1201266497373581,
                    -0.589023768901825,
                    0.7991014719009399,
                    3.2214138507843018
                ],
                [
                    3.725130426346368e-09,
                    0.8049599528312683,
                    0.5932990908622742,
                    2.391763925552368
                ],
                [
                    0.0,
                    0.0,
                    0.0,
                    1.0
                ]
            ]
        },
        {
            "file_path": "./train/r_11",
            "rotation": 0.06283185307179587,
            "transform_matrix": [
                [
                    0.6131743788719177,
                    -0.5498775839805603,
                    0.5670889019966125,
                    2.286102771759033
                ],
                [
                    0.7898931503295898,
                    0.42685627937316895,
                    -0.440216988325119,
                    -1.7746446132659912
                ],
                [
                    -1.4900519040850213e-08,
                    0.7179263830184937,
                    0.6960866451263428,
                    2.8061306476593018
                ],
                [
                    0.0,
                    0.0,
                    0.0,
                    1.0
                ]
            ]
        },
        {
            "file_path": "./train/r_12",
            "rotation": 0.06283185307179587,
            "transform_matrix": [
                [
                    -0.18789412081241608,
                    -0.5010122060775757,
                    0.8447591662406921,
                    3.4054737091064453
                ],
                [
                    0.9821455478668213,
                    -0.09584858268499374,
                    0.16161076724529266,
                    0.6515007615089417
                ],
                [
                    0.0,
                    0.860110342502594,
                    0.5100797414779663,
                    2.0562820434570312
                ],
                [
                    0.0,
                    0.0,
                    0.0,
                    1.0
                ]
            ]
        },
        {
            "file_path": "./train/r_13",
            "rotation": 0.06283185307179587,
            "transform_matrix": [
                [
                    -0.5889056921005249,
                    -0.6208745241165161,
                    0.5173481702804565,
                    2.085583448410034
                ],
                [
                    0.8081485629081726,
                    -0.45243728160858154,
                    0.37699660658836365,
                    1.5197848081588745
                ],
                [
                    1.4900520817207052e-08,
                    0.6401604413986206,
                    0.7682068943977356,
                    3.0968687534332275
                ],
                [
                    0.0,
                    0.0,
                    0.0,
                    1.0
                ]
            ]
        },
        {
            "file_path": "./train/r_14",
            "rotation": 0.06283185307179587,
            "transform_matrix": [
                [
                    -0.9946237206459045,
                    0.0495368130505085,
                    -0.09046700596809387,
                    -0.36469921469688416
                ],
                [
                    -0.10314051061868668,
                    -0.47770267724990845,
                    0.8724082708358765,
                    3.516935348510742
                ],
                [
                    -3.725130648390973e-09,
                    0.8771181702613831,
                    0.48024681210517883,
                    1.9360166788101196
                ],
                [
                    0.0,
                    0.0,
                    0.0,
                    1.0
                ]
            ]
        },
        {
            "file_path": "./train/r_15",
            "rotation": 0.06283185307179587,
            "transform_matrix": [
                [
                    -0.7316223978996277,
                    -0.3369975686073303,
                    0.5925243496894836,
                    2.388640880584717
                ],
                [
                    0.6816470623016357,
                    -0.3617047369480133,
                    0.6359656453132629,
                    2.563765525817871
                ],
                [
                    -1.4900519929028633e-08,
                    0.8692480325698853,
                    0.4943479895591736,
                    1.9928629398345947
                ],
                [
                    0.0,
                    0.0,
                    0.0,
                    1.0
                ]
            ]
        },
        {
            "file_path": "./train/r_16",
            "rotation": 0.06283185307179587,
            "transform_matrix": [
                [
                    0.6886200904846191,
                    -0.36117395758628845,
                    0.628713846206665,
                    2.5345308780670166
                ],
                [
                    0.7250630259513855,
                    0.3430207073688507,
                    -0.5971136093139648,
                    -2.4071409702301025
                ],
                [
                    1.4900519040850213e-08,
                    0.8671102523803711,
                    0.49808821082115173,
                    2.0079402923583984
                ],
                [
                    0.0,
                    0.0,
                    0.0,
                    1.0
                ]
            ]
        },
        {
            "file_path": "./train/r_17",
            "rotation": 0.06283185307179587,
            "transform_matrix": [
                [
                    -0.10520214587450027,
                    0.5329114198684692,
                    -0.8395688533782959,
                    -3.384550094604492
                ],
                [
                    -0.9944077134132385,
                    -0.05637870728969574,
                    0.08882115036249161,
                    0.35806429386138916
                ],
                [
                    -3.725130648390973e-09,
                    0.8442847728729248,
                    0.5358660221099854,
                    2.160234212875366
                ],
                [
                    0.0,
                    0.0,
                    0.0,
                    1.0
                ]
            ]
        },
        {
            "file_path": "./train/r_18",
            "rotation": 0.06283185307179587,
            "transform_matrix": [
                [
                    0.7383124232292175,
                    -0.5807405114173889,
                    0.342892587184906,
                    1.3823013305664062
                ],
                [
                    0.6743952631950378,
                    0.6357814073562622,
                    -0.375390887260437,
                    -1.513311505317688
                ],
                [
                    -2.9801045187127784e-08,
                    0.508441150188446,
                    0.8610596656799316,
                    3.4711859226226807
                ],
                [
                    0.0,
                    0.0,
                    0.0,
                    1.0
                ]
            ]
        },
        {
            "file_path": "./train/r_19",
            "rotation": 0.06283185307179587,
            "transform_matrix": [
                [
                    0.458345890045166,
                    -0.7875939011573792,
                    0.41179677844047546,
                    1.660074234008789
                ],
                [
                    0.8887255787849426,
                    0.40618884563446045,
                    -0.21237754821777344,
                    -0.8561564683914185
                ],
                [
                    0.0,
                    0.4633534550666809,
                    0.8861358761787415,
                    3.572274923324585
                ],
                [
                    0.0,
                    0.0,
                    0.0,
                    1.0
                ]
            ]
        },
        {
            "file_path": "./train/r_20",
            "rotation": 0.06283185307179587,
            "transform_matrix": [
                [
                    -0.9894082546234131,
                    0.10431112349033356,
                    -0.1005270779132843,
                    -0.4052543640136719
                ],
                [
                    -0.1448642611503601,
                    -0.7124344706535339,
                    0.686589777469635,
                    2.7678465843200684
                ],
                [
                    0.0,
                    0.6939354538917542,
                    0.7200040817260742,
                    2.9025495052337646
                ],
                [
                    0.0,
                    0.0,
                    0.0,
                    1.0
                ]
            ]
        },
        {
            "file_path": "./train/r_21",
            "rotation": 0.06283185307179587,
            "transform_matrix": [
                [
                    0.7770195603370667,
                    0.5015835165977478,
                    -0.38024795055389404,
                    -1.5328919887542725
                ],
                [
                    -0.6294084787368774,
                    0.6192165613174438,
                    -0.46942493319511414,
                    -1.8923907279968262
                ],
                [
                    1.4900523481742312e-08,
                    0.6041313409805298,
                    0.7968494296073914,
                    3.2123355865478516
                ],
                [
                    0.0,
                    0.0,
                    0.0,
                    1.0
                ]
            ]
        },
        {
            "file_path": "./train/r_22",
            "rotation": 0.06283185307179587,
            "transform_matrix": [
                [
                    0.77202969789505,
                    0.5661783218383789,
                    -0.2887055277824402,
                    -1.1638572216033936
                ],
                [
                    -0.6355187892913818,
                    0.6877947449684143,
                    -0.3507201373577118,
                    -1.4138565063476562
                ],
                [
                    0.0,
                    0.45428019762039185,
                    0.8908209204673767,
                    3.5911622047424316
                ],
                [
                    0.0,
                    0.0,
                    0.0,
                    1.0
                ]
            ]
        },
        {
            "file_path": "./train/r_23",
            "rotation": 0.06283185307179587,
            "transform_matrix": [
                [
                    0.9689518809318542,
                    -0.0900878757238388,
                    0.23006801307201385,
                    0.9274721741676331
                ],
                [
                    0.24707554280757904,
                    0.35329610109329224,
                    -0.9022537469863892,
                    -3.637251377105713
                ],
                [
                    -7.450260408603526e-09,
                    0.9311584830284119,
                    0.36458781361579895,
                    1.4697611331939697
                ],
                [
                    0.0,
                    0.0,
                    0.0,
                    1.0
                ]
            ]
        },
        {
            "file_path": "./train/r_24",
            "rotation": 0.06283185307179587,
            "transform_matrix": [
                [
                    -0.8320387005805969,
                    -0.1322811245918274,
                    0.5386369228363037,
                    2.1714046001434326
                ],
                [
                    0.5546402335166931,
                    -0.19844038784503937,
                    0.8080314993858337,
                    3.257413625717163
                ],
                [
                    0.0,
                    0.9711399674415588,
                    0.2384800910949707,
                    0.9613837003707886
                ],
                [
                    0.0,
                    0.0,
                    0.0,
                    1.0
                ]
            ]
        },
        {
            "file_path": "./train/r_25",
            "rotation": 0.06283185307179587,
            "transform_matrix": [
                [
                    -0.5550724267959595,
                    0.46871593594551086,
                    -0.6871188879013062,
                    -2.769979238510132
                ],
                [
                    -0.8317504525184631,
                    -0.31279969215393066,
                    0.45855191349983215,
                    1.8485581874847412
                ],
                [
                    0.0,
                    0.8261063694953918,
                    0.5634849071502686,
                    2.271574020385742
                ],
                [
                    0.0,
                    0.0,
                    0.0,
                    1.0
                ]
            ]
        },
        {
            "file_path": "./train/r_26",
            "rotation": 0.06283185307179587,
            "transform_matrix": [
                [
                    0.12196894735097885,
                    -0.9538900256156921,
                    0.27422723174095154,
                    1.105490803718567
                ],
                [
                    0.9924907684326172,
                    0.11722522228956223,
                    -0.03370026871562004,
                    -0.13585573434829712
                ],
                [
                    3.725130870435578e-09,
                    0.2763004004955292,
                    0.9610313177108765,
                    3.8742008209228516
                ],
                [
                    0.0,
                    0.0,
                    0.0,
                    1.0
                ]
            ]
        },
        {
            "file_path": "./train/r_27",
            "rotation": 0.06283185307179587,
            "transform_matrix": [
                [
                    -0.46398547291755676,
                    -0.3606845438480377,
                    0.8090428709983826,
                    3.2614905834198
                ],
                [
                    0.8857943415641785,
                    -0.18892918527126312,
                    0.42378249764442444,
                    1.7083923816680908
                ],
                [
                    0.0,
                    0.9133468270301819,
                    0.40715548396110535,
                    1.6413639783859253
                ],
                [
                    0.0,
                    0.0,
                    0.0,
                    1.0
                ]
            ]
        },
        {
            "file_path": "./train/r_28",
            "rotation": 0.06283185307179587,
            "transform_matrix": [
                [
                    0.8577882051467896,
                    0.4653840661048889,
                    -0.218054860830307,
                    -0.8790435194969177
                ],
                [
                    -0.5139198899269104,
                    0.7767764925956726,
                    -0.3639572262763977,
                    -1.4672191143035889
                ],
                [
                    0.0,
                    0.4242945611476898,
                    0.9054858088493347,
                    3.6502809524536133
                ],
                [
                    0.0,
                    0.0,
                    0.0,
                    1.0
                ]
            ]
        },
        {
            "file_path": "./train/r_29",
            "rotation": 0.06283185307179587,
            "transform_matrix": [
                [
                    0.9538700580596924,
                    0.11960019916296005,
                    -0.2752145230770111,
                    -1.1094709634780884
                ],
                [
                    -0.3000764846801758,
                    0.38017991185188293,
                    -0.8748399019241333,
                    -3.526738166809082
                ],
                [
                    7.450260852692736e-09,
                    0.9171416759490967,
                    0.3985341191291809,
                    1.6066087484359741
                ],
                [
                    0.0,
                    0.0,
                    0.0,
                    1.0
                ]
            ]
        },
        {
            "file_path": "./train/r_30",
            "rotation": 0.06283185307179587,
            "transform_matrix": [
                [
                    0.735230028629303,
                    -0.46253982186317444,
                    0.4954039454460144,
                    1.997119665145874
                ],
                [
                    0.6777545213699341,
                    0.5017645359039307,
                    -0.537415623664856,
                    -2.1664810180664062
                ],
                [
                    0.0,
                    0.7309442162513733,
                    0.6824051737785339,
                    2.750976800918579
                ],
                [
                    0.0,
                    0.0,
                    0.0,
                    1.0
                ]
            ]
        },
        {
            "file_path": "./train/r_31",
            "rotation": 0.06283185307179587,
            "transform_matrix": [
                [
                    0.5119290947914124,
                    -0.5362619757652283,
                    0.6710358262062073,
                    2.705143690109253
                ],
                [
                    0.8589776754379272,
                    0.3195986747741699,
                    -0.3999204933643341,
                    -1.6121976375579834
                ],
                [
                    -1.4900520817207052e-08,
                    0.7811976075172424,
                    0.6242530941963196,
                    2.5165486335754395
                ],
                [
                    0.0,
                    0.0,
                    0.0,
                    1.0
                ]
            ]
        },
        {
            "file_path": "./train/r_32",
            "rotation": 0.06283185307179587,
            "transform_matrix": [
                [
                    -0.04959815368056297,
                    -0.5079809427261353,
                    0.8599019646644592,
                    3.4665191173553467
                ],
                [
                    0.9987262487411499,
                    -0.025227051228284836,
                    0.04270394518971443,
                    0.17215222120285034
                ],
                [
                    1.8625651021508816e-09,
                    0.860992968082428,
                    0.5085884928703308,
                    2.0502705574035645
                ],
                [
                    0.0,
                    0.0,
                    0.0,
                    1.0
                ]
            ]
        },
        {
            "file_path": "./train/r_33",
            "rotation": 0.06283185307179587,
            "transform_matrix": [
                [
                    0.12787820398807526,
                    -0.15172435343265533,
                    0.9800745248794556,
                    3.950969696044922
                ],
                [
                    0.9917466640472412,
                    0.0195637010037899,
                    -0.12637315690517426,
                    -0.5094475150108337
                ],
                [
                    0.0,
                    0.98822420835495,
                    0.1529749035835266,
                    0.6166869401931763
                ],
                [
                    0.0,
                    0.0,
                    0.0,
                    1.0
                ]
            ]
        },
        {
            "file_path": "./train/r_34",
            "rotation": 0.06283185307179587,
            "transform_matrix": [
                [
                    0.9995277523994446,
                    0.018586689606308937,
                    -0.022655805572867393,
                    -0.09133224189281464
                ],
                [
                    -0.02930397540330887,
                    0.6339724659919739,
                    -0.7727656364440918,
                    -3.1152467727661133
                ],
                [
                    9.312827731200457e-10,
                    0.7731257677078247,
                    0.6342217326164246,
                    2.5567352771759033
                ],
                [
                    0.0,
                    0.0,
                    0.0,
                    1.0
                ]
            ]
        },
        {
            "file_path": "./train/r_35",
            "rotation": 0.06283185307179587,
            "transform_matrix": [
                [
                    -0.9036905169487,
                    0.40472373366355896,
                    -0.1395307034254074,
                    -0.5624895095825195
                ],
                [
                    -0.4280860722064972,
                    -0.8543725609779358,
                    0.2945495843887329,
                    1.1874163150787354
                ],
                [
                    -7.450261740871156e-09,
                    0.3259385824203491,
                    0.9453513026237488,
                    3.810990333557129
                ],
                [
                    0.0,
                    0.0,
                    0.0,
                    1.0
                ]
            ]
        },
        {
            "file_path": "./train/r_36",
            "rotation": 0.06283185307179587,
            "transform_matrix": [
                [
                    0.9936239719390869,
                    0.07648585736751556,
                    -0.08231709152460098,
                    -0.3318445384502411
                ],
                [
                    -0.1123642697930336,
                    0.6763554215431213,
                    -0.7279203534126282,
                    -2.934462070465088
                ],
                [
                    -3.725130870435578e-09,
                    0.7325866222381592,
                    0.6806417107582092,
                    2.743867874145508
                ],
                [
                    0.0,
                    0.0,
                    0.0,
                    1.0
                ]
            ]
        },
        {
            "file_path": "./train/r_37",
            "rotation": 0.06283185307179587,
            "transform_matrix": [
                [
                    0.790719747543335,
                    -0.21048197150230408,
                    0.5747854709625244,
                    2.3171303272247314
                ],
                [
                    0.6121083498001099,
                    0.271899938583374,
                    -0.7425060272216797,
                    -2.9932613372802734
                ],
                [
                    0.0,
                    0.939019501209259,
                    0.3438366651535034,
                    1.3861072063446045
                ],
                [
                    0.0,
                    0.0,
                    0.0,
                    1.0
                ]
            ]
        },
        {
            "file_path": "./train/r_38",
            "rotation": 0.06283185307179587,
            "transform_matrix": [
                [
                    -0.5951480865478516,
                    -0.6452085971832275,
                    0.4790104329586029,
                    1.9310325384140015
                ],
                [
                    0.8035627007484436,
                    -0.4778653085231781,
                    0.35477277636528015,
                    1.4301939010620117
                ],
                [
                    0.0,
                    0.5961045622825623,
                    0.8028715252876282,
                    3.236612319946289
                ],
                [
                    0.0,
                    0.0,
                    0.0,
                    1.0
                ]
            ]
        },
        {
            "file_path": "./train/r_39",
            "rotation": 0.06283185307179587,
            "transform_matrix": [
                [
                    0.642277717590332,
                    -0.47164782881736755,
                    0.6041191816329956,
                    2.435382843017578
                ],
                [
                    0.7664161324501038,
                    0.3952538073062897,
                    -0.5062684416770935,
                    -2.04091739654541
                ],
                [
                    -1.4900522593563892e-08,
                    0.7882338762283325,
                    0.615345299243927,
                    2.4806385040283203
                ],
                [
                    0.0,
                    0.0,
                    0.0,
                    1.0
                ]
            ]
        },
        {
            "file_path": "./train/r_40",
            "rotation": 0.06283185307179587,
            "transform_matrix": [
                [
                    0.030175046995282173,
                    -0.5798835754394531,
                    0.8141046166419983,
                    3.2818961143493652
                ],
                [
                    0.9995017647743225,
                    0.017506735399365425,
                    -0.02457788959145546,
                    -0.09908073395490646
                ],
                [
                    9.312827176088945e-10,
                    0.8145051598548889,
                    0.5801266431808472,
                    2.3386619091033936
                ],
                [
                    0.0,
                    0.0,
                    0.0,
                    1.0
                ]
            ]
        },
        {
            "file_path": "./train/r_41",
            "rotation": 0.06283185307179587,
            "transform_matrix": [
                [
                    0.8388049602508545,
                    -0.40980178117752075,
                    0.3583240807056427,
                    1.4445102214813232
                ],
                [
                    0.5443532466888428,
                    0.6314718127250671,
                    -0.5521488189697266,
                    -2.22587513923645
                ],
                [
                    1.4900521705385472e-08,
                    0.6582521796226501,
                    0.7527635097503662,
                    3.0346121788024902
                ],
                [
                    0.0,
                    0.0,
                    0.0,
                    1.0
                ]
            ]
        },
        {
            "file_path": "./train/r_42",
            "rotation": 0.06283185307179587,
            "transform_matrix": [
                [
                    -0.9538449048995972,
                    -0.2854052186012268,
                    0.09297370165586472,
                    0.37480443716049194
                ],
                [
                    0.30015677213668823,
                    -0.9069672226905823,
                    0.2954539358615875,
                    1.1910622119903564
                ],
                [
                    -7.450261740871156e-09,
                    0.3097483813762665,
                    0.9507787227630615,
                    3.8328700065612793
                ],
                [
                    0.0,
                    0.0,
                    0.0,
                    1.0
                ]
            ]
        },
        {
            "file_path": "./train/r_43",
            "rotation": 0.06283185307179587,
            "transform_matrix": [
                [
                    -0.9922541379928589,
                    0.09370039403438568,
                    -0.08103669434785843,
                    -0.32668283581733704
                ],
                [
                    -0.12387906759977341,
                    -0.7505271434783936,
                    0.6490926146507263,
                    2.6166841983795166
                ],
                [
                    0.0,
                    0.6541553139686584,
                    0.7563261389732361,
                    3.04897403717041
                ],
                [
                    0.0,
                    0.0,
                    0.0,
