{
    "camera_angle_x": 0.6911112070083618,
    "frames": [
        {
            "file_path": "./train/r_0",
            "rotation": 0.06283185307179587,
            "transform_matrix": [
                [
                    -0.7354373335838318,
                    0.5637696981430054,
                    -0.3758116364479065,
                    -1.515007734298706
                ],
                [
                    -0.6775294542312622,
                    -0.6119546890258789,
                    0.40793195366859436,
                    1.6444941759109497
                ],
                [
                    -2.9801043410770944e-08,
                    0.5546757578849792,
                    0.8320303559303284,
                    3.3541603088378906
                ],
                [
                    0.0,
                    0.0,
                    0.0,
                    1.0
                ]
            ]
        },
        {
            "file_path": "./train/r_1",
            "rotation": 0.06283185307179587,
            "transform_matrix": [
                [
                    0.9955391883850098,
                    -0.047626011073589325,
                    0.08091899752616882,
                    0.32620835304260254
                ],
                [
                    0.09389317035675049,
                    0.5049734711647034,
                    -0.857975423336029,
                    -3.458752393722534
                ],
                [
                    0.0,
                    0.8618140816688538,
                    0.5071959495544434,
                    2.04465651512146
                ],
                [
                    0.0,
                    0.0,
                    0.0,
                    1.0
                ]
            ]
        },
        {
            "file_path": "./train/r_2",
            "rotation": 0.06283185307179587,
            "transform_matrix": [
                [
                    0.9079180955886841,
                    0.05345036834478378,
                    -0.4156232178211212,
                    -1.6755000352859497
                ],
                [
                    -0.4190451204776764,
                    0.11580747365951538,
                    -0.9005041122436523,
                    -3.6301980018615723
                ],
                [
                    0.0,
                    0.9918274283409119,
                    0.1275426596403122,
                    0.5141621828079224
                ],
                [
                    0.0,
                    0.0,
                    0.0,
                    1.0
                ]
            ]
        },
        {
            "file_path": "./train/r_3",
            "rotation": 0.06283185307179587,
            "transform_matrix": [
                [
                    0.24884827435016632,
                    0.7708770036697388,
                    -0.5863304138183594,
                    -2.363671064376831
                ],
                [
                    -0.9684982895851135,
                    0.19807101786136627,
                    -0.15065313875675201,
                    -0.6073273420333862
                ],
                [
                    7.450261740871156e-09,
                    0.605397641658783,
                    0.7958879470825195,
                    3.2084596157073975
                ],
                [
                    0.0,
                    0.0,
                    0.0,
                    1.0
                ]
            ]
        },
        {
            "file_path": "./train/r_4",
            "rotation": 0.06283185307179587,
            "transform_matrix": [
                [
                    0.02969849668443203,
                    0.36827048659324646,
                    -0.929205060005188,
                    -3.7459001541137695
                ],
                [
                    -0.999515950679779,
                    0.010942377150058746,
                    -0.027609357610344887,
                    -0.1113014742732048
                ],
                [
                    9.312826620977432e-10,
                    0.9296488761901855,
                    0.3684196472167969,
                    1.485208511352539
                ],
                [
                    0.0,
                    0.0,
                    0.0,
                    1.0
                ]
            ]
        },
        {
            "file_path": "./train/r_5",
            "rotation": 0.06283185307179587,
            "transform_matrix": [
                [
                    0.9465361833572388,
                    0.2508099377155304,
                    -0.20268864929676056,
                    -0.8170978426933289
                ],
                [
                    -0.32246461510658264,
                    0.7362069487571716,
                    -0.5949557423591614,
                    -2.398442268371582
                ],
                [
                    -1.4900521705385472e-08,
                    0.6285569071769714,
                    0.7777289748191833,
                    3.1352553367614746
                ],
                [
                    0.0,
                    0.0,
                    0.0,
                    1.0
                ]
            ]
        },
        {
            "file_path": "./train/r_6",
            "rotation": 0.06283185307179587,
            "transform_matrix": [
                [
                    -0.493902325630188,
                    -0.3440215587615967,
                    0.7985204458236694,
                    3.219071865081787
                ],
                [
                    0.8694682121276855,
                    -0.19542181491851807,
                    0.45360037684440613,
                    1.8285971879959106
                ],
                [
                    0.0,
                    0.9183949828147888,
                    0.3956376910209656,
                    1.5949324369430542
                ],
                [
                    0.0,
                    0.0,
                    0.0,
                    1.0
                ]
            ]
        },
        {
            "file_path": "./train/r_7",
            "rotation": 0.06283185307179587,
            "transform_matrix": [
                [
                    0.7846949100494385,
                    -0.21565847098827362,
                    0.5810887217521667,
                    2.3425402641296387
                ],
                [
                    0.6198129057884216,
                    0.2730277180671692,
                    -0.7356693744659424,
                    -2.965700387954712
                ],
                [
                    0.0,
                    0.937516450881958,
                    0.3479136824607849,
                    1.4025428295135498
                ],
                [
                    0.0,
                    0.0,
                    0.0,
                    1.0
                ]
            ]
        },
        {
            "file_path": "./train/r_8",
            "rotation": 0.06283185307179587,
            "transform_matrix": [
                [
                    0.9970061182975769,
                    -0.06539508700370789,
                    0.04021049290895462,
                    0.16210037469863892
                ],
                [
                    0.07676634937524796,
                    0.8493214249610901,
                    -0.5222353935241699,
                    -2.105285167694092
                ],
                [
                    -3.725130870435578e-09,
                    0.5238001346588135,
                    0.8518043756484985,
                    3.43387508392334
                ],
                [
                    0.0,
                    0.0,
                    0.0,
                    1.0
                ]
            ]
        },
        {
            "file_path": "./train/r_9",
            "rotation": 0.06283185307179587,
            "transform_matrix": [
                [
                    0.18884946405887604,
                    -0.5036823153495789,
                    0.8429566025733948,
                    3.398206949234009
                ],
                [
                    0.9819624423980713,
                    0.0968673825263977,
                    -0.16211606562137604,
                    -0.6535377502441406
                ],
                [
                    0.0,
                    0.8584350943565369,
                    0.5128938555717468,
                    2.067626476287842
                ],
                [
                    0.0,
                    0.0,
                    0.0,
                    1.0
                ]
            ]
        },
        {
            "file_path": "./train/r_10",
            "rotation": 0.06283185307179587,
            "transform_matrix": [
                [
                    -0.2591088116168976,
                    0.31418678164482117,
                    -0.9132763147354126,
                    -3.6816866397857666
                ],
                [
                    -0.9658037424087524,
                    -0.0842909961938858,
                    0.24501660466194153,
                    0.987734317779541
                ],
                [
                    7.450260852692736e-09,
                    0.9456065893173218,
                    0.3252854347229004,
                    1.31132173538208
                ],
                [
                    0.0,
                    0.0,
                    0.0,
                    1.0
                ]
            ]
        },
        {
            "file_path": "./train/r_11",
            "rotation": 0.06283185307179587,
            "transform_matrix": [
                [
                    0.041264381259679794,
                    -0.4866243600845337,
                    0.8725987076759338,
                    3.5177032947540283
                ],
                [
                    0.9991053342819214,
                    0.020098233595490456,
                    -0.03603948652744293,
                    -0.14528582990169525
                ],
                [
                    0.0,
                    0.8733742833137512,
                    0.4870215952396393,
                    1.9633278846740723
                ],
                [
                    0.0,
                    0.0,
                    0.0,
                    1.0
                ]
            ]
        },
        {
            "file_path": "./train/r_12",
            "rotation": 0.06283185307179587,
            "transform_matrix": [
                [
                    0.3152383863925934,
                    -0.2786690890789032,
                    0.9071334004402161,
                    3.6569228172302246
                ],
                [
                    0.9489673376083374,
                    0.09257135540246964,
                    -0.30134153366088867,
                    -1.214796781539917
                ],
                [
                    7.450260852692736e-09,
                    0.9559100866317749,
                    0.29363182187080383,
                    1.1837166547775269
                ],
                [
                    0.0,
                    0.0,
                    0.0,
                    1.0
                ]
            ]
        },
        {
            "file_path": "./train/r_13",
            "rotation": 0.06283185307179587,
            "transform_matrix": [
                [
                    -0.058586761355400085,
                    -0.8977188467979431,
                    0.4366280734539032,
                    1.7601768970489502
                ],
                [
                    0.998239278793335,
                    -0.052687205374240875,
                    0.025625744834542274,
                    0.10330495238304138
                ],
                [
                    0.0,
                    0.437395304441452,
                    0.8992310762405396,
                    3.6250662803649902
                ],
                [
                    0.0,
                    0.0,
                    0.0,
                    1.0
                ]
            ]
        },
        {
            "file_path": "./train/r_14",
            "rotation": 0.06283185307179587,
            "transform_matrix": [
                [
                    -0.5884038805961609,
                    0.3835809826850891,
                    -0.711739718914032,
                    -2.8692331314086914
                ],
                [
                    -0.8085141777992249,
                    -0.27915477752685547,
                    0.5179754495620728,
                    2.0881118774414062
                ],
                [
                    -1.4900523481742312e-08,
                    0.8803001642227173,
                    0.4743894636631012,
                    1.9124040603637695
                ],
                [
                    0.0,
                    0.0,
                    0.0,
                    1.0
                ]
            ]
        },
        {
            "file_path": "./train/r_15",
            "rotation": 0.06283185307179587,
            "transform_matrix": [
                [
                    0.9894205927848816,
                    -0.09233419597148895,
                    0.11151707917451859,
                    0.449558287858963
                ],
                [
                    0.1447790414094925,
                    0.6310122013092041,
                    -0.7621081471443176,
                    -3.0722830295562744
                ],
                [
                    7.450260408603526e-09,
                    0.7702518701553345,
                    0.6377087831497192,
                    2.5707924365997314
                ],
                [
                    0.0,
                    0.0,
                    0.0,
                    1.0
                ]
            ]
        },
        {
            "file_path": "./train/r_16",
            "rotation": 0.06283185307179587,
            "transform_matrix": [
                [
                    0.13453033566474915,
                    0.9777818918228149,
                    -0.1607193648815155,
                    -0.6479072570800781
                ],
                [
                    -0.9908661842346191,
                    0.1327538788318634,
                    -0.02182094007730484,
                    -0.08796665817499161
                ],
                [
                    0.0,
                    0.16219961643218994,
                    0.9867170453071594,
                    3.977747917175293
                ],
                [
                    0.0,
                    0.0,
                    0.0,
                    1.0
                ]
            ]
        },
        {
            "file_path": "./train/r_17",
            "rotation": 0.06283185307179587,
            "transform_matrix": [
                [
                    -0.4909907281398773,
                    -0.37978875637054443,
                    0.783974289894104,
                    3.1604318618774414
                ],
                [
                    0.871115505695343,
                    -0.21406203508377075,
                    0.4418749511241913,
                    1.7813284397125244
                ],
                [
                    0.0,
                    0.8999599814414978,
                    0.4359452426433563,
                    1.757423996925354
                ],
                [
                    0.0,
                    0.0,
                    0.0,
                    1.0
                ]
            ]
        },
        {
            "file_path": "./train/r_18",
            "rotation": 0.06283185307179587,
            "transform_matrix": [
                [
                    0.9856882691383362,
                    0.11296624690294266,
                    -0.12479020655155182,
                    -0.5030661821365356
                ],
                [
                    -0.16832396388053894,
                    0.6615189909934998,
                    -0.7307590246200562,
                    -2.9459054470062256
                ],
                [
                    -7.450261740871156e-09,
                    0.7413644194602966,
                    0.6710708141326904,
                    2.705284595489502
                ],
                [
                    0.0,
                    0.0,
                    0.0,
                    1.0
                ]
            ]
        },
        {
            "file_path": "./train/r_19",
            "rotation": 0.06283185307179587,
            "transform_matrix": [
                [
                    0.9649109244346619,
                    -0.2310599535703659,
                    0.12440511584281921,
                    0.5015137791633606
                ],
                [
                    0.26241427659988403,
                    0.849619448184967,
                    -0.45744404196739197,
                    -1.8440921306610107
                ],
                [
                    -7.450261740871156e-09,
                    0.47407591342926025,
                    0.8804462552070618,
                    3.5493390560150146
                ],
                [
                    0.0,
                    0.0,
                    0.0,
                    1.0
                ]
            ]
        },
        {
            "file_path": "./train/r_20",
            "rotation": 0.06283185307179587,
            "transform_matrix": [
                [
                    -0.9078455567359924,
                    0.11361104249954224,
                    -0.4035153090953827,
                    -1.6266895532608032
                ],
                [
                    -0.4192022979259491,
                    -0.24604174494743347,
                    0.8738729953765869,
                    3.5228402614593506
                ],
                [
                    0.0,
                    0.9625726342201233,
                    0.2709956765174866,
                    1.092463731765747
                ],
                [
                    0.0,
                    0.0,
                    0.0,
                    1.0
                ]
            ]
        },
        {
            "file_path": "./train/r_21",
            "rotation": 0.06283185307179587,
            "transform_matrix": [
                [
                    -0.7159901857376099,
                    0.42064592242240906,
                    -0.557084858417511,
                    -2.2457735538482666
                ],
                [
                    -0.6980487704277039,
                    -0.43145751953125,
                    0.5714032649993896,
                    2.303495168685913
                ],
                [
                    0.0,
                    0.7980547547340393,
                    0.6025547981262207,
                    2.4290761947631836
                ],
                [
                    0.0,
                    0.0,
                    0.0,
                    1.0
                ]
            ]
        },
        {
            "file_path": "./train/r_22",
            "rotation": 0.06283185307179587,
            "transform_matrix": [
                [
                    -0.6770536303520203,
                    0.5523194074630737,
                    -0.4862918555736542,
                    -1.9603861570358276
                ],
                [
                    -0.7358753681182861,
                    -0.5081700682640076,
                    0.4474204480648041,
                    1.8036839962005615
                ],
                [
                    0.0,
                    0.6608301401138306,
                    0.7505015134811401,
                    3.0254933834075928
                ],
                [
                    0.0,
                    0.0,
                    0.0,
                    1.0
                ]
            ]
        },
        {
            "file_path": "./train/r_23",
            "rotation": 0.06283185307179587,
            "transform_matrix": [
                [
                    -0.9685153961181641,
                    -0.062312234193086624,
                    0.24085260927677155,
                    0.9709480404853821
                ],
                [
                    0.24878168106079102,
                    -0.24258360266685486,
                    0.9376472234725952,
                    3.779932975769043
                ],
                [
                    0.0,
                    0.9681220650672913,
                    0.2504497468471527,
                    1.0096368789672852
                ],
                [
                    0.0,
                    0.0,
                    0.0,
                    1.0
                ]
            ]
        },
        {
            "file_path": "./train/r_24",
            "rotation": 0.06283185307179587,
            "transform_matrix": [
                [
                    0.904936671257019,
                    -0.3258700370788574,
                    0.2735339403152466,
                    1.1026960611343384
                ],
                [
                    0.42544540762901306,
                    0.69313645362854,
                    -0.5818158388137817,
                    -2.3454713821411133
                ],
                [
                    0.0,
                    0.6429311633110046,
                    0.765889585018158,
                    3.087527275085449
                ],
                [
                    0.0,
                    0.0,
                    0.0,
                    1.0
                ]
            ]
        },
        {
            "file_path": "./train/r_25",
            "rotation": 0.06283185307179587,
            "transform_matrix": [
                [
                    -0.5502311587333679,
                    -0.20118607580661774,
                    0.8103635907173157,
                    3.266815185546875
                ],
                [
                    0.8349610567092896,
                    -0.13257963955402374,
                    0.5340216755867004,
                    2.152799129486084
                ],
                [
                    -7.450261740871156e-09,
                    0.9705342054367065,
                    0.2409335821866989,
                    0.9712744355201721
                ],
                [
                    0.0,
                    0.0,
                    0.0,
                    1.0
                ]
            ]
        },
        {
            "file_path": "./train/r_26",
            "rotation": 0.06283185307179587,
            "transform_matrix": [
                [
                    -0.9974016547203064,
                    -0.0694318413734436,
                    0.016842318698763847,
                    0.06789636611938477
                ],
                [
                    0.07144282758235931,
                    -0.9693266153335571,
                    0.23513288795948029,
                    0.9478901624679565
                ],
                [
                    -1.8625651021508816e-09,
                    0.23574386537075043,
                    0.9717748165130615,
                    3.917511224746704
                ],
                [
                    0.0,
                    0.0,
                    0.0,
                    1.0
                ]
            ]
        },
        {
            "file_path": "./train/r_27",
            "rotation": 0.06283185307179587,
            "transform_matrix": [
                [
                    0.21446558833122253,
                    -0.173500657081604,
                    0.9611563086509705,
                    3.8747050762176514
                ],
                [
                    0.9766876101493835,
                    0.03809807822108269,
                    -0.21105515956878662,
                    -0.8508257269859314
                ],
                [
                    0.0,
                    0.9840914011001587,
                    0.17762786149978638,
                    0.7160703539848328
                ],
                [
                    0.0,
                    0.0,
                    0.0,
                    1.0
                ]
            ]
        },
        {
            "file_path": "./train/r_28",
            "rotation": 0.06283185307179587,
            "transform_matrix": [
                [
                    0.2841451168060303,
                    -0.6211344003677368,
                    0.7303414940834045,
                    2.9442219734191895
                ],
                [
                    0.9587365388870239,
                    0.18408845365047455,
                    -0.2164546400308609,
                    -0.872592568397522
                ],
                [
                    -1.4900521705385472e-08,
                    0.7617697715759277,
                    0.6478165984153748,
                    2.611539840698242
                ],
                [
                    0.0,
                    0.0,
                    0.0,
                    1.0
                ]
            ]
        },
        {
            "file_path": "./train/r_29",
            "rotation": 0.06283185307179587,
            "transform_matrix": [
                [
                    0.6261983513832092,
                    0.7335807681083679,
                    -0.2639886140823364,
                    -1.064216136932373
                ],
                [
                    -0.7796087265014648,
                    0.5892277956008911,
                    -0.21204128861427307,
                    -0.8548011779785156
                ],
                [
                    1.4900522593563892e-08,
                    0.3386145234107971,
                    0.940885603427887,
                    3.7929880619049072
                ],
                [
                    0.0,
                    0.0,
                    0.0,
                    1.0
                ]
            ]
        },
        {
            "file_path": "./train/r_30",
            "rotation": 0.06283185307179587,
            "transform_matrix": [
                [
                    0.8576626777648926,
                    0.37497180700302124,
                    -0.35176151990890503,
                    -1.4180546998977661
                ],
                [
                    -0.5141294002532959,
                    0.6255221366882324,
                    -0.586803138256073,
                    -2.365576982498169
                ],
                [
                    -1.4900523481742312e-08,
                    0.6841843128204346,
                    0.7292758226394653,
                    2.9399261474609375
                ],
                [
                    0.0,
                    0.0,
                    0.0,
                    1.0
                ]
            ]
        },
        {
            "file_path": "./train/r_31",
            "rotation": 0.06283185307179587,
            "transform_matrix": [
                [
                    -0.9104822278022766,
                    -0.33616572618484497,
                    0.240702286362648,
                    0.9703419804573059
                ],
                [
                    0.4134443402290344,
                    -0.7403002381324768,
                    0.5300717353820801,
                    2.136875629425049
                ],
                [
                    1.4900521705385472e-08,
                    0.5821839570999146,
                    0.8130214214324951,
                    3.27752947807312
                ],
                [
                    0.0,
                    0.0,
                    0.0,
                    1.0
                ]
            ]
        },
        {
            "file_path": "./train/r_32",
            "rotation": 0.06283185307179587,
            "transform_matrix": [
                [
                    -0.021284934133291245,
                    -0.7791958451271057,
                    0.6263883709907532,
                    2.525156259536743
                ],
                [
                    0.9997305870056152,
                    -0.01658960059285164,
                    0.013336226344108582,
                    0.05376226827502251
                ],
                [
                    9.312827176088945e-10,
                    0.626552939414978,
                    0.7793441414833069,
                    3.141766309738159
                ],
                [
                    0.0,
                    0.0,
                    0.0,
                    1.0
                ]
            ]
        },
        {
            "file_path": "./train/r_33",
            "rotation": 0.06283185307179587,
            "transform_matrix": [
                [
                    0.9956561326980591,
                    0.06676517426967621,
                    -0.06423304229974747,
                    -0.2589423656463623
                ],
                [
                    -0.09264513105154037,
                    0.7175245881080627,
                    -0.6903117299079895,
                    -2.782850503921509
                ],
                [
                    3.725130426346368e-09,
                    0.693318784236908,
                    0.7205979228019714,
                    2.9049429893493652
                ],
                [
                    0.0,
                    0.0,
                    0.0,
                    1.0
                ]
            ]
        },
        {
            "file_path": "./train/r_34",
            "rotation": 0.06283185307179587,
            "transform_matrix": [
                [
                    0.8926178812980652,
                    -0.10252545773983002,
                    0.4389047920703888,
                    1.7693548202514648
                ],
                [
                    0.45071882009506226,
                    0.20304468274116516,
                    -0.8692209720611572,
                    -3.504086494445801
                ],
                [
                    -7.450260852692736e-09,
                    0.973781943321228,
                    0.22745294868946075,
                    0.916930079460144
                ],
                [
                    0.0,
                    0.0,
                    0.0,
                    1.0
                ]
            ]
        },
        {
            "file_path": "./train/r_35",
            "rotation": 0.06283185307179587,
            "transform_matrix": [
                [
                    0.2002720832824707,
                    -0.6182279586791992,
                    0.7600198984146118,
                    3.0638647079467773
                ],
                [
                    0.97969651222229,
                    0.12637977302074432,
                    -0.1553652435541153,
                    -0.6263231635093689
                ],
                [
                    0.0,
                    0.7757655382156372,
                    0.6309903860092163,
                    2.543708562850952
                ],
                [
                    0.0,
                    0.0,
                    0.0,
                    1.0
                ]
            ]
        },
        {
            "file_path": "./train/r_36",
            "rotation": 0.06283185307179587,
            "transform_matrix": [
                [
                    0.18121160566806793,
                    0.7673404812812805,
                    -0.6150699257850647,
                    -2.4795284271240234
                ],
                [
                    -0.9834005832672119,
                    0.1413981169462204,
                    -0.11333917826414108,
                    -0.45690369606018066
                ],
                [
                    -7.450261740871156e-09,
                    0.6254479885101318,
                    0.7802311182022095,
                    3.1453421115875244
                ],
                [
                    0.0,
                    0.0,
                    0.0,
                    1.0
                ]
            ]
        },
        {
            "file_path": "./train/r_37",
            "rotation": 0.06283185307179587,
            "transform_matrix": [
                [
                    -0.8988667130470276,
                    0.23740026354789734,
                    -0.36823728680610657,
                    -1.4844733476638794
                ],
                [
                    -0.43812429904937744,
                    -0.48705628514289856,
                    0.7554847598075867,
                    3.0455822944641113
                ],
                [
                    0.0,
                    0.8404803276062012,
                    0.54181307554245,
                    2.184208631515503
                ],
                [
                    0.0,
                    0.0,
                    0.0,
                    1.0
                ]
            ]
        },
        {
            "file_path": "./train/r_38",
            "rotation": 0.06283185307179587,
            "transform_matrix": [
                [
                    -0.9447485208511353,
                    -0.19842375814914703,
                    0.260759562253952,
                    1.0511988401412964
                ],
                [
                    0.32766494154930115,
                    -0.5721104145050049,
                    0.7518417239189148,
                    3.0308961868286133
                ],
                [
                    0.0,
                    0.7958061099052429,
                    0.605521023273468,
                    2.4410343170166016
                ],
                [
                    0.0,
                    0.0,
                    0.0,
                    1.0
                ]
            ]
        },
        {
            "file_path": "./train/r_39",
            "rotation": 0.06283185307179587,
            "transform_matrix": [
                [
                    -0.8522106409072876,
                    0.48908790946006775,
                    -0.1856406182050705,
                    -0.7483721971511841
                ],
                [
                    -0.5231168270111084,
                    -0.7967740297317505,
                    0.3024275004863739,
                    1.2191746234893799
                ],
                [
                    0.0,
                    0.3548717796802521,
                    0.9348756670951843,
                    3.7687599658966064
                ],
                [
                    0.0,
                    0.0,
                    0.0,
                    1.0
                ]
            ]
        },
        {
            "file_path": "./train/r_40",
            "rotation": 0.06283185307179587,
            "transform_matrix": [
                [
                    -0.9570764899253845,
                    -0.230280339717865,
                    0.1757657378911972,
                    0.7085636258125305
                ],
                [
                    0.2896868884563446,
                    -0.7608073353767395,
                    0.5807002782821655,
                    2.3409743309020996
                ],
                [
                    1.4900519929028633e-08,
                    0.6067397594451904,
                    0.7948654294013977,
                    3.2043371200561523
                ],
                [
                    0.0,
                    0.0,
                    0.0,
                    1.0
                ]
            ]
        },
        {
            "file_path": "./train/r_41",
            "rotation": 0.06283185307179587,
            "transform_matrix": [
                [
                    0.10532824695110321,
                    0.456683486700058,
                    -0.8833338022232056,
                    -3.5609796047210693
                ],
                [
                    -0.9943943619728088,
                    0.04837283119559288,
                    -0.0935644879937172,
                    -0.3771860897541046
                ],
                [
                    -3.725130648390973e-09,
                    0.888307511806488,
                    0.4592214822769165,
                    1.851257562637329
                ],
                [
                    0.0,
                    0.0,
                    0.0,
                    1.0
                ]
            ]
        },
        {
            "file_path": "./train/r_42",
            "rotation": 0.06283185307179587,
            "transform_matrix": [
                [
                    -0.05067196115851402,
                    0.24530914425849915,
                    -0.9680792689323425,
                    -3.902613401412964
                ],
                [
                    -0.9986723065376282,
                    -0.012446821667253971,
                    0.04911969602108002,
                    0.1980159878730774
                ],
                [
                    -9.312824400531383e-10,
                    0.969359815120697,
                    0.24561578035354614,
                    0.990149736404419
                ],
                [
                    0.0,
                    0.0,
                    0.0,
                    1.0
                ]
            ]
        },
        {
            "file_path": "./train/r_43",
            "rotation": 0.06283185307179587,
            "transform_matrix": [
                [
                    -0.43585360050201416,
                    0.891234278678894,
                    -0.1253298670053482,
                    -0.5052416920661926
                ],
                [
                    -0.8999698162078857,
                    -0.4316229820251465,
                    0.060697007924318314,
                    0.24468755722045898
                ],
                [
                    0.0,
                    0.13925887644290924,
                    0.9902150630950928,
                    3.991849184036255
                ],
                [
                    0.0,
                    0.0,
                    0.0,
                    1.0
                ]
