{
    "camera_angle_x": 0.6911112070083618,
    "frames": [
        {
            "file_path": "./train/r_0",
            "rotation": 0.06283185307179587,
            "transform_matrix": [
                [
                    0.9053027033805847,
                    -0.4106466770172119,
                    0.10827429592609406,
                    0.43648561835289
                ],
                [
                    0.42466601729393005,
                    0.8754162788391113,
                    -0.23081907629966736,
                    -0.930499792098999
                ],
                [
                    0.0,
                    0.2549619972705841,
                    0.9669109582901001,
                    3.8979032039642334
                ],
                [
                    0.0,
                    0.0,
                    0.0,
                    1.0
                ]
            ]
        },
        {
            "file_path": "./train/r_1",
            "rotation": 0.06283185307179587,
            "transform_matrix": [
                [
                    -0.37047821283340454,
                    -0.15969447791576385,
                    0.9149656891822815,
                    3.688497304916382
                ],
                [
                    0.9287949800491333,
                    -0.06369902193546295,
                    0.36496198177337646,
                    1.4712697267532349
                ],
                [
                    3.725130648390973e-09,
                    0.9851040244102478,
                    0.1719236522912979,
                    0.6930750608444214
                ],
                [
                    0.0,
                    0.0,
                    0.0,
                    1.0
                ]
            ]
        },
        {
            "file_path": "./train/r_2",
            "rotation": 0.06283185307179587,
            "transform_matrix": [
                [
                    0.5192086696624756,
                    0.854253888130188,
                    -0.025338811799883842,
                    -0.10214823484420776
                ],
                [
                    -0.8545973300933838,
                    0.5190000534057617,
                    -0.015394539572298527,
                    -0.06205993890762329
                ],
                [
                    0.0,
                    0.029649434611201286,
                    0.9995189905166626,
                    4.029356479644775
                ],
                [
                    0.0,
                    0.0,
                    0.0,
                    1.0
                ]
            ]
        },
        {
            "file_path": "./train/r_3",
            "rotation": 0.06283185307179587,
            "transform_matrix": [
                [
                    0.018017495051026344,
                    0.44784682989120483,
                    -0.8938906788825989,
                    -3.6035373210906982
                ],
                [
                    -0.9997947812080383,
                    0.008070734329521656,
                    -0.016108976677060127,
                    -0.06494004279375076
                ],
                [
                    4.656413310488716e-10,
                    0.89406818151474,
                    0.44790327548980713,
                    1.8056304454803467
                ],
                [
                    0.0,
                    0.0,
                    0.0,
                    1.0
                ]
            ]
        },
        {
            "file_path": "./train/r_4",
            "rotation": 0.06283185307179587,
            "transform_matrix": [
                [
                    0.6410467028617859,
                    -0.7418156862258911,
                    0.19678594172000885,
                    0.7933022975921631
                ],
                [
                    0.7674460411071777,
                    0.619637668132782,
                    -0.16437505185604095,
                    -0.6626444458961487
                ],
                [
                    7.450261296781946e-09,
                    0.2564149498939514,
                    0.9665265083312988,
                    3.8963539600372314
                ],
                [
                    0.0,
                    0.0,
                    0.0,
                    1.0
                ]
            ]
        },
        {
            "file_path": "./train/r_5",
            "rotation": 0.06283185307179587,
            "transform_matrix": [
                [
                    0.973638653755188,
                    -0.09769127517938614,
                    0.20591092109680176,
                    0.8300877809524536
                ],
                [
                    0.22790798544883728,
                    0.4173439145088196,
                    -0.879665732383728,
                    -3.5461926460266113
                ],
                [
                    0.0,
                    0.9034768342971802,
                    0.42860957980155945,
                    1.7278518676757812
                ],
                [
                    0.0,
                    0.0,
                    0.0,
                    1.0
                ]
            ]
        },
        {
            "file_path": "./train/r_6",
            "rotation": 0.06283185307179587,
            "transform_matrix": [
                [
                    -0.7472215890884399,
                    -0.6151905655860901,
                    0.25128358602523804,
                    1.012998342514038
                ],
                [
                    0.6645103693008423,
                    -0.6917629837989807,
                    0.28256070613861084,
                    1.1390857696533203
                ],
                [
                    0.0,
                    0.3781460225582123,
                    0.9257069230079651,
                    3.7317981719970703
                ],
                [
                    0.0,
                    0.0,
                    0.0,
                    1.0
                ]
            ]
        },
        {
            "file_path": "./train/r_7",
            "rotation": 0.06283185307179587,
            "transform_matrix": [
                [
                    -0.2884798049926758,
                    -0.75722736120224,
                    0.5859564542770386,
                    2.362163543701172
                ],
                [
                    0.9574412703514099,
                    -0.22815477848052979,
                    0.17655037343502045,
                    0.7117266654968262
                ],
                [
                    0.0,
                    0.6119984984397888,
                    0.7908238172531128,
                    3.188044548034668
                ],
                [
                    0.0,
                    0.0,
                    0.0,
                    1.0
                ]
            ]
        },
        {
            "file_path": "./train/r_8",
            "rotation": 0.06283185307179587,
            "transform_matrix": [
                [
                    -0.9822275638580322,
                    -0.08228898048400879,
                    0.16844114661216736,
                    0.679036021232605
                ],
                [
                    0.18746542930603027,
                    -0.4311541020870209,
                    0.8825494050979614,
                    3.5578174591064453
                ],
                [
                    -7.450261296781946e-09,
                    0.8985123038291931,
                    0.4389207661151886,
                    1.7694191932678223
                ],
                [
                    0.0,
                    0.0,
                    0.0,
                    1.0
                ]
            ]
        },
        {
            "file_path": "./train/r_9",
            "rotation": 0.06283185307179587,
            "transform_matrix": [
                [
                    0.6967986822128296,
                    -0.10807769000530243,
                    0.7090186476707458,
                    2.8582634925842285
                ],
                [
                    0.7172068357467651,
                    0.10500233620405197,
                    -0.6888434886932373,
                    -2.7769315242767334
                ],
                [
                    -7.450260408603526e-09,
                    0.9885765910148621,
                    0.1506805717945099,
                    0.6074378490447998
                ],
                [
                    0.0,
                    0.0,
                    0.0,
                    1.0
                ]
            ]
        },
        {
            "file_path": "./train/r_10",
            "rotation": 0.06283185307179587,
            "transform_matrix": [
                [
                    -0.9992682933807373,
                    -0.023538820445537567,
                    0.0286907609552145,
                    0.11566093564033508
                ],
                [
                    0.037110526114702225,
                    -0.633825421333313,
                    0.7725508213043213,
                    3.1143805980682373
                ],
                [
                    0.0,
                    0.7731113433837891,
                    0.6342393159866333,
                    2.5568060874938965
                ],
                [
                    0.0,
                    0.0,
                    0.0,
                    1.0
                ]
            ]
        },
        {
            "file_path": "./train/r_11",
            "rotation": 0.06283185307179587,
            "transform_matrix": [
                [
                    0.4432744085788727,
                    0.8169140815734863,
                    -0.3689504861831665,
                    -1.4873483180999756
                ],
                [
                    -0.8963382244110107,
                    0.4039960503578186,
                    -0.1824604719877243,
                    -0.7355520725250244
                ],
                [
                    0.0,
                    0.4116169810295105,
                    0.911318302154541,
                    3.673793315887451
                ],
                [
                    0.0,
                    0.0,
                    0.0,
                    1.0
                ]
            ]
        },
        {
            "file_path": "./train/r_12",
            "rotation": 0.06283185307179587,
            "transform_matrix": [
                [
                    -0.5698604583740234,
                    0.806402325630188,
                    -0.15791715681552887,
                    -0.636610746383667
                ],
                [
                    -0.8216893672943115,
                    -0.5592585802078247,
                    0.10951919108629227,
                    0.44150421023368835
                ],
                [
                    0.0,
                    0.1921846717596054,
                    0.9813180565834045,
                    3.9559829235076904
                ],
                [
                    0.0,
                    0.0,
                    0.0,
                    1.0
                ]
            ]
        },
        {
            "file_path": "./train/r_13",
            "rotation": 0.06283185307179587,
            "transform_matrix": [
                [
                    -0.9116449952125549,
                    -0.24157120287418365,
                    0.3323639929294586,
                    1.3398573398590088
                ],
                [
                    0.4108743369579315,
                    -0.5359964370727539,
                    0.7374468445777893,
                    2.9728658199310303
                ],
                [
                    0.0,
                    0.8089134097099304,
                    0.587897777557373,
                    2.3699896335601807
                ],
                [
                    0.0,
                    0.0,
                    0.0,
                    1.0
                ]
            ]
        },
        {
            "file_path": "./train/r_14",
            "rotation": 0.06283185307179587,
            "transform_matrix": [
                [
                    -0.999746561050415,
                    0.0053473180159926414,
                    -0.019813114777207375,
                    -0.07987251877784729
                ],
                [
                    -0.020521938800811768,
                    -0.2604999244213104,
                    0.9652154445648193,
                    3.891068696975708
                ],
                [
                    -9.312827176088945e-10,
                    0.9654538631439209,
                    0.2605453133583069,
                    1.050335168838501
                ],
                [
                    0.0,
                    0.0,
                    0.0,
                    1.0
                ]
            ]
        },
        {
            "file_path": "./train/r_15",
            "rotation": 0.06283185307179587,
            "transform_matrix": [
                [
                    -0.1305437982082367,
                    0.7431183457374573,
                    -0.6562703847885132,
                    -2.6456196308135986
                ],
                [
                    -0.9913992285728455,
                    -0.09785108268260956,
                    0.08641526848077774,
                    0.34836545586586
                ],
                [
                    0.0,
                    0.6619593501091003,
                    0.749505877494812,
                    3.021479606628418
                ],
                [
                    0.0,
                    0.0,
                    0.0,
                    1.0
                ]
            ]
        },
        {
            "file_path": "./train/r_16",
            "rotation": 0.06283185307179587,
            "transform_matrix": [
                [
                    -0.999746561050415,
                    -0.011918341740965843,
                    0.016706226393580437,
                    0.06734772771596909
                ],
                [
                    0.020521530881524086,
                    -0.5806253552436829,
                    0.8138764500617981,
                    3.2809765338897705
                ],
                [
                    0.0,
                    0.8140774369239807,
                    0.5807265639305115,
                    2.3410801887512207
                ],
                [
                    0.0,
                    0.0,
                    0.0,
                    1.0
                ]
            ]
        },
        {
            "file_path": "./train/r_17",
            "rotation": 0.06283185307179587,
            "transform_matrix": [
                [
                    -0.7100700736045837,
                    -0.2625546157360077,
                    0.6532889008522034,
                    2.6336007118225098
                ],
                [
                    0.7040701508522034,
                    -0.2647920250892639,
                    0.6588560342788696,
                    2.656043529510498
                ],
                [
                    0.0,
                    0.927868664264679,
                    0.37288016080856323,
                    1.503190279006958
                ],
                [
                    0.0,
                    0.0,
                    0.0,
                    1.0
                ]
            ]
        },
        {
            "file_path": "./train/r_18",
            "rotation": 0.06283185307179587,
            "transform_matrix": [
                [
                    0.5411897301673889,
                    -0.2590869069099426,
                    0.7999431490898132,
                    3.224807024002075
                ],
                [
                    0.8408495783805847,
                    0.16675418615341187,
                    -0.514861524105072,
                    -2.075558662414551
                ],
                [
                    0.0,
                    0.9513447880744934,
                    0.3081008493900299,
                    1.2420454025268555
                ],
                [
                    0.0,
                    0.0,
                    0.0,
                    1.0
                ]
            ]
        },
        {
            "file_path": "./train/r_19",
            "rotation": 0.06283185307179587,
            "transform_matrix": [
                [
                    0.647978663444519,
                    0.7601763010025024,
                    -0.04704704135656357,
                    -0.18966051936149597
                ],
                [
                    -0.7616021037101746,
                    0.6467656493186951,
                    -0.04002809524536133,
                    -0.1613650619983673
                ],
                [
                    0.0,
                    0.06177274137735367,
                    0.9980490207672119,
                    4.023430347442627
                ],
                [
                    0.0,
                    0.0,
                    0.0,
                    1.0
                ]
            ]
        },
        {
            "file_path": "./train/r_20",
            "rotation": 0.06283185307179587,
            "transform_matrix": [
                [
                    -0.9824373126029968,
                    0.15293994545936584,
                    -0.10650075972080231,
                    -0.4293360114097595
                ],
                [
                    -0.18636317551136017,
                    -0.8062424063682556,
                    0.5614323616027832,
                    2.2632997035980225
                ],
                [
                    7.450260852692736e-09,
                    0.5714651346206665,
                    0.8205904960632324,
                    3.308042526245117
                ],
                [
                    0.0,
                    0.0,
                    0.0,
                    1.0
                ]
            ]
        },
        {
            "file_path": "./train/r_21",
            "rotation": 0.06283185307179587,
            "transform_matrix": [
                [
                    0.17562519013881683,
                    -0.6532670259475708,
                    0.7364415526390076,
                    2.968813419342041
                ],
                [
                    0.9844134449958801,
                    0.11654671281576157,
                    -0.13138553500175476,
                    -0.5296539068222046
                ],
                [
                    0.0,
                    0.7480968832969666,
                    0.6635578274726868,
                    2.6749978065490723
                ],
                [
                    0.0,
                    0.0,
                    0.0,
                    1.0
                ]
            ]
        },
        {
            "file_path": "./train/r_22",
            "rotation": 0.06283185307179587,
            "transform_matrix": [
                [
                    0.7054895758628845,
                    -0.19672544300556183,
                    0.6808099150657654,
                    2.7445459365844727
                ],
                [
                    0.708659827709198,
                    0.19584538042545319,
                    -0.6777642965316772,
                    -2.7322680950164795
                ],
                [
                    0.0,
                    0.960694432258606,
                    0.27758005261421204,
                    1.1190072298049927
                ],
                [
                    0.0,
                    0.0,
                    0.0,
                    1.0
                ]
            ]
        },
        {
            "file_path": "./train/r_23",
            "rotation": 0.06283185307179587,
            "transform_matrix": [
                [
                    0.9194478392601013,
                    0.06212105229496956,
                    -0.3881645202636719,
                    -1.5648057460784912
                ],
                [
                    -0.3931029736995697,
                    0.14529797434806824,
                    -0.9078970551490784,
                    -3.660001039505005
                ],
                [
                    0.0,
                    0.9874306321144104,
                    0.1580149382352829,
                    0.6370048522949219
                ],
                [
                    0.0,
                    0.0,
                    0.0,
                    1.0
                ]
            ]
        },
        {
            "file_path": "./train/r_24",
            "rotation": 0.06283185307179587,
            "transform_matrix": [
                [
                    -0.8430984616279602,
                    -0.10879182070493698,
                    0.5265598297119141,
                    2.122718334197998
                ],
                [
                    0.5376793742179871,
                    -0.17058904469013214,
                    0.8256626725196838,
                    3.3284900188446045
                ],
                [
                    -7.450260408603526e-09,
                    0.9793128967285156,
                    0.20231981575489044,
                    0.815610945224762
                ],
                [
                    0.0,
                    0.0,
                    0.0,
                    1.0
                ]
            ]
        },
        {
            "file_path": "./train/r_25",
            "rotation": 0.06283185307179587,
            "transform_matrix": [
                [
                    -0.9927691221237183,
                    0.06738471239805222,
                    -0.09891106188297272,
                    -0.39873969554901123
                ],
                [
                    -0.11968175321817398,
                    -0.5589612722396851,
                    0.8204746246337891,
                    3.3075757026672363
                ],
                [
                    -7.450260852692736e-09,
                    0.8264452219009399,
                    0.5629878640174866,
                    2.2695703506469727
                ],
                [
                    0.0,
                    0.0,
                    0.0,
                    1.0
                ]
            ]
        },
        {
            "file_path": "./train/r_26",
            "rotation": 0.06283185307179587,
            "transform_matrix": [
                [
                    -0.5941794514656067,
                    -0.4591127336025238,
                    0.6603770852088928,
                    2.662175178527832
                ],
                [
                    0.8042792677879333,
                    -0.3391798734664917,
                    0.4878684878349304,
                    1.9667420387268066
                ],
                [
                    0.0,
                    0.8210739493370056,
                    0.5707922577857971,
                    2.301032304763794
                ],
                [
                    0.0,
                    0.0,
                    0.0,
                    1.0
                ]
            ]
        },
        {
            "file_path": "./train/r_27",
            "rotation": 0.06283185307179587,
            "transform_matrix": [
                [
                    -0.134213387966156,
                    -0.4816250205039978,
                    0.866001307964325,
                    3.4911069869995117
                ],
                [
                    0.9909091591835022,
                    -0.06523356586694717,
                    0.1172952875494957,
                    0.47285196185112
                ],
                [
                    3.725130426346368e-09,
                    0.8739404082298279,
                    0.48600509762763977,
                    1.9592301845550537
                ],
                [
                    0.0,
                    0.0,
                    0.0,
                    1.0
                ]
            ]
        },
        {
            "file_path": "./train/r_28",
            "rotation": 0.06283185307179587,
            "transform_matrix": [
                [
                    -0.6943438649177551,
                    0.3721836507320404,
                    -0.6158667206764221,
                    -2.482740640640259
                ],
                [
                    -0.7195838093757629,
                    -0.35912907123565674,
                    0.5942647457122803,
                    2.3956568241119385
                ],
                [
                    0.0,
                    0.8558595180511475,
                    0.5171797871589661,
                    2.084904432296753
                ],
                [
                    0.0,
                    0.0,
                    0.0,
                    1.0
                ]
            ]
        },
        {
            "file_path": "./train/r_29",
            "rotation": 0.06283185307179587,
            "transform_matrix": [
                [
                    -0.8865458965301514,
                    -0.19828364253044128,
                    0.41789668798446655,
                    1.6846649646759033
                ],
                [
                    0.46254783868789673,
                    -0.38004183769226074,
                    0.800964891910553,
                    3.228926181793213
                ],
                [
                    0.0,
                    0.9034608602523804,
                    0.4286430776119232,
                    1.7279869318008423
                ],
                [
                    0.0,
                    0.0,
                    0.0,
                    1.0
                ]
            ]
        },
        {
            "file_path": "./train/r_30",
            "rotation": 0.06283185307179587,
            "transform_matrix": [
                [
                    0.9508622288703918,
                    -0.23588240146636963,
                    0.20034736394882202,
                    0.807659387588501
                ],
                [
                    0.30947571992874146,
                    0.7247471809387207,
                    -0.6155659556388855,
                    -2.4815282821655273
                ],
                [
                    -1.4900521705385472e-08,
                    0.6473723649978638,
                    0.7621397376060486,
                    3.0724103450775146
                ],
                [
                    0.0,
                    0.0,
                    0.0,
                    1.0
                ]
            ]
        },
        {
            "file_path": "./train/r_31",
            "rotation": 0.06283185307179587,
            "transform_matrix": [
                [
                    0.35058003664016724,
                    0.7593607306480408,
                    -0.5481091737747192,
                    -2.209589719772339
                ],
                [
                    -0.9364869594573975,
                    0.2842716872692108,
                    -0.20518825948238373,
                    -0.8271744251251221
                ],
                [
                    1.4900519929028633e-08,
                    0.5852783918380737,
                    0.8107969164848328,
                    3.268561601638794
                ],
                [
                    0.0,
                    0.0,
                    0.0,
                    1.0
                ]
            ]
        },
        {
            "file_path": "./train/r_32",
            "rotation": 0.06283185307179587,
            "transform_matrix": [
                [
                    -0.9989163875579834,
                    -0.02100377157330513,
                    0.04048871248960495,
                    0.16322197020053864
                ],
                [
                    0.045612018555402756,
                    -0.45998871326446533,
                    0.886714518070221,
                    3.574608325958252
                ],
                [
                    1.862565435217789e-09,
                    0.887670636177063,
                    0.46045130491256714,
                    1.856215238571167
                ],
                [
                    0.0,
                    0.0,
                    0.0,
                    1.0
                ]
            ]
        },
        {
            "file_path": "./train/r_33",
            "rotation": 0.06283185307179587,
            "transform_matrix": [
                [
                    0.6777915358543396,
                    -0.12855809926986694,
                    0.7238705158233643,
                    2.9181361198425293
                ],
                [
                    0.7351958155632019,
                    0.11852024495601654,
                    -0.6673505902290344,
                    -2.6902873516082764
                ],
                [
                    0.0,
                    0.984589159488678,
                    0.1748485267162323,
                    0.7048661112785339
                ],
                [
                    0.0,
                    0.0,
                    0.0,
                    1.0
                ]
            ]
        },
        {
            "file_path": "./train/r_34",
            "rotation": 0.06283185307179587,
            "transform_matrix": [
                [
                    0.9461700916290283,
                    0.1347053349018097,
                    -0.2941637635231018,
                    -1.1858611106872559
                ],
                [
                    -0.3235369920730591,
                    0.3939400315284729,
                    -0.8602694272994995,
                    -3.4680001735687256
                ],
                [
                    7.4502595204251065e-09,
                    0.909206211566925,
                    0.4163191616535187,
                    1.6783055067062378
                ],
                [
                    0.0,
                    0.0,
                    0.0,
                    1.0
                ]
            ]
        },
        {
            "file_path": "./train/r_35",
            "rotation": 0.06283185307179587,
            "transform_matrix": [
                [
                    0.7071573138237,
                    -0.7035043835639954,
                    0.07044005393981934,
                    0.2839646637439728
                ],
                [
                    0.7069956660270691,
                    0.7036652565002441,
                    -0.07045616209506989,
                    -0.2840295732021332
                ],
                [
                    0.0,
                    0.09963212162256241,
                    0.9949831962585449,
                    4.01107120513916
                ],
                [
                    0.0,
                    0.0,
                    0.0,
                    1.0
                ]
            ]
        },
        {
            "file_path": "./train/r_36",
            "rotation": 0.06283185307179587,
            "transform_matrix": [
                [
                    -0.9941717982292175,
                    0.09610326588153839,
                    -0.04797225072979927,
                    -0.19339032471179962
                ],
                [
                    -0.10740793496370316,
                    -0.8895353078842163,
                    0.4440329372882843,
                    1.7900278568267822
                ],
                [
                    0.0,
                    0.4466329514980316,
                    0.8946791291236877,
                    3.6067159175872803
                ],
                [
                    0.0,
                    0.0,
                    0.0,
                    1.0
                ]
            ]
        },
        {
            "file_path": "./train/r_37",
            "rotation": 0.06283185307179587,
            "transform_matrix": [
                [
                    -0.7922780513763428,
                    0.5349120497703552,
                    -0.29342934489250183,
                    -1.1829004287719727
                ],
                [
                    -0.6100898385047913,
                    -0.6946502327919006,
                    0.38105472922325134,
                    1.5361441373825073
                ],
                [
                    -1.4900519929028633e-08,
                    0.4809575080871582,
                    0.8767063021659851,
                    3.534262180328369
                ],
                [
                    0.0,
                    0.0,
                    0.0,
                    1.0
                ]
            ]
        },
        {
            "file_path": "./train/r_38",
            "rotation": 0.06283185307179587,
            "transform_matrix": [
                [
                    0.1981133073568344,
                    -0.9744343161582947,
                    0.10590142756700516,
                    0.42691993713378906
                ],
                [
                    0.9801353812217712,
                    0.19696098566055298,
                    -0.021405698731541634,
                    -0.08629269897937775
                ],
                [
                    0.0,
                    0.1080465316772461,
                    0.9941046833992004,
                    4.0075297355651855
                ],
                [
                    0.0,
                    0.0,
                    0.0,
                    1.0
                ]
            ]
        },
        {
            "file_path": "./train/r_39",
            "rotation": 0.06283185307179587,
            "transform_matrix": [
                [
                    -0.7430927753448486,
                    0.4076014459133148,
                    -0.5306618213653564,
                    -2.139254570007324
                ],
                [
                    -0.6691243648529053,
                    -0.4526597559452057,
                    0.5893239378929138,
                    2.3757388591766357
                ],
                [
                    1.4900521705385472e-08,
                    0.7930638194084167,
                    0.6091082096099854,
                    2.4554951190948486
                ],
                [
                    0.0,
                    0.0,
                    0.0,
                    1.0
                ]
            ]
        },
        {
            "file_path": "./train/r_40",
            "rotation": 0.06283185307179587,
            "transform_matrix": [
                [
                    0.2072141170501709,
                    -0.9438929557800293,
                    0.25711938738822937,
                    1.0365241765975952
                ],
                [
                    0.9782518148422241,
                    0.19993619620800018,
                    -0.05446324124932289,
                    -0.21955741941928864
                ],
                [
                    0.0,
                    0.262833833694458,
                    0.9648008346557617,
                    3.889397382736206
                ],
                [
                    0.0,
                    0.0,
                    0.0,
                    1.0
                ]
            ]
        },
        {
            "file_path": "./train/r_41",
            "rotation": 0.06283185307179587,
            "transform_matrix": [
                [
                    0.9764079451560974,
                    -0.1505870819091797,
                    0.15448999404907227,
                    0.6227947473526001
                ],
                [
                    0.2157355695962906,
                    0.6815493106842041,
                    -0.6992136240005493,
                    -2.8187365531921387
                ],
                [
                    -7.450260852692736e-09,
                    0.7161033153533936,
                    0.6979617476463318,
                    2.813689708709717
                ],
                [
                    0.0,
                    0.0,
                    0.0,
                    1.0
                ]
            ]
        },
        {
            "file_path": "./train/r_42",
            "rotation": 0.06283185307179587,
            "transform_matrix": [
                [
                    0.20342183113098145,
                    0.8952792882919312,
                    -0.3963204324245453,
                    -1.5976847410202026
                ],
                [
                    -0.9790473580360413,
                    0.18601690232753754,
                    -0.08234558254480362,
                    -0.33195939660072327
                ],
                [
                    0.0,
                    0.4047994613647461,
                    0.9143667817115784,
                    3.6860828399658203
                ],
                [
                    0.0,
                    0.0,
                    0.0,
                    1.0
                ]
            ]
        },
        {
            "file_path": "./train/r_43",
            "rotation": 0.06283185307179587,
            "transform_matrix": [
                [
                    0.6730260848999023,
                    0.3166922628879547,
                    -0.6683300733566284,
                    -2.6942360401153564
                ],
                [
                    -0.7395607233047485,
                    0.2882010042667389,
                    -0.6082037091255188,
                    -2.4518489837646484
                ],
                [
                    -1.4900522593563892e-08,
                    0.9036791324615479,
                    0.42818284034729004,
                    1.7261314392089844
                ],
                [
                    0.0,
                    0.0,
                    0.0,
                    1.0
                ]
            ]
        },
        {
            "file_path": "./train/r_44",
