{
    "camera_angle_x": 0.6911112070083618,
    "frames": [
        {
            "file_path": "./train/r_0",
            "rotation": 0.06283185307179587,
            "transform_matrix": [
                [
                    -0.20413954555988312,
                    -0.7541128993034363,
                    0.6241788864135742,
                    2.516249656677246
                ],
                [
                    0.9788980484008789,
                    -0.15726280212402344,
                    0.13016635179519653,
                    0.5247390270233154
                ],
                [
                    0.0,
                    0.6376301050186157,
                    0.7703081965446472,
                    3.105340003967285
                ],
                [
                    0.0,
                    0.0,
                    0.0,
                    1.0
                ]
            ]
        },
        {
            "file_path": "./train/r_1",
            "rotation": 0.06283185307179587,
            "transform_matrix": [
                [
                    -0.807258665561676,
                    -0.5824059247970581,
                    0.0952708050608635,
                    0.3840647339820862
                ],
                [
                    0.5901249647140503,
                    -0.796699583530426,
                    0.13032527267932892,
                    0.5253796577453613
                ],
                [
                    0.0,
                    0.1614408642053604,
                    0.9868414998054504,
                    3.9782495498657227
                ],
                [
                    0.0,
                    0.0,
                    0.0,
                    1.0
                ]
            ]
        },
        {
            "file_path": "./train/r_2",
            "rotation": 0.06283185307179587,
            "transform_matrix": [
                [
                    -0.05696753412485123,
                    0.8564876914024353,
                    -0.5129854083061218,
                    -2.067995548248291
                ],
                [
                    -0.9983330368995667,
                    -0.04887345805764198,
                    0.029272308573126793,
                    0.11800530552864075
                ],
                [
                    0.0,
                    0.5138385891914368,
                    0.8578499555587769,
                    3.4582462310791016
                ],
                [
                    0.0,
                    0.0,
                    0.0,
                    1.0
                ]
            ]
        },
        {
            "file_path": "./train/r_3",
            "rotation": 0.06283185307179587,
            "transform_matrix": [
                [
                    0.9542189836502075,
                    -0.16797395050525665,
                    0.24732033908367157,
                    0.9970212578773499
                ],
                [
                    0.2989652752876282,
                    0.5361288785934448,
                    -0.7893818020820618,
                    -3.1822309494018555
                ],
                [
                    -1.4900519929028633e-08,
                    0.8272488713264465,
                    0.5618064999580383,
                    2.26480770111084
                ],
                [
                    0.0,
                    0.0,
                    0.0,
                    1.0
                ]
            ]
        },
        {
            "file_path": "./train/r_4",
            "rotation": 0.06283185307179587,
            "transform_matrix": [
                [
                    -0.9958000183105469,
                    -0.03628598526120186,
                    0.08354657143354416,
                    0.3368009030818939
                ],
                [
                    0.09108556807041168,
                    -0.39669936895370483,
                    0.9133793711662292,
                    3.6821019649505615
                ],
                [
                    3.725130870435578e-09,
                    0.9172255992889404,
                    0.39834097027778625,
                    1.6058299541473389
                ],
                [
                    0.0,
                    0.0,
                    0.0,
                    1.0
                ]
            ]
        },
        {
            "file_path": "./train/r_5",
            "rotation": 0.06283185307179587,
            "transform_matrix": [
                [
                    -0.9632071852684021,
                    -0.22724124789237976,
                    0.14321830868721008,
                    0.5773552656173706
                ],
                [
                    0.2686002254486084,
                    -0.8148928284645081,
                    0.5135844945907593,
                    2.07041072845459
                ],
                [
                    0.0,
                    0.5331989526748657,
                    0.8459532856941223,
                    3.410287380218506
                ],
                [
                    0.0,
                    0.0,
                    0.0,
                    1.0
                ]
            ]
        },
        {
            "file_path": "./train/r_6",
            "rotation": 0.06283185307179587,
            "transform_matrix": [
                [
                    -0.830791711807251,
                    -0.45886296033859253,
                    0.3148972690105438,
                    1.2694438695907593
                ],
                [
                    0.5565061569213867,
                    -0.6850230097770691,
                    0.47010084986686707,
                    1.8951153755187988
                ],
                [
                    1.4900519929028633e-08,
                    0.5658431053161621,
                    0.8244770169258118,
                    3.3237104415893555
                ],
                [
                    0.0,
                    0.0,
                    0.0,
                    1.0
                ]
            ]
        },
        {
            "file_path": "./train/r_7",
            "rotation": 0.06283185307179587,
            "transform_matrix": [
                [
                    -0.2776038944721222,
                    -0.5172674655914307,
                    0.8095104098320007,
                    3.2633752822875977
                ],
                [
                    0.9606508016586304,
                    -0.1494772583246231,
                    0.2339281141757965,
                    0.9430333375930786
                ],
                [
                    -7.450259964514316e-09,
                    0.8426629900932312,
                    0.5384125113487244,
                    2.170499801635742
                ],
                [
                    0.0,
                    0.0,
                    0.0,
                    1.0
                ]
            ]
        },
        {
            "file_path": "./train/r_8",
            "rotation": 0.06283185307179587,
            "transform_matrix": [
                [
                    -0.8493587970733643,
                    -0.21845610439777374,
                    0.48040109872817993,
                    1.9366388320922852
                ],
                [
                    0.5277348160743713,
                    -0.3515925407409668,
                    0.7731779217720032,
                    3.1169087886810303
                ],
                [
                    0.0,
                    0.9103018641471863,
                    0.41391777992248535,
                    1.6686248779296875
                ],
                [
                    0.0,
                    0.0,
                    0.0,
                    1.0
                ]
            ]
        },
        {
            "file_path": "./train/r_9",
            "rotation": 0.06283185307179587,
            "transform_matrix": [
                [
                    -0.9550579786300659,
                    -0.04016849771142006,
                    0.2935391366481781,
                    1.1833429336547852
                ],
                [
                    0.2962740361690521,
                    -0.12948566675186157,
                    0.9462417960166931,
                    3.814579963684082
                ],
                [
                    0.0,
                    0.9907623529434204,
                    0.13556812703609467,
                    0.5465151071548462
                ],
                [
                    0.0,
                    0.0,
                    0.0,
                    1.0
                ]
            ]
        },
        {
            "file_path": "./train/r_10",
            "rotation": 0.06283185307179587,
            "transform_matrix": [
                [
                    -0.6483534574508667,
                    0.46767657995224,
                    -0.6007065773010254,
                    -2.4216256141662598
                ],
                [
                    -0.7612830996513367,
                    -0.3983008563518524,
                    0.5115969777107239,
                    2.062398672103882
                ],
                [
                    0.0,
                    0.7890660166740417,
                    0.6142780184745789,
                    2.4763362407684326
                ],
                [
                    0.0,
                    0.0,
                    0.0,
                    1.0
                ]
            ]
        },
        {
            "file_path": "./train/r_11",
            "rotation": 0.06283185307179587,
            "transform_matrix": [
                [
                    -0.9883543848991394,
                    -0.05035683512687683,
                    0.14329780638217926,
                    0.5776757597923279
                ],
                [
                    0.15188750624656677,
                    -0.3276793360710144,
                    0.9324600100517273,
                    3.759021520614624
                ],
                [
                    0.0,
                    0.9434407353401184,
                    0.3315140902996063,
                    1.3364311456680298
                ],
                [
                    0.0,
                    0.0,
                    0.0,
                    1.0
                ]
            ]
        },
        {
            "file_path": "./train/r_12",
            "rotation": 0.06283185307179587,
            "transform_matrix": [
                [
                    0.46099159121513367,
                    -0.30525073409080505,
                    0.833206057548523,
                    3.3588993549346924
                ],
                [
                    0.8873561024665833,
                    0.1585812270641327,
                    -0.43286001682281494,
                    -1.7449862957000732
                ],
                [
                    -1.4900520817207052e-08,
                    0.9389695525169373,
                    0.3439730703830719,
                    1.3866567611694336
                ],
                [
                    0.0,
                    0.0,
                    0.0,
                    1.0
                ]
            ]
        },
        {
            "file_path": "./train/r_13",
            "rotation": 0.06283185307179587,
            "transform_matrix": [
                [
                    0.8157922029495239,
                    0.2895212471485138,
                    -0.5005814433097839,
                    -2.017991781234741
                ],
                [
                    -0.5782708525657654,
                    0.40844041109085083,
                    -0.7061923742294312,
                    -2.846869945526123
                ],
                [
                    0.0,
                    0.8656464219093323,
                    0.5006275177001953,
                    2.0181775093078613
                ],
                [
                    0.0,
                    0.0,
                    0.0,
                    1.0
                ]
            ]
        },
        {
            "file_path": "./train/r_14",
            "rotation": 0.06283185307179587,
            "transform_matrix": [
                [
                    0.8974445462226868,
                    0.21355167031288147,
                    -0.38588467240333557,
                    -1.5556151866912842
                ],
                [
                    -0.4410298466682434,
                    0.4345528781414032,
                    -0.7852305173873901,
                    -3.1654961109161377
                ],
                [
                    0.0,
                    0.8749568462371826,
                    0.4841729998588562,
                    1.9518444538116455
                ],
                [
                    0.0,
                    0.0,
                    0.0,
                    1.0
                ]
            ]
        },
        {
            "file_path": "./train/r_15",
            "rotation": 0.06283185307179587,
            "transform_matrix": [
                [
                    0.26624661684036255,
                    -0.3090325593948364,
                    0.9129816889762878,
                    3.6804990768432617
                ],
                [
                    0.9638604521751404,
                    0.08536389470100403,
                    -0.2521924078464508,
                    -1.0166621208190918
                ],
                [
                    0.0,
                    0.9472073316574097,
                    0.32059425115585327,
                    1.292410135269165
                ],
                [
                    0.0,
                    0.0,
                    0.0,
                    1.0
                ]
            ]
        },
        {
            "file_path": "./train/r_16",
            "rotation": 0.06283185307179587,
            "transform_matrix": [
                [
                    -0.052894335240125656,
                    -0.5722974538803101,
                    0.8183025121688843,
                    3.298819065093994
                ],
                [
                    0.9985571503639221,
                    -0.030315030366182327,
                    0.043346107006073,
                    0.1747409701347351
                ],
                [
                    -1.862565213173184e-09,
                    0.8194794058799744,
                    0.5730790495872498,
                    2.310250997543335
                ],
                [
                    0.0,
                    0.0,
                    0.0,
                    1.0
                ]
            ]
        },
        {
            "file_path": "./train/r_17",
            "rotation": 0.06283185307179587,
            "transform_matrix": [
                [
                    -0.17992845177650452,
                    -0.3703448474407196,
                    0.9112615585327148,
                    3.6735646724700928
                ],
                [
                    0.9836360812187195,
                    -0.06774414330720901,
                    0.16668958961963654,
                    0.6719749569892883
                ],
                [
                    7.450261296781946e-09,
                    0.926415205001831,
                    0.3764761686325073,
                    1.5176867246627808
                ],
                [
                    0.0,
                    0.0,
                    0.0,
                    1.0
                ]
            ]
        },
        {
            "file_path": "./train/r_18",
            "rotation": 0.06283185307179587,
            "transform_matrix": [
                [
                    0.8104439377784729,
                    -0.15406475961208344,
                    0.5651208162307739,
                    2.2781691551208496
                ],
                [
                    0.5857428908348083,
                    0.21316666901111603,
                    -0.7819109559059143,
                    -3.152114152908325
                ],
                [
                    0.0,
                    0.9647870659828186,
                    0.2630036771297455,
                    1.0602456331253052
                ],
                [
                    0.0,
                    0.0,
                    0.0,
                    1.0
                ]
            ]
        },
        {
            "file_path": "./train/r_19",
            "rotation": 0.06283185307179587,
            "transform_matrix": [
                [
                    0.12026617676019669,
                    0.37604624032974243,
                    -0.9187235236167908,
                    -3.703645944595337
                ],
                [
                    -0.9926984906196594,
                    0.04555828124284744,
                    -0.11130405217409134,
                    -0.4486995041370392
                ],
                [
                    -3.725130426346368e-09,
                    0.9254748821258545,
                    0.37878215312957764,
                    1.5269827842712402
                ],
                [
                    0.0,
                    0.0,
                    0.0,
                    1.0
                ]
            ]
        },
        {
            "file_path": "./train/r_20",
            "rotation": 0.06283185307179587,
            "transform_matrix": [
                [
                    -0.586016833782196,
                    -0.4008716642856598,
                    0.7041407227516174,
                    2.8385989665985107
                ],
                [
                    0.8102459907531738,
                    -0.28993362188339233,
                    0.5092753767967224,
                    2.053039312362671
                ],
                [
                    0.0,
                    0.8690397143363953,
                    0.49471399188041687,
                    1.994338035583496
                ],
                [
                    0.0,
                    0.0,
                    0.0,
                    1.0
                ]
            ]
        },
        {
            "file_path": "./train/r_21",
            "rotation": 0.06283185307179587,
            "transform_matrix": [
                [
                    -0.9857789874076843,
                    -0.062309734523296356,
                    0.15579408407211304,
                    0.6280519366264343
                ],
                [
                    0.16779130697250366,
                    -0.36607158184051514,
                    0.9152949452400208,
                    3.689824104309082
                ],
                [
                    0.0,
                    0.9284927845001221,
                    0.37132319808006287,
                    1.4969134330749512
                ],
                [
                    0.0,
                    0.0,
                    0.0,
                    1.0
                ]
            ]
        },
        {
            "file_path": "./train/r_22",
            "rotation": 0.06283185307179587,
            "transform_matrix": [
                [
                    0.019374515861272812,
                    0.9637529850006104,
                    -0.2660627067089081,
                    -1.0725772380828857
                ],
                [
                    -0.9997693300247192,
                    0.018676554784178734,
                    -0.005156025756150484,
                    -0.020785460248589516
                ],
                [
                    0.0,
                    0.26612237095832825,
                    0.9638991355895996,
                    3.8857617378234863
                ],
                [
                    0.0,
                    0.0,
                    0.0,
                    1.0
                ]
            ]
        },
        {
            "file_path": "./train/r_23",
            "rotation": 0.06283185307179587,
            "transform_matrix": [
                [
                    -0.6514725089073181,
                    0.7207831144332886,
                    -0.23666244745254517,
                    -0.9540561437606812
                ],
                [
                    -0.7586156725883484,
                    -0.6189831495285034,
                    0.203237384557724,
                    0.8193098306655884
                ],
                [
                    0.0,
                    0.3119639456272125,
                    0.9500542283058167,
                    3.829948663711548
                ],
                [
                    0.0,
                    0.0,
                    0.0,
                    1.0
                ]
            ]
        },
        {
            "file_path": "./train/r_24",
            "rotation": 0.06283185307179587,
            "transform_matrix": [
                [
                    -0.745011568069458,
                    -0.5349184274673462,
                    0.39844268560409546,
                    1.606240153312683
                ],
                [
                    0.6669872999191284,
                    -0.5974932312965393,
                    0.44505253434181213,
                    1.7941383123397827
                ],
                [
                    1.4900521705385472e-08,
                    0.5973727107048035,
                    0.8019283413887024,
                    3.2328100204467773
                ],
                [
                    0.0,
                    0.0,
                    0.0,
                    1.0
                ]
            ]
        },
        {
            "file_path": "./train/r_25",
            "rotation": 0.06283185307179587,
            "transform_matrix": [
                [
                    0.5899314284324646,
                    -0.25969889760017395,
                    0.7644988894462585,
                    3.081920862197876
                ],
                [
                    0.8074002265930176,
                    0.18975043296813965,
                    -0.5585853457450867,
                    -2.2518224716186523
                ],
                [
                    0.0,
                    0.9468587040901184,
                    0.3216227889060974,
                    1.2965564727783203
                ],
                [
                    0.0,
                    0.0,
                    0.0,
                    1.0
                ]
            ]
        },
        {
            "file_path": "./train/r_26",
            "rotation": 0.06283185307179587,
            "transform_matrix": [
                [
                    -0.28577426075935364,
                    0.617618203163147,
                    -0.7326838374137878,
                    -2.953665018081665
                ],
                [
                    -0.9582521915435791,
                    -0.1841888576745987,
                    0.21850423514842987,
                    0.880855143070221
                ],
                [
                    0.0,
                    0.7645993232727051,
                    0.6444746851921082,
                    2.5980679988861084
                ],
                [
                    0.0,
                    0.0,
                    0.0,
                    1.0
                ]
            ]
        },
        {
            "file_path": "./train/r_27",
            "rotation": 0.06283185307179587,
            "transform_matrix": [
                [
                    -0.11825384199619293,
                    0.5036332011222839,
                    -0.8557484149932861,
                    -3.449774742126465
                ],
                [
                    -0.9929401874542236,
                    -0.05998000502586365,
                    0.10191503912210464,
                    0.4108496308326721
                ],
                [
                    0.0,
                    0.8618270754814148,
                    0.5071738958358765,
                    2.044567584991455
                ],
                [
                    0.0,
                    0.0,
                    0.0,
                    1.0
                ]
            ]
        },
        {
            "file_path": "./train/r_28",
            "rotation": 0.06283185307179587,
            "transform_matrix": [
                [
                    -0.5741684436798096,
                    -0.7862353324890137,
                    0.22831113636493683,
                    0.9203896522521973
                ],
                [
                    0.8186848759651184,
                    -0.5514105558395386,
                    0.16012147068977356,
                    0.6454969644546509
                ],
                [
                    1.4900521705385472e-08,
                    0.2788737118244171,
                    0.9602876901626587,
                    3.8712034225463867
                ],
                [
                    0.0,
                    0.0,
                    0.0,
                    1.0
                ]
            ]
        },
        {
            "file_path": "./train/r_29",
            "rotation": 0.06283185307179587,
            "transform_matrix": [
                [
                    0.7513429522514343,
                    -0.25696176290512085,
                    0.6077621579170227,
                    2.450068473815918
                ],
                [
                    0.6598469018936157,
                    0.29259273409843445,
                    -0.6920360326766968,
                    -2.7898011207580566
                ],
                [
                    1.4900520817207052e-08,
                    0.921059250831604,
                    0.3893955945968628,
                    1.5697684288024902
                ],
                [
                    0.0,
                    0.0,
                    0.0,
                    1.0
                ]
            ]
        },
        {
            "file_path": "./train/r_30",
            "rotation": 0.06283185307179587,
            "transform_matrix": [
                [
                    -0.9721443057060242,
                    -0.18988628685474396,
                    0.13709668815135956,
                    0.5526772737503052
                ],
                [
                    0.23419974744319916,
                    -0.7882027626037598,
                    0.5690773725509644,
                    2.294118881225586
                ],
                [
                    0.0,
                    0.5853798389434814,
                    0.810723602771759,
                    3.268266201019287
                ],
                [
                    0.0,
                    0.0,
                    0.0,
                    1.0
                ]
            ]
        },
        {
            "file_path": "./train/r_31",
            "rotation": 0.06283185307179587,
            "transform_matrix": [
                [
                    0.9888532757759094,
                    -0.09383976459503174,
                    0.11523087322711945,
                    0.46452969312667847
                ],
                [
                    0.14860466122627258,
                    0.6244337558746338,
                    -0.7667756080627441,
                    -3.0910990238189697
                ],
                [
                    -7.450260852692736e-09,
                    0.7754138708114624,
                    0.6314224600791931,
                    2.5454506874084473
                ],
                [
                    0.0,
                    0.0,
                    0.0,
                    1.0
                ]
            ]
        },
        {
            "file_path": "./train/r_32",
            "rotation": 0.06283185307179587,
            "transform_matrix": [
                [
                    0.339883416891098,
                    -0.5672991871833801,
                    0.7500607967376709,
                    3.023716688156128
                ],
                [
                    0.9404219388961792,
                    0.2050309181213379,
                    -0.27108386158943176,
                    -1.0928192138671875
                ],
                [
                    0.0,
                    0.7975736260414124,
                    0.6031912565231323,
                    2.4316420555114746
                ],
                [
                    0.0,
                    0.0,
                    0.0,
                    1.0
                ]
            ]
        },
        {
            "file_path": "./train/r_33",
            "rotation": 0.06283185307179587,
            "transform_matrix": [
                [
                    0.027402255684137344,
                    0.7148717641830444,
                    -0.6986858248710632,
                    -2.8166089057922363
                ],
                [
                    -0.9995816349983215,
                    0.01959729753434658,
                    -0.019153578206896782,
                    -0.07721373438835144
                ],
                [
                    0.0,
                    0.6989736557006836,
                    0.715114414691925,
                    2.8828375339508057
                ],
                [
                    0.0,
                    0.0,
                    0.0,
                    1.0
                ]
            ]
        },
        {
            "file_path": "./train/r_34",
            "rotation": 0.06283185307179587,
            "transform_matrix": [
                [
                    0.18776282668113708,
                    0.651017427444458,
                    -0.7354382872581482,
                    -2.964769124984741
                ],
                [
                    -0.9821707606315613,
                    0.12445583194494247,
                    -0.14059466123580933,
                    -0.5667786598205566
                ],
                [
                    7.450261296781946e-09,
                    0.7487837076187134,
                    0.6627827286720276,
                    2.671873092651367
                ],
                [
                    0.0,
                    0.0,
                    0.0,
                    1.0
                ]
            ]
        },
        {
            "file_path": "./train/r_35",
            "rotation": 0.06283185307179587,
            "transform_matrix": [
                [
                    -0.9937334060668945,
                    0.09511963278055191,
                    -0.05797421559691429,
                    -0.23371119797229767
                ],
                [
                    -0.11139145493507385,
                    -0.8485709428787231,
                    0.5171933174133301,
                    2.084959030151367
                ],
                [
                    0.0,
                    0.5204513072967529,
                    0.8538544774055481,
                    3.4421396255493164
                ],
                [
                    0.0,
                    0.0,
                    0.0,
                    1.0
                ]
            ]
        },
        {
            "file_path": "./train/r_36",
            "rotation": 0.06283185307179587,
            "transform_matrix": [
                [
                    0.49823856353759766,
                    0.6128833293914795,
                    -0.6132504940032959,
                    -2.472194194793701
                ],
                [
                    -0.8669906258583069,
                    0.3522092401981354,
                    -0.35242024064064026,
                    -1.4207102060317993
                ],
                [
                    1.4900523481742312e-08,
                    0.7073277831077576,
                    0.7068528532981873,
                    2.8495330810546875
                ],
                [
                    0.0,
                    0.0,
                    0.0,
                    1.0
                ]
            ]
        },
        {
            "file_path": "./train/r_37",
            "rotation": 0.06283185307179587,
            "transform_matrix": [
                [
                    0.9923284649848938,
                    0.05335582047700882,
                    -0.11113926768302917,
                    -0.44803521037101746
                ],
                [
                    -0.12328231334686279,
                    0.4294736087322235,
                    -0.8945862650871277,
                    -3.6063413619995117
                ],
                [
                    -3.725130426346368e-09,
                    0.9014962315559387,
                    0.4327595829963684,
                    1.744581699371338
                ],
                [
                    0.0,
                    0.0,
                    0.0,
                    1.0
                ]
            ]
        },
        {
            "file_path": "./train/r_38",
            "rotation": 0.06283185307179587,
            "transform_matrix": [
                [
                    -0.010203235782682896,
                    -0.6775281429290771,
                    0.7353925704956055,
                    2.9645848274230957
                ],
                [
                    0.9999050498008728,
                    -0.00691363587975502,
                    0.007504096254706383,
                    0.03025122918188572
                ],
                [
                    -4.656412755377204e-10,
                    0.7354575991630554,
                    0.6775387525558472,
                    2.7313590049743652
                ],
                [
                    0.0,
                    0.0,
                    0.0,
                    1.0
                ]
            ]
        },
        {
            "file_path": "./train/r_39",
            "rotation": 0.06283185307179587,
            "transform_matrix": [
                [
                    0.21796737611293793,
                    -0.7866594791412354,
                    0.5775977373123169,
                    2.32846736907959
                ],
                [
                    0.9759120941162109,
                    0.17569829523563385,
                    -0.12900491058826447,
                    -0.5200569033622742
                ],
                [
                    -7.450261296781946e-09,
                    0.5918503999710083,
                    0.8060123324394226,
                    3.2492740154266357
                ],
                [
                    0.0,
                    0.0,
                    0.0,
                    1.0
                ]
            ]
        },
        {
            "file_path": "./train/r_40",
            "rotation": 0.06283185307179587,
            "transform_matrix": [
                [
                    0.9515122175216675,
                    -0.2502899765968323,
                    0.17860139906406403,
                    0.7199950218200684
                ],
                [
                    0.30747145414352417,
                    0.7745563983917236,
                    -0.5527063012123108,
                    -2.2281224727630615
                ],
                [
                    0.0,
                    0.58086758852005,
                    0.8139622807502747,
                    3.281322479248047
                ],
                [
                    0.0,
                    0.0,
                    0.0,
                    1.0
                ]
            ]
        },
        {
            "file_path": "./train/r_41",
            "rotation": 0.06283185307179587,
            "transform_matrix": [
                [
                    -0.7740849852561951,
                    0.6125138998031616,
                    -0.15988071262836456,
                    -0.6445263624191284
                ],
                [
                    -0.6330140233039856,
                    -0.7490162253379822,
                    0.1955110728740692,
                    0.788162887096405
                ],
                [
                    1.4900523481742312e-08,
                    0.2525688707828522,
                    0.967538595199585,
                    3.9004340171813965
                ],
                [
                    0.0,
                    0.0,
                    0.0,
                    1.0
                ]
            ]
        },
        {
            "file_path": "./train/r_42",
            "rotation": 0.06283185307179587,
            "transform_matrix": [
                [
                    0.11861151456832886,
                    0.5599860548973083,
                    -0.819931149482727,
                    -3.305384635925293
                ],
                [
                    -0.9928975105285645,
                    0.06689591705799103,
                    -0.09794895350933075,
                    -0.3948611617088318
                ],
                [
                    0.0,
                    0.8257909417152405,
                    0.5639470815658569,
                    2.273437261581421
                ],
                [
                    0.0,
                    0.0,
                    0.0,
                    1.0
                ]
            ]
        },
        {
            "file_path": "./train/r_43",
            "rotation": 0.06283185307179587,
            "transform_matrix": [
                [
                    -0.19040793180465698,
                    0.1357100009918213,
                    -0.9722378253936768,
                    -3.919377326965332
                ],
                [
                    -0.981661319732666,
                    -0.0263229887932539,
                    0.18858009576797485,
                    0.7602219581604004
                ],
                [
                    0.0,
                    0.9903938174247742,
                    0.13823430240154266,
                    0.5572632551193237
                ],
                [
                    0.0,
                    0.0,
                    0.0,
                    1.0
                ]
            ]
        },
        {
            "file_path": "./train/r_44",
