{
    "camera_angle_x": 0.6911112070083618,
    "frames": [
        {
            "file_path": "./train/r_0",
            "rotation": 0.06283185307179587,
            "transform_matrix": [
                [
                    -0.9107599854469299,
                    0.12453038990497589,
                    -0.3936043977737427,
                    -1.586735725402832
                ],
                [
                    -0.4128324091434479,
                    -0.2747296094894409,
                    0.8683405518531799,
                    3.500537395477295
                ],
                [
                    0.0,
                    0.9534178972244263,
                    0.3016248941421509,
                    1.2159390449523926
                ],
                [
                    0.0,
                    0.0,
                    0.0,
                    1.0
                ]
            ]
        },
        {
            "file_path": "./train/r_1",
            "rotation": 0.06283185307179587,
            "transform_matrix": [
                [
                    0.7664009928703308,
                    -0.4664662778377533,
                    0.4415540099143982,
                    1.7800346612930298
                ],
                [
                    0.6422955393791199,
                    0.5565977096557617,
                    -0.5268718004226685,
                    -2.1239757537841797
                ],
                [
                    -1.4900520817207052e-08,
                    0.6874577403068542,
                    0.7261911034584045,
                    2.9274909496307373
                ],
                [
                    0.0,
                    0.0,
                    0.0,
                    1.0
                ]
            ]
        },
        {
            "file_path": "./train/r_2",
            "rotation": 0.06283185307179587,
            "transform_matrix": [
                [
                    0.9788800477981567,
                    0.13150173425674438,
                    -0.15625803172588348,
                    -0.6299222707748413
                ],
                [
                    -0.2042251080274582,
                    0.630306601524353,
                    -0.748967170715332,
                    -3.0193076133728027
                ],
                [
                    -7.450261296781946e-09,
                    0.7651214003562927,
                    0.6438548564910889,
                    2.595569133758545
                ],
                [
                    0.0,
                    0.0,
                    0.0,
                    1.0
                ]
            ]
        },
        {
            "file_path": "./train/r_3",
            "rotation": 0.06283185307179587,
            "transform_matrix": [
                [
                    -0.3479485809803009,
                    0.8909779191017151,
                    -0.29165834188461304,
                    -1.1757607460021973
                ],
                [
                    -0.9374678134918213,
                    -0.3306935131549835,
                    0.10825129598379135,
                    0.4363929033279419
                ],
                [
                    0.0,
                    0.3111110031604767,
                    0.9503338932991028,
                    3.8310763835906982
                ],
                [
                    0.0,
                    0.0,
                    0.0,
                    1.0
                ]
            ]
        },
        {
            "file_path": "./train/r_4",
            "rotation": 0.06283185307179587,
            "transform_matrix": [
                [
                    0.11023104190826416,
                    -0.6920372247695923,
                    0.7133622765541077,
                    2.8757739067077637
                ],
                [
                    0.9938628673553467,
                    0.07675503194332123,
                    -0.0791202262043953,
                    -0.31895703077316284
                ],
                [
                    -3.725130870435578e-09,
                    0.7177625894546509,
                    0.6962554454803467,
                    2.806811571121216
                ],
                [
                    0.0,
                    0.0,
                    0.0,
                    1.0
                ]
            ]
        },
        {
            "file_path": "./train/r_5",
            "rotation": 0.06283185307179587,
            "transform_matrix": [
                [
                    0.23027174174785614,
                    -0.6045763492584229,
                    0.7624999284744263,
                    3.073862075805664
                ],
                [
                    0.9730823636054993,
                    0.1430678814649582,
                    -0.18043917417526245,
                    -0.7274035215377808
                ],
                [
                    0.0,
                    0.7835871577262878,
                    0.6212512254714966,
                    2.5044469833374023
                ],
                [
                    0.0,
                    0.0,
                    0.0,
                    1.0
                ]
            ]
        },
        {
            "file_path": "./train/r_6",
            "rotation": 0.06283185307179587,
            "transform_matrix": [
                [
                    -0.9269742965698242,
                    0.3293827772140503,
                    -0.1792994737625122,
                    -0.7228091359138489
                ],
                [
                    -0.3750106990337372,
                    -0.8141884803771973,
                    0.4432034194469452,
                    1.7866839170455933
                ],
                [
                    0.0,
                    0.4781152307987213,
                    0.8782594799995422,
                    3.5405235290527344
                ],
                [
                    0.0,
                    0.0,
                    0.0,
                    1.0
                ]
            ]
        },
        {
            "file_path": "./train/r_7",
            "rotation": 0.06283185307179587,
            "transform_matrix": [
                [
                    0.35803720355033875,
                    0.16909000277519226,
                    -0.9182250499725342,
                    -3.7016358375549316
                ],
                [
                    -0.9336614012718201,
                    0.06484203785657883,
                    -0.35211771726608276,
                    -1.4194903373718262
                ],
                [
                    -3.725129982257158e-09,
                    0.9834603667259216,
                    0.181089848279953,
                    0.7300266027450562
                ],
                [
                    0.0,
                    0.0,
                    0.0,
                    1.0
                ]
            ]
        },
        {
            "file_path": "./train/r_8",
            "rotation": 0.06283185307179587,
            "transform_matrix": [
                [
                    0.8642886877059937,
                    0.13974906504154205,
                    -0.4831061363220215,
                    -1.9475436210632324
                ],
                [
                    -0.5029106140136719,
                    0.2401690036058426,
                    -0.8302532434463501,
                    -3.3469960689544678
                ],
                [
                    7.450260408603526e-09,
                    0.9606138467788696,
                    0.2778584957122803,
                    1.1201297044754028
                ],
                [
                    0.0,
                    0.0,
                    0.0,
                    1.0
                ]
            ]
        },
        {
            "file_path": "./train/r_9",
            "rotation": 0.06283185307179587,
            "transform_matrix": [
                [
                    0.2881355583667755,
                    0.23326799273490906,
                    -0.9287007451057434,
                    -3.7438669204711914
                ],
                [
                    -0.9575448632240295,
                    0.070192851126194,
                    -0.2794560492038727,
                    -1.1265698671340942
                ],
                [
                    0.0,
                    0.9698705673217773,
                    0.24359124898910522,
                    0.9819881916046143
                ],
                [
                    0.0,
                    0.0,
                    0.0,
                    1.0
                ]
            ]
        },
        {
            "file_path": "./train/r_10",
            "rotation": 0.06283185307179587,
            "transform_matrix": [
                [
                    0.6457309126853943,
                    -0.5538077354431152,
                    0.5256109237670898,
                    2.1188929080963135
                ],
                [
                    0.7635089755058289,
                    0.4683780372142792,
                    -0.44453078508377075,
                    -1.7920348644256592
                ],
                [
                    -1.4900524369920731e-08,
                    0.6884103417396545,
                    0.7252881526947021,
                    2.9238510131835938
                ],
                [
                    0.0,
                    0.0,
                    0.0,
                    1.0
                ]
            ]
        },
        {
            "file_path": "./train/r_11",
            "rotation": 0.06283185307179587,
            "transform_matrix": [
                [
                    0.8752924203872681,
                    -0.2564736604690552,
                    0.40988296270370483,
                    1.652359127998352
                ],
                [
                    0.48350512981414795,
                    0.4642959237098694,
                    -0.7420137524604797,
                    -2.991276264190674
                ],
                [
                    0.0,
                    0.847726583480835,
                    0.5304045677185059,
                    2.1382174491882324
                ],
                [
                    0.0,
                    0.0,
                    0.0,
                    1.0
                ]
            ]
        },
        {
            "file_path": "./train/r_12",
            "rotation": 0.06283185307179587,
            "transform_matrix": [
                [
                    0.7276732921600342,
                    0.5406458377838135,
                    -0.422055184841156,
                    -1.7014291286468506
                ],
                [
                    -0.6858612298965454,
                    0.5736051201820374,
                    -0.44778481125831604,
                    -1.8051528930664062
                ],
                [
                    1.4900522593563892e-08,
                    0.6153610348701477,
                    0.788210391998291,
                    3.17750883102417
                ],
                [
                    0.0,
                    0.0,
                    0.0,
                    1.0
                ]
            ]
        },
        {
            "file_path": "./train/r_13",
            "rotation": 0.06283185307179587,
            "transform_matrix": [
                [
                    0.5540303587913513,
                    -0.6383913159370422,
                    0.5342779159545898,
                    2.153831958770752
                ],
                [
                    0.832444965839386,
                    0.4248787760734558,
                    -0.3555864691734314,
                    -1.4334741830825806
                ],
                [
                    0.0,
                    0.6418134570121765,
                    0.7668264508247375,
                    3.091303825378418
                ],
                [
                    0.0,
                    0.0,
                    0.0,
                    1.0
                ]
            ]
        },
        {
            "file_path": "./train/r_14",
            "rotation": 0.06283185307179587,
            "transform_matrix": [
                [
                    0.9569574594497681,
                    0.07014026492834091,
                    -0.28147372603416443,
                    -1.1347037553787231
                ],
                [
                    -0.29008013010025024,
                    0.231388658285141,
                    -0.928565502166748,
                    -3.743321657180786
                ],
                [
                    0.0,
                    0.9703244566917419,
                    0.24177704751491547,
                    0.974674642086029
                ],
                [
                    0.0,
                    0.0,
                    0.0,
                    1.0
                ]
            ]
        },
        {
            "file_path": "./train/r_15",
            "rotation": 0.06283185307179587,
            "transform_matrix": [
                [
                    0.32588520646095276,
                    0.3568573594093323,
                    -0.8754301071166992,
                    -3.5291175842285156
                ],
                [
                    -0.9453639984130859,
                    0.12301559746265411,
                    -0.3017776310443878,
                    -1.2165547609329224
                ],
                [
                    -7.450262184960366e-09,
                    0.9260182976722717,
                    0.3774515390396118,
                    1.5216186046600342
                ],
                [
                    0.0,
                    0.0,
                    0.0,
                    1.0
                ]
            ]
        },
        {
            "file_path": "./train/r_16",
            "rotation": 0.06283185307179587,
            "transform_matrix": [
                [
                    -0.9851822257041931,
                    -0.16663244366645813,
                    0.03957422077655792,
                    0.15953537821769714
                ],
                [
                    0.17126119136810303,
                    -0.9585553407669067,
                    0.22765123844146729,
                    0.917729377746582
                ],
                [
                    0.0,
                    0.2310737818479538,
                    0.9728957414627075,
                    3.922030210494995
                ],
                [
                    0.0,
                    0.0,
                    0.0,
                    1.0
                ]
            ]
        },
        {
            "file_path": "./train/r_17",
            "rotation": 0.06283185307179587,
            "transform_matrix": [
                [
                    -0.6838976740837097,
                    -0.15996362268924713,
                    0.7117677927017212,
                    2.8693461418151855
                ],
                [
                    0.7295190691947937,
                    -0.14996008574962616,
                    0.6672564148902893,
                    2.6899075508117676
                ],
                [
                    0.0,
                    0.9756605625152588,
                    0.21925532817840576,
                    0.883882999420166
                ],
                [
                    0.0,
                    0.0,
                    0.0,
                    1.0
                ]
            ]
        },
        {
            "file_path": "./train/r_18",
            "rotation": 0.06283185307179587,
            "transform_matrix": [
                [
                    -0.9728067517280579,
                    -0.21518489718437195,
                    0.08520632237195969,
                    0.3434918522834778
                ],
                [
                    0.23143276572227478,
                    -0.9045103192329407,
                    0.35815709829330444,
                    1.44383704662323
                ],
                [
                    0.0,
                    0.36816632747650146,
                    0.9297208189964294,
                    3.747979164123535
                ],
                [
                    0.0,
                    0.0,
                    0.0,
                    1.0
                ]
            ]
        },
        {
            "file_path": "./train/r_19",
            "rotation": 0.06283185307179587,
            "transform_matrix": [
                [
                    0.3756589889526367,
                    -0.13552750647068024,
                    0.9167501330375671,
                    3.695690631866455
                ],
                [
                    0.9267116189002991,
                    0.054938480257987976,
                    -0.37162092328071594,
                    -1.498113751411438
                ],
                [
                    0.0,
                    0.9892442226409912,
                    0.14623400568962097,
                    0.5895124673843384
                ],
                [
                    0.0,
                    0.0,
                    0.0,
                    1.0
                ]
            ]
        },
        {
            "file_path": "./train/r_20",
            "rotation": 0.06283185307179587,
            "transform_matrix": [
                [
                    -0.5280190706253052,
                    0.6285012364387512,
                    -0.5710753798484802,
                    -2.302173614501953
                ],
                [
                    -0.8491820096969604,
                    -0.390800416469574,
                    0.35509318113327026,
                    1.4314855337142944
                ],
                [
                    -1.4900522593563892e-08,
                    0.6724962592124939,
                    0.7400669455528259,
                    2.983428478240967
                ],
                [
                    0.0,
                    0.0,
                    0.0,
                    1.0
                ]
            ]
        },
        {
            "file_path": "./train/r_21",
            "rotation": 0.06283185307179587,
            "transform_matrix": [
                [
                    -0.6225882768630981,
                    -0.6601437926292419,
                    0.4201686978340149,
                    1.6938241720199585
                ],
                [
                    0.7824946641921997,
                    -0.525240421295166,
                    0.3343053162097931,
                    1.3476834297180176
                ],
                [
                    1.4900520817207052e-08,
                    0.5369569063186646,
                    0.8435730934143066,
                    3.4006924629211426
                ],
                [
                    0.0,
                    0.0,
                    0.0,
                    1.0
                ]
            ]
        },
        {
            "file_path": "./train/r_22",
            "rotation": 0.06283185307179587,
            "transform_matrix": [
                [
                    0.6489728689193726,
                    -0.5611512064933777,
                    0.5136948823928833,
                    2.0708558559417725
                ],
                [
                    0.7607551217079163,
                    0.47869792580604553,
                    -0.43821465969085693,
                    -1.7665727138519287
                ],
                [
                    1.4900521705385472e-08,
                    0.6752389073371887,
                    0.7375655174255371,
                    2.973344564437866
                ],
                [
                    0.0,
                    0.0,
                    0.0,
                    1.0
                ]
            ]
        },
        {
            "file_path": "./train/r_23",
            "rotation": 0.06283185307179587,
            "transform_matrix": [
                [
                    0.9965147972106934,
                    -0.04065098986029625,
                    0.07224993407726288,
                    0.29126080870628357
                ],
                [
                    0.08290001004934311,
                    0.48865264654159546,
                    -0.8684934973716736,
                    -3.5011537075042725
                ],
                [
                    0.0,
                    0.8715251684188843,
                    0.4903227686882019,
                    1.9766359329223633
                ],
                [
                    0.0,
                    0.0,
                    0.0,
                    1.0
                ]
            ]
        },
        {
            "file_path": "./train/r_24",
            "rotation": 0.06283185307179587,
            "transform_matrix": [
                [
                    0.6598206162452698,
                    -0.33568570017814636,
                    0.6722171902656555,
                    2.7099061012268066
                ],
                [
                    0.7513660192489624,
                    0.2947862148284912,
                    -0.5903152227401733,
                    -2.379734992980957
                ],
                [
                    0.0,
                    0.8946542739868164,
                    0.4467318058013916,
                    1.800907850265503
                ],
                [
                    0.0,
                    0.0,
                    0.0,
                    1.0
                ]
            ]
        },
        {
            "file_path": "./train/r_25",
            "rotation": 0.06283185307179587,
            "transform_matrix": [
                [
                    -0.7845954298973083,
                    -0.09695601463317871,
                    0.6123117208480835,
                    2.468409299850464
                ],
                [
                    0.619938850402832,
                    -0.12270766496658325,
                    0.7749425172805786,
                    3.1240222454071045
                ],
                [
                    0.0,
                    0.9876904487609863,
                    0.1563836932182312,
                    0.6304289102554321
                ],
                [
                    0.0,
                    0.0,
                    0.0,
                    1.0
                ]
            ]
        },
        {
            "file_path": "./train/r_26",
            "rotation": 0.06283185307179587,
            "transform_matrix": [
                [
                    0.10409847646951675,
                    -0.8699153065681458,
                    0.4820612668991089,
                    1.943331241607666
                ],
                [
                    0.9945238828659058,
                    0.0910554975271225,
                    -0.0504581592977047,
                    -0.20341172814369202
                ],
                [
                    -3.725130426346368e-09,
                    0.4847123324871063,
                    0.8746361136436462,
                    3.525916337966919
                ],
                [
                    0.0,
                    0.0,
                    0.0,
                    1.0
                ]
            ]
        },
        {
            "file_path": "./train/r_27",
            "rotation": 0.06283185307179587,
            "transform_matrix": [
                [
                    -0.8325921297073364,
                    0.1755838543176651,
                    -0.5252408385276794,
                    -2.117400884628296
                ],
                [
                    -0.5538089275360107,
                    -0.2639714777469635,
                    0.7896431088447571,
                    3.1832845211029053
                ],
                [
                    -1.4900519040850213e-08,
                    0.9484089016914368,
                    0.3170225918292999,
                    1.278011679649353
                ],
                [
                    0.0,
                    0.0,
                    0.0,
                    1.0
                ]
            ]
        },
        {
            "file_path": "./train/r_28",
            "rotation": 0.06283185307179587,
            "transform_matrix": [
                [
                    -0.3537150025367737,
                    -0.7338249087333679,
                    0.5799506306648254,
                    2.337952136993408
                ],
                [
                    0.9353074431419373,
                    -0.27751824259757996,
                    0.219325989484787,
                    0.8841677308082581
                ],
                [
                    1.4900521705385472e-08,
                    0.62006014585495,
                    0.7845194935798645,
                    3.1626296043395996
                ],
                [
                    0.0,
                    0.0,
                    0.0,
                    1.0
                ]
            ]
        },
        {
            "file_path": "./train/r_29",
            "rotation": 0.06283185307179587,
            "transform_matrix": [
                [
                    0.3251623809337616,
                    -0.6965295672416687,
                    0.6395843625068665,
                    2.5783534049987793
                ],
                [
                    0.9456127882003784,
                    0.23951157927513123,
                    -0.21993014216423035,
                    -0.8866034150123596
                ],
                [
                    0.0,
                    0.6763656735420227,
                    0.73653244972229,
                    2.96917986869812
                ],
                [
                    0.0,
                    0.0,
                    0.0,
                    1.0
                ]
            ]
        },
        {
            "file_path": "./train/r_30",
            "rotation": 0.06283185307179587,
            "transform_matrix": [
                [
                    0.2834613025188446,
                    0.4414903521537781,
                    -0.8512738347053528,
                    -3.431736469268799
                ],
                [
                    -0.9589389562606812,
                    0.1305040866136551,
                    -0.2516356408596039,
                    -1.0144176483154297
                ],
                [
                    0.0,
                    0.8877188563346863,
                    0.46035826206207275,
                    1.8558402061462402
                ],
                [
                    0.0,
                    0.0,
                    0.0,
                    1.0
                ]
            ]
        },
        {
            "file_path": "./train/r_31",
            "rotation": 0.06283185307179587,
            "transform_matrix": [
                [
                    -0.7723236680030823,
                    0.4785749614238739,
                    -0.4176294207572937,
                    -1.6835875511169434
                ],
                [
                    -0.6351616382598877,
                    -0.5819223523139954,
                    0.5078157782554626,
                    2.0471553802490234
                ],
                [
                    0.0,
                    0.6575124263763428,
                    0.753409743309021,
                    3.037217140197754
                ],
                [
                    0.0,
                    0.0,
                    0.0,
                    1.0
                ]
            ]
        },
        {
            "file_path": "./train/r_32",
            "rotation": 0.06283185307179587,
            "transform_matrix": [
                [
                    -0.9964221119880676,
                    -0.012825118377804756,
                    0.08302232623100281,
                    0.3346874713897705
                ],
                [
                    0.08400686830282211,
                    -0.15212124586105347,
                    0.9847441911697388,
                    3.969794273376465
                ],
                [
                    -9.312825510754408e-10,
                    0.9882735013961792,
                    0.15265542268753052,
                    0.6153990030288696
                ],
                [
                    0.0,
                    0.0,
                    0.0,
                    1.0
                ]
            ]
        },
        {
            "file_path": "./train/r_33",
            "rotation": 0.06283185307179587,
            "transform_matrix": [
                [
                    0.15016019344329834,
                    -0.32951298356056213,
                    0.9320934414863586,
                    3.7575442790985107
                ],
                [
                    0.9886184334754944,
                    0.050049375742673874,
                    -0.1415746808052063,
                    -0.5707293748855591
                ],
                [
                    0.0,
                    0.9428182244300842,
                    0.33328014612197876,
                    1.3435509204864502
                ],
                [
                    0.0,
                    0.0,
                    0.0,
                    1.0
                ]
            ]
        },
        {
            "file_path": "./train/r_34",
            "rotation": 0.06283185307179587,
            "transform_matrix": [
                [
                    0.8701291084289551,
                    -0.4689773619174957,
                    0.15121662616729736,
                    0.6095988750457764
                ],
                [
                    0.49273666739463806,
                    0.8281722664833069,
                    -0.2670350968837738,
                    -1.0764973163604736
                ],
                [
                    0.0,
                    0.3068893849849701,
                    0.9517053365707397,
                    3.8366055488586426
                ],
                [
                    0.0,
                    0.0,
                    0.0,
                    1.0
                ]
            ]
        },
        {
            "file_path": "./train/r_35",
            "rotation": 0.06283185307179587,
            "transform_matrix": [
                [
                    -0.794587254524231,
                    -0.2364756464958191,
                    0.5591331124305725,
                    2.254030466079712
                ],
                [
                    0.607079267501831,
                    -0.3095156252384186,
                    0.7318320274353027,
                    2.950230598449707
                ],
                [
                    -1.4900519929028633e-08,
                    0.9210154414176941,
                    0.3894992768764496,
                    1.5701863765716553
                ],
                [
                    0.0,
                    0.0,
                    0.0,
                    1.0
                ]
            ]
        },
        {
            "file_path": "./train/r_36",
            "rotation": 0.06283185307179587,
            "transform_matrix": [
                [
                    0.7612278461456299,
                    0.226766899228096,
                    -0.6074769496917725,
                    -2.4489190578460693
                ],
                [
                    -0.6484183669090271,
                    0.26621896028518677,
                    -0.7131635546684265,
                    -2.8749730587005615
                ],
                [
                    0.0,
                    0.936853289604187,
                    0.3496954143047333,
                    1.409725546836853
                ],
                [
                    0.0,
                    0.0,
                    0.0,
                    1.0
                ]
            ]
        },
        {
            "file_path": "./train/r_37",
            "rotation": 0.06283185307179587,
            "transform_matrix": [
                [
                    -0.19101710617542267,
                    0.3422592282295227,
                    -0.9199439287185669,
                    -3.7085657119750977
                ],
                [
                    -0.9815429449081421,
                    -0.06660673022270203,
                    0.17902937531471252,
                    0.721720278263092
                ],
                [
                    -3.725130426346368e-09,
                    0.9372364282608032,
                    0.3486674726009369,
                    1.4055815935134888
                ],
                [
                    0.0,
                    0.0,
                    0.0,
                    1.0
                ]
            ]
        },
        {
            "file_path": "./train/r_38",
            "rotation": 0.06283185307179587,
            "transform_matrix": [
                [
                    0.7651981711387634,
                    0.4139876067638397,
                    -0.4929645359516144,
                    -1.9872856140136719
                ],
                [
                    -0.6437281966209412,
                    0.49210599064826965,
                    -0.5859857201576233,
                    -2.362281560897827
                ],
                [
                    -1.4900521705385472e-08,
                    0.7657909989356995,
                    0.6430584192276001,
                    2.5923585891723633
                ],
                [
                    0.0,
                    0.0,
                    0.0,
                    1.0
                ]
            ]
        },
        {
            "file_path": "./train/r_39",
            "rotation": 0.06283185307179587,
            "transform_matrix": [
                [
                    -0.2711626887321472,
                    0.5997628569602966,
                    -0.7527939081192017,
                    -3.0347344875335693
                ],
                [
                    -0.9624889492988586,
                    -0.16897161304950714,
                    0.21208515763282776,
                    0.8549779057502747
                ],
                [
                    1.4900521705385472e-08,
                    0.7821272611618042,
                    0.6230880618095398,
                    2.5118517875671387
                ],
                [
                    0.0,
                    0.0,
                    0.0,
                    1.0
                ]
            ]
        },
        {
            "file_path": "./train/r_40",
            "rotation": 0.06283185307179587,
            "transform_matrix": [
                [
                    -0.9978137016296387,
                    0.03249875456094742,
                    -0.05679880082607269,
                    -0.22897273302078247
                ],
                [
                    -0.06543838977813721,
                    -0.49554550647735596,
                    0.8660760521888733,
                    3.491408109664917
                ],
                [
                    1.862565435217789e-09,
                    0.867967963218689,
                    0.4965920150279999,
                    2.001909017562866
                ],
                [
                    0.0,
                    0.0,
                    0.0,
                    1.0
                ]
            ]
        },
        {
            "file_path": "./train/r_41",
            "rotation": 0.06283185307179587,
            "transform_matrix": [
                [
                    -0.9663611650466919,
                    0.09609293192625046,
                    -0.23838506639003754,
                    -0.9610006213188171
                ],
                [
                    -0.2570222318172455,
                    -0.36129358410835266,
                    0.8962885737419128,
                    3.613204002380371
                ],
                [
                    0.0,
                    0.927482008934021,
                    0.3738405704498291,
                    1.5070617198944092
                ],
                [
                    0.0,
                    0.0,
                    0.0,
                    1.0
                ]
            ]
        },
        {
            "file_path": "./train/r_42",
            "rotation": 0.06283185307179587,
            "transform_matrix": [
                [
                    0.35912516713142395,
                    0.29462480545043945,
                    -0.8855217099189758,
                    -3.5697991847991943
                ],
                [
                    -0.9332432746887207,
                    0.11337576806545258,
                    -0.3407612442970276,
                    -1.3737090826034546
                ],
                [
                    0.0,
                    0.9488583207130432,
                    0.3156748414039612,
                    1.272578477859497
                ],
                [
                    0.0,
                    0.0,
                    0.0,
                    1.0
                ]
            ]
        },
        {
            "file_path": "./train/r_43",
            "rotation": 0.06283185307179587,
            "transform_matrix": [
                [
                    0.9608768224716187,
                    -0.24982210993766785,
                    0.11926326155662537,
                    0.4807853400707245
                ],
                [
                    0.2768213152885437,
                    0.8671596050262451,
                    -0.41397568583488464,
                    -1.6688580513000488
                ],
                [
                    0.0,
                    0.43082842230796814,
                    0.9023957252502441,
                    3.6378231048583984
                ],
                [
                    0.0,
                    0.0,
                    0.0,
                    1.0
                ]
            ]
        },
        {
            "file_path": "./train/r_44",
