{
    "camera_angle_x": 0.6911112070083618,
    "frames": [
        {
            "file_path": "./train/r_0",
            "rotation": 0.06283185307179587,
            "transform_matrix": [
                [
                    0.39291658997535706,
                    -0.2758745551109314,
                    0.8771728873252869,
                    3.536142587661743
                ],
                [
                    0.9195273518562317,
                    0.11788197606801987,
                    -0.37481844425201416,
                    -1.5110037326812744
                ],
                [
                    0.0,
                    0.9539324045181274,
                    0.29999399185180664,
                    1.2093642950057983
                ],
                [
                    0.0,
                    0.0,
                    0.0,
                    1.0
                ]
            ]
        },
        {
            "file_path": "./train/r_1",
            "rotation": 0.06283185307179587,
            "transform_matrix": [
                [
                    -0.8385834693908691,
                    -0.48982805013656616,
                    0.23828299343585968,
                    0.9605891108512878
                ],
                [
                    0.5446943640708923,
                    -0.7541140913963318,
                    0.36684828996658325,
                    1.4788737297058105
                ],
                [
                    0.0,
                    0.43745914101600647,
                    0.8992002010345459,
                    3.624941349029541
                ],
                [
                    0.0,
                    0.0,
                    0.0,
                    1.0
                ]
            ]
        },
        {
            "file_path": "./train/r_2",
            "rotation": 0.06283185307179587,
            "transform_matrix": [
                [
                    0.9601346850395203,
                    -0.2414587438106537,
                    0.14056271314620972,
                    0.5666497945785522
                ],
                [
                    0.2793845534324646,
                    0.8297985792160034,
                    -0.4830586612224579,
                    -1.9473521709442139
                ],
                [
                    0.0,
                    0.503112256526947,
                    0.8641839623451233,
                    3.4837806224823
                ],
                [
                    0.0,
                    0.0,
                    0.0,
                    1.0
                ]
            ]
        },
        {
            "file_path": "./train/r_3",
            "rotation": 0.06283185307179587,
            "transform_matrix": [
                [
                    -0.5374202132225037,
                    -0.18145954608917236,
                    0.8235113024711609,
                    3.319817066192627
                ],
                [
                    0.8432636857032776,
                    -0.11564593762159348,
                    0.5248318314552307,
                    2.1157519817352295
                ],
                [
                    -7.450259964514316e-09,
                    0.9765695929527283,
                    0.21517018973827362,
                    0.8674144744873047
                ],
                [
                    0.0,
                    0.0,
                    0.0,
                    1.0
                ]
            ]
        },
        {
            "file_path": "./train/r_4",
            "rotation": 0.06283185307179587,
            "transform_matrix": [
                [
                    -0.912992537021637,
                    0.4078851342201233,
                    -0.0010315460385754704,
                    -0.004158467054367065
                ],
                [
                    -0.407870888710022,
                    -0.9130243062973022,
                    0.0023090485483407974,
                    0.009308457374572754
                ],
                [
                    -5.8205152503321145e-11,
                    0.002521718153730035,
                    0.9999554753303528,
                    4.031116008758545
                ],
                [
                    0.0,
                    0.0,
                    0.0,
                    1.0
                ]
            ]
        },
        {
            "file_path": "./train/r_5",
            "rotation": 0.06283185307179587,
            "transform_matrix": [
                [
                    -0.19250038266181946,
                    -0.522149384021759,
                    0.8308072090148926,
                    3.349229335784912
                ],
                [
                    0.9812531471252441,
                    -0.10243427008390427,
                    0.1629861742258072,
                    0.6570454239845276
                ],
                [
                    0.0,
                    0.8466741442680359,
                    0.5320829153060913,
                    2.1449835300445557
                ],
                [
                    0.0,
                    0.0,
                    0.0,
                    1.0
                ]
            ]
        },
        {
            "file_path": "./train/r_6",
            "rotation": 0.06283185307179587,
            "transform_matrix": [
                [
                    -0.9509204030036926,
                    0.196603462100029,
                    -0.2387775480747223,
                    -0.9625827670097351
                ],
                [
                    -0.3092968463897705,
                    -0.6044492721557617,
                    0.7341117262840271,
                    2.959421157836914
                ],
                [
                    0.0,
                    0.771996021270752,
                    0.6355962753295898,
                    2.5622763633728027
                ],
                [
                    0.0,
                    0.0,
                    0.0,
                    1.0
                ]
            ]
        },
        {
            "file_path": "./train/r_7",
            "rotation": 0.06283185307179587,
            "transform_matrix": [
                [
                    -0.678407609462738,
                    -0.2839851379394531,
                    0.6775228977203369,
                    2.731294870376587
                ],
                [
                    0.7346273064613342,
                    -0.26225224137306213,
                    0.6256733536720276,
                    2.5222740173339844
                ],
                [
                    -2.9801043410770944e-08,
                    0.9222614765167236,
                    0.3865396976470947,
                    1.558255672454834
                ],
                [
                    0.0,
                    0.0,
                    0.0,
                    1.0
                ]
            ]
        },
        {
            "file_path": "./train/r_8",
            "rotation": 0.06283185307179587,
            "transform_matrix": [
                [
                    -0.9958835244178772,
                    0.07818220555782318,
                    -0.044922683387994766,
                    -0.1810966283082962
                ],
                [
                    -0.09016669541597366,
                    -0.8635158538818359,
                    0.49616724252700806,
                    2.000196933746338
                ],
                [
                    0.0,
                    0.49821487069129944,
                    0.8670163154602051,
                    3.495199203491211
                ],
                [
                    0.0,
                    0.0,
                    0.0,
                    1.0
                ]
            ]
        },
        {
            "file_path": "./train/r_9",
            "rotation": 0.06283185307179587,
            "transform_matrix": [
                [
                    -0.028897281736135483,
                    -0.14949241280555725,
                    0.9882994890213013,
                    3.9841272830963135
                ],
                [
                    0.9995394945144653,
                    -0.0043219150975346565,
                    0.02857232466340065,
                    0.11518348753452301
                ],
                [
                    4.6564135880444724e-10,
                    0.9887483716011047,
                    0.1495494395494461,
                    0.6028779745101929
                ],
                [
                    0.0,
                    0.0,
                    0.0,
                    1.0
                ]
            ]
        },
        {
            "file_path": "./train/r_10",
            "rotation": 0.06283185307179587,
            "transform_matrix": [
                [
                    -0.7692382335662842,
                    -0.5066282749176025,
                    0.38927415013313293,
                    1.5692791938781738
                ],
                [
                    0.6388948559761047,
                    -0.6099875569343567,
                    0.46869149804115295,
                    1.8894339799880981
                ],
                [
                    0.0,
                    0.6092889904975891,
                    0.7929131388664246,
                    3.196467161178589
                ],
                [
                    0.0,
                    0.0,
                    0.0,
                    1.0
                ]
            ]
        },
        {
            "file_path": "./train/r_11",
            "rotation": 0.06283185307179587,
            "transform_matrix": [
                [
                    -0.02495257742702961,
                    -0.5166426301002502,
                    0.8558005094528198,
                    3.4499847888946533
                ],
                [
                    0.9996456503868103,
                    -0.012896135449409485,
                    0.021361997351050377,
                    0.08611652255058289
                ],
                [
                    9.312825510754408e-10,
                    0.8560982346534729,
                    0.5167847871780396,
                    2.0833120346069336
                ],
                [
                    0.0,
                    0.0,
                    0.0,
                    1.0
                ]
            ]
        },
        {
            "file_path": "./train/r_12",
            "rotation": 0.06283185307179587,
            "transform_matrix": [
                [
                    -0.9953432083129883,
                    0.07078374922275543,
                    -0.06477870047092438,
                    -0.2611420750617981
                ],
                [
                    -0.09594908356666565,
                    -0.7342865467071533,
                    0.6719921827316284,
                    2.7089991569519043
                ],
                [
                    0.0,
                    0.6751317381858826,
                    0.7376636266708374,
                    2.9737398624420166
                ],
                [
                    0.0,
                    0.0,
                    0.0,
                    1.0
                ]
            ]
        },
        {
            "file_path": "./train/r_13",
            "rotation": 0.06283185307179587,
            "transform_matrix": [
                [
                    0.04164312407374382,
                    -0.3992697298526764,
                    0.915848433971405,
                    3.6920559406280518
                ],
                [
                    0.9990896582603455,
                    0.01664198748767376,
                    -0.03817354142665863,
                    -0.15388883650302887
                ],
                [
                    9.31282606586592e-10,
                    0.9166770577430725,
                    0.39960184693336487,
                    1.6109132766723633
                ],
                [
                    0.0,
                    0.0,
                    0.0,
                    1.0
                ]
            ]
        },
        {
            "file_path": "./train/r_14",
            "rotation": 0.06283185307179587,
            "transform_matrix": [
                [
                    -0.881011962890625,
                    -0.18866847455501556,
                    0.4337506890296936,
                    1.7485771179199219
                ],
                [
                    0.4730033278465271,
                    -0.35141226649284363,
                    0.8079003095626831,
                    3.256884813308716
                ],
                [
                    -1.4900521705385472e-08,
                    0.9170079231262207,
                    0.398841917514801,
                    1.6078495979309082
                ],
                [
                    0.0,
                    0.0,
                    0.0,
                    1.0
                ]
            ]
        },
        {
            "file_path": "./train/r_15",
            "rotation": 0.06283185307179587,
            "transform_matrix": [
                [
                    0.9224862456321716,
                    0.11769672483205795,
                    -0.3675352931022644,
                    -1.4816430807113647
                ],
                [
                    -0.3859185576438904,
                    0.281338095664978,
                    -0.8785433769226074,
                    -3.5416674613952637
                ],
                [
                    0.0,
                    0.9523582458496094,
                    0.3049539625644684,
                    1.2293593883514404
                ],
                [
                    0.0,
                    0.0,
                    0.0,
                    1.0
                ]
            ]
        },
        {
            "file_path": "./train/r_16",
            "rotation": 0.06283185307179587,
            "transform_matrix": [
                [
                    -0.37402912974357605,
                    0.6424805521965027,
                    -0.6687809228897095,
                    -2.6960532665252686
                ],
                [
                    -0.9273706078529358,
                    -0.2591266334056854,
                    0.2697341740131378,
                    1.0873780250549316
                ],
                [
                    0.0,
                    0.7211533188819885,
                    0.692743182182312,
                    2.792652130126953
                ],
                [
                    0.0,
                    0.0,
                    0.0,
                    1.0
                ]
            ]
        },
        {
            "file_path": "./train/r_17",
            "rotation": 0.06283185307179587,
            "transform_matrix": [
                [
                    -0.9175446629524231,
                    -0.08033132553100586,
                    0.3893246352672577,
                    1.569482684135437
                ],
                [
                    0.3975245952606201,
                    -0.18541641533374786,
                    0.8986179828643799,
                    3.6225945949554443
                ],
                [
                    7.450260408603526e-09,
                    0.979365885257721,
                    0.20206288993358612,
                    0.8145751953125
                ],
                [
                    0.0,
                    0.0,
                    0.0,
                    1.0
                ]
            ]
        },
        {
            "file_path": "./train/r_18",
            "rotation": 0.06283185307179587,
            "transform_matrix": [
                [
                    -0.9061763286590576,
                    -0.3698178231716156,
                    0.20494869351387024,
                    0.8262086510658264
                ],
                [
                    0.42279860377311707,
                    -0.7926235198974609,
                    0.43926262855529785,
                    1.7707973718643188
                ],
                [
                    0.0,
                    0.4847396910190582,
                    0.8746210336685181,
                    3.525855541229248
                ],
                [
                    0.0,
                    0.0,
                    0.0,
                    1.0
                ]
            ]
        },
        {
            "file_path": "./train/r_19",
            "rotation": 0.06283185307179587,
            "transform_matrix": [
                [
                    -0.7504240870475769,
                    -0.6588494181632996,
                    0.05223284289240837,
                    0.21056601405143738
                ],
                [
                    0.6608917713165283,
                    -0.748104989528656,
                    0.05930892005562782,
                    0.23909178376197815
                ],
                [
                    0.0,
                    0.07903329282999039,
                    0.9968307614326477,
                    4.018519401550293
                ],
                [
                    0.0,
                    0.0,
                    0.0,
                    1.0
                ]
            ]
        },
        {
            "file_path": "./train/r_20",
            "rotation": 0.06283185307179587,
            "transform_matrix": [
                [
                    -0.4555899500846863,
                    -0.2157137393951416,
                    0.8636118769645691,
                    3.4814743995666504
                ],
                [
                    0.8901414275169373,
                    -0.1104060634970665,
                    0.44201165437698364,
                    1.7818794250488281
                ],
                [
                    0.0,
                    0.9701898097991943,
                    0.24231724441051483,
                    0.976852297782898
                ],
                [
                    0.0,
                    0.0,
                    0.0,
                    1.0
                ]
            ]
        },
        {
            "file_path": "./train/r_21",
            "rotation": 0.06283185307179587,
            "transform_matrix": [
                [
                    -0.9919533729553223,
                    -0.07930257171392441,
                    0.09825623035430908,
                    0.39609989523887634
                ],
                [
                    0.1262643039226532,
                    -0.6230141520500183,
                    0.7719172239303589,
                    3.1118264198303223
                ],
                [
                    3.725129982257158e-09,
                    0.7781738042831421,
                    0.6280182600021362,
                    2.5317270755767822
                ],
                [
                    0.0,
                    0.0,
                    0.0,
                    1.0
                ]
            ]
        },
        {
            "file_path": "./train/r_22",
            "rotation": 0.06283185307179587,
            "transform_matrix": [
                [
                    0.9935984015464783,
                    0.019167335703969002,
                    -0.11094728112220764,
                    -0.4472612738609314
                ],
                [
                    -0.1125904992222786,
                    0.16914956271648407,
                    -0.9790971279144287,
                    -3.9470298290252686
                ],
                [
                    0.0,
                    0.9853988885879517,
                    0.17022590339183807,
                    0.6862308979034424
                ],
                [
                    0.0,
                    0.0,
                    0.0,
                    1.0
                ]
            ]
        },
        {
            "file_path": "./train/r_23",
            "rotation": 0.06283185307179587,
            "transform_matrix": [
                [
                    -0.9169284701347351,
                    -0.39042121171951294,
                    0.08209209144115448,
                    0.3309374749660492
                ],
                [
                    0.3989439010620117,
                    -0.8973399996757507,
                    0.18867960572242737,
                    0.7606232166290283
                ],
                [
                    -7.4502595204251065e-09,
                    0.20577214658260345,
                    0.9785593152046204,
                    3.94486141204834
                ],
                [
                    0.0,
                    0.0,
                    0.0,
                    1.0
                ]
            ]
        },
        {
            "file_path": "./train/r_24",
            "rotation": 0.06283185307179587,
            "transform_matrix": [
                [
                    -0.9253538250923157,
                    -0.3756214678287506,
                    0.05053362250328064,
                    0.2037159651517868
                ],
                [
                    0.3789912760257721,
                    -0.9171258807182312,
                    0.1233840361237526,
                    0.4973975121974945
                ],
                [
                    0.0,
                    0.1333363950252533,
                    0.9910297989845276,
                    3.995133876800537
                ],
                [
                    0.0,
                    0.0,
                    0.0,
                    1.0
                ]
            ]
        },
        {
            "file_path": "./train/r_25",
            "rotation": 0.06283185307179587,
            "transform_matrix": [
                [
                    0.01856616511940956,
                    -0.6520900726318359,
                    0.7578800320625305,
                    3.0552377700805664
                ],
                [
                    0.9997846484184265,
                    0.012109418399631977,
                    -0.01407395489513874,
                    -0.056736260652542114
                ],
                [
                    9.312825510754408e-10,
                    0.7580380439758301,
                    0.6521790623664856,
                    2.6291258335113525
                ],
                [
                    0.0,
                    0.0,
                    0.0,
                    1.0
                ]
            ]
        },
        {
            "file_path": "./train/r_26",
            "rotation": 0.06283185307179587,
            "transform_matrix": [
                [
                    0.5223650336265564,
                    0.3171651363372803,
                    -0.7914953231811523,
                    -3.190751552581787
                ],
                [
                    -0.8526716232299805,
                    0.19430220127105713,
                    -0.48488709330558777,
                    -1.9547231197357178
                ],
                [
                    0.0,
                    0.9282472133636475,
                    0.3719368577003479,
                    1.4993873834609985
                ],
                [
                    0.0,
                    0.0,
                    0.0,
                    1.0
                ]
            ]
        },
        {
            "file_path": "./train/r_27",
            "rotation": 0.06283185307179587,
            "transform_matrix": [
                [
                    -0.8872090578079224,
                    0.20389054715633392,
                    -0.4137711524963379,
                    -1.6680338382720947
                ],
                [
                    -0.4612746238708496,
                    -0.39216017723083496,
                    0.795841634273529,
                    3.208272933959961
                ],
                [
                    0.0,
                    0.8970111012458801,
                    0.4419805407524109,
                    1.7817541360855103
                ],
                [
                    0.0,
                    0.0,
                    0.0,
                    1.0
                ]
            ]
        },
        {
            "file_path": "./train/r_28",
            "rotation": 0.06283185307179587,
            "transform_matrix": [
                [
                    0.18856696784496307,
                    0.47192856669425964,
                    -0.8611964583396912,
                    -3.4717373847961426
                ],
                [
                    -0.9820165634155273,
                    0.09061979502439499,
                    -0.16536709666252136,
                    -0.6666436195373535
                ],
                [
                    0.0,
                    0.8769614100456238,
                    0.48053279519081116,
                    1.9371696710586548
                ],
                [
                    0.0,
                    0.0,
                    0.0,
                    1.0
                ]
            ]
        },
        {
            "file_path": "./train/r_29",
            "rotation": 0.06283185307179587,
            "transform_matrix": [
                [
                    -0.27835971117019653,
                    -0.9373234510421753,
                    0.20957450568675995,
                    0.8448566198348999
                ],
                [
                    0.9604321122169495,
                    -0.271662175655365,
                    0.06074045971035957,
                    0.24486270546913147
                ],
                [
                    3.7251297602125533e-09,
                    0.21820685267448425,
                    0.9758620858192444,
                    3.933987617492676
                ],
                [
                    0.0,
                    0.0,
                    0.0,
                    1.0
                ]
            ]
        },
        {
            "file_path": "./train/r_30",
            "rotation": 0.06283185307179587,
            "transform_matrix": [
                [
                    -0.9206027388572693,
                    0.09291012585163116,
                    -0.37917473912239075,
                    -1.5285654067993164
                ],
                [
                    -0.39039039611816406,
                    -0.21909686923027039,
                    0.8941544890403748,
                    3.6046009063720703
                ],
                [
                    7.450261296781946e-09,
                    0.9712640643119812,
                    0.23797400295734406,
                    0.9593435525894165
                ],
                [
                    0.0,
                    0.0,
                    0.0,
                    1.0
                ]
            ]
        },
        {
            "file_path": "./train/r_31",
            "rotation": 0.06283185307179587,
            "transform_matrix": [
                [
                    -0.9263120889663696,
                    0.1810293048620224,
                    -0.33028995990753174,
                    -1.3314963579177856
                ],
                [
                    -0.3766433894634247,
                    -0.4452212452888489,
                    0.812311053276062,
                    3.274665594100952
                ],
                [
                    0.0,
                    0.8769243955612183,
                    0.480600506067276,
                    1.9374425411224365
                ],
                [
                    0.0,
                    0.0,
                    0.0,
                    1.0
                ]
            ]
        },
        {
            "file_path": "./train/r_32",
            "rotation": 0.06283185307179587,
            "transform_matrix": [
                [
                    0.1796940714120865,
                    0.2378612607717514,
                    -0.9544911980628967,
                    -3.8478360176086426
                ],
                [
                    -0.9836789965629578,
                    0.04345143213868141,
                    -0.1743621826171875,
                    -0.7029054760932922
                ],
                [
                    3.725130870435578e-09,
                    0.970321536064148,
                    0.24178870022296906,
                    0.9747216701507568
                ],
                [
                    0.0,
                    0.0,
                    0.0,
                    1.0
                ]
            ]
        },
        {
            "file_path": "./train/r_33",
            "rotation": 0.06283185307179587,
            "transform_matrix": [
                [
                    0.9768691658973694,
                    0.1721464842557907,
                    -0.1265256255865097,
                    -0.5100621581077576
                ],
                [
                    -0.21363717317581177,
                    0.7871504426002502,
                    -0.5785462260246277,
                    -2.3322906494140625
                ],
                [
                    0.0,
                    0.5922414064407349,
                    0.8057251572608948,
                    3.2481160163879395
                ],
                [
                    0.0,
                    0.0,
                    0.0,
                    1.0
                ]
            ]
        },
        {
            "file_path": "./train/r_34",
            "rotation": 0.06283185307179587,
            "transform_matrix": [
                [
                    -0.5234927535057068,
                    -0.8177264928817749,
                    0.23925670981407166,
                    0.9645144939422607
                ],
                [
                    0.8519797921180725,
                    -0.5024461150169373,
                    0.14700953662395477,
                    0.5926389098167419
                ],
                [
                    -7.450260852692736e-09,
                    0.2808224856853485,
                    0.9597196578979492,
                    3.868913412094116
                ],
                [
                    0.0,
                    0.0,
                    0.0,
                    1.0
                ]
            ]
        },
        {
            "file_path": "./train/r_35",
            "rotation": 0.06283185307179587,
            "transform_matrix": [
                [
                    -0.261410117149353,
                    -0.5358242988586426,
                    0.8028045296669006,
                    3.236342191696167
                ],
                [
                    0.965183436870575,
                    -0.14512255787849426,
                    0.2174314558506012,
                    0.8765304088592529
                ],
                [
                    -7.450261740871156e-09,
                    0.8317581415176392,
                    0.555108904838562,
                    2.2378077507019043
                ],
                [
                    0.0,
                    0.0,
                    0.0,
                    1.0
                ]
            ]
        },
        {
            "file_path": "./train/r_36",
            "rotation": 0.06283185307179587,
            "transform_matrix": [
                [
                    -0.3395049273967743,
                    -0.18516607582569122,
                    0.9221547842025757,
                    3.7174782752990723
                ],
                [
                    0.940558671951294,
                    -0.06683772802352905,
                    0.33286187052726746,
                    1.3418644666671753
                ],
                [
                    0.0,
                    0.9804264903068542,
                    0.19685260951519012,
                    0.7935710549354553
                ],
                [
                    0.0,
                    0.0,
                    0.0,
                    1.0
                ]
            ]
        },
        {
            "file_path": "./train/r_37",
            "rotation": 0.06283185307179587,
            "transform_matrix": [
                [
                    -0.35582852363586426,
                    0.4537830054759979,
                    -0.8169448375701904,
                    -3.2933461666107178
                ],
                [
                    -0.93450528383255,
                    -0.1727854609489441,
                    0.3110654056072235,
                    1.2539966106414795
                ],
                [
                    0.0,
                    0.8741945624351501,
                    0.4855477809906006,
                    1.9573867321014404
                ],
                [
                    0.0,
                    0.0,
                    0.0,
                    1.0
                ]
            ]
        },
        {
            "file_path": "./train/r_38",
            "rotation": 0.06283185307179587,
            "transform_matrix": [
                [
                    0.4974096119403839,
                    0.49326491355895996,
                    -0.7135878801345825,
                    -2.876683473587036
                ],
                [
                    -0.8674663305282593,
                    0.2828406095504761,
                    -0.40917491912841797,
                    -1.6495048999786377
                ],
                [
                    0.0,
                    0.8226060271263123,
                    0.5685821771621704,
                    2.2921226024627686
                ],
                [
                    0.0,
                    0.0,
                    0.0,
                    1.0
                ]
            ]
        },
        {
            "file_path": "./train/r_39",
            "rotation": 0.06283185307179587,
            "transform_matrix": [
                [
                    0.9998133778572083,
                    0.013558922335505486,
                    -0.010177591815590858,
                    -0.04102887213230133
                ],
                [
                    -0.016953274607658386,
                    0.799632728099823,
                    -0.6002199053764343,
                    -2.419663429260254
                ],
                [
                    -9.312825510754408e-10,
                    0.6003280282020569,
                    0.7997187376022339,
                    3.2239019870758057
                ],
                [
                    0.0,
                    0.0,
                    0.0,
                    1.0
                ]
            ]
        },
        {
            "file_path": "./train/r_40",
            "rotation": 0.06283185307179587,
            "transform_matrix": [
                [
                    -0.7911933064460754,
                    0.331663578748703,
                    -0.5137469172477722,
                    -2.0710654258728027
                ],
                [
                    -0.6114961504936218,
                    -0.4291277825832367,
                    0.6647190451622009,
                    2.6796786785125732
                ],
                [
                    1.4900523481742312e-08,
                    0.8401418924331665,
                    0.5423376560211182,
                    2.1863231658935547
                ],
                [
                    0.0,
                    0.0,
                    0.0,
                    1.0
                ]
            ]
        },
        {
            "file_path": "./train/r_41",
            "rotation": 0.06283185307179587,
            "transform_matrix": [
                [
                    0.9999473690986633,
                    -0.001563824131153524,
                    0.0041381362825632095,
                    0.01668204925954342
                ],
                [
                    0.004423740319907665,
                    0.35348862409591675,
                    -0.9353891611099243,
                    -3.770829677581787
                ],
                [
                    0.0,
                    0.9354320764541626,
                    0.353479266166687,
                    1.4249792098999023
                ],
                [
                    0.0,
                    0.0,
                    0.0,
                    1.0
                ]
            ]
        },
        {
            "file_path": "./train/r_42",
            "rotation": 0.06283185307179587,
            "transform_matrix": [
                [
                    0.9854654669761658,
                    -0.02542407624423504,
                    0.16770708560943604,
                    0.6760768294334412
                ],
                [
                    0.16962285339832306,
                    0.14770737290382385,
                    -0.9743353724479675,
                    -3.9278337955474854
                ],
                [
                    0.0,
                    0.988699197769165,
                    0.1498740315437317,
                    0.604186475276947
                ],
                [
                    0.0,
                    0.0,
                    0.0,
                    1.0
                ]
            ]
        },
        {
            "file_path": "./train/r_43",
            "rotation": 0.06283185307179587,
            "transform_matrix": [
                [
                    -0.021134953945875168,
                    0.4158059358596802,
                    -0.9091693758964539,
                    -3.6651296615600586
                ],
                [
                    -0.9997336864471436,
                    -0.008790380321443081,
                    0.019220368936657906,
                    0.07748297601938248
                ],
                [
                    -9.312824955642895e-10,
                    0.9094054102897644,
                    0.41588377952575684,
                    1.6765501499176025
                ],
                [
                    0.0,
                    0.0,
                    0.0,
                    1.0
                ]
            ]
        },
        {
