{
    "camera_angle_x": 0.6911112070083618,
    "frames": [
        {
            "file_path": "./train/r_0",
            "rotation": 0.06283185307179587,
            "transform_matrix": [
                [
                    -0.25523489713668823,
                    -0.1360313892364502,
                    0.9572195410728455,
                    3.8588345050811768
                ],
                [
                    0.9668347239494324,
                    -0.0359109528362751,
                    0.25269657373428345,
                    1.018694519996643
                ],
                [
                    -3.725130426346368e-09,
                    0.9900485277175903,
                    0.1406865268945694,
                    0.5671489238739014
                ],
                [
                    0.0,
                    0.0,
                    0.0,
                    1.0
                ]
            ]
        },
        {
            "file_path": "./train/r_1",
            "rotation": 0.06283185307179587,
            "transform_matrix": [
                [
                    0.10882200300693512,
                    -0.3111051917076111,
                    0.9440847635269165,
                    3.8058838844299316
                ],
                [
                    0.994018018245697,
                    0.0340588241815567,
                    -0.10335545986890793,
                    -0.4166563153266907
                ],
                [
                    0.0,
                    0.9497596621513367,
                    0.31295260787010193,
                    1.2616041898727417
                ],
                [
                    0.0,
                    0.0,
                    0.0,
                    1.0
                ]
            ]
        },
        {
            "file_path": "./train/r_2",
            "rotation": 0.06283185307179587,
            "transform_matrix": [
                [
                    -0.824347734451294,
                    0.09103327989578247,
                    -0.5586407780647278,
                    -2.2520461082458496
                ],
                [
                    -0.5660078525543213,
                    -0.13258309662342072,
                    0.8136181235313416,
                    3.279934883117676
                ],
                [
                    0.0,
                    0.9869775176048279,
                    0.16082119941711426,
                    0.6483176946640015
                ],
                [
                    0.0,
                    0.0,
                    0.0,
                    1.0
                ]
            ]
        },
        {
            "file_path": "./train/r_3",
            "rotation": 0.06283185307179587,
            "transform_matrix": [
                [
                    0.9850773215293884,
                    -0.17046622931957245,
                    0.021918127313256264,
                    0.08835844695568085
                ],
                [
                    0.1718631386756897,
                    0.9770705103874207,
                    -0.12562932074069977,
                    -0.5064488649368286
                ],
                [
                    0.0,
                    0.12753179669380188,
                    0.9917934536933899,
                    3.9982123374938965
                ],
                [
                    0.0,
                    0.0,
                    0.0,
                    1.0
                ]
            ]
        },
        {
            "file_path": "./train/r_4",
            "rotation": 0.06283185307179587,
            "transform_matrix": [
                [
                    0.3233942687511444,
                    -0.15796831250190735,
                    0.9329420924186707,
                    3.760965347290039
                ],
                [
                    0.9462189078330994,
                    0.05398967117071152,
                    -0.3188565969467163,
                    -1.285405158996582
                ],
                [
                    0.0,
                    0.9859619736671448,
                    0.16693367063999176,
                    0.6729589700698853
                ],
                [
                    0.0,
                    0.0,
                    0.0,
                    1.0
                ]
            ]
        },
        {
            "file_path": "./train/r_5",
            "rotation": 0.06283185307179587,
            "transform_matrix": [
                [
                    -0.978309154510498,
                    -0.12403174489736557,
                    0.16565850377082825,
                    0.6678183674812317
                ],
                [
                    0.2069428712129593,
                    -0.5863520503044128,
                    0.7831398844718933,
                    3.1570682525634766
                ],
                [
                    0.0,
                    0.8004980683326721,
                    0.5993051528930664,
                    2.415976047515869
                ],
                [
                    0.0,
                    0.0,
                    0.0,
                    1.0
                ]
            ]
        },
        {
            "file_path": "./train/r_6",
            "rotation": 0.06283185307179587,
            "transform_matrix": [
                [
                    0.5855953097343445,
                    0.527784526348114,
                    -0.6151894927024841,
                    -2.480010509490967
                ],
                [
                    -0.8105505704879761,
                    0.3813064396381378,
                    -0.44445356726646423,
                    -1.791723608970642
                ],
                [
                    -1.4900522593563892e-08,
                    0.7589722275733948,
                    0.6510916352272034,
                    2.6247427463531494
                ],
                [
                    0.0,
                    0.0,
                    0.0,
                    1.0
                ]
            ]
        },
        {
            "file_path": "./train/r_7",
            "rotation": 0.06283185307179587,
            "transform_matrix": [
                [
                    -0.06308241933584213,
                    -0.2245117723941803,
                    0.9723868370056152,
                    3.919978618621826
                ],
                [
                    0.9979652166366577,
                    -0.014191621914505959,
                    0.06146558001637459,
                    0.24778592586517334
                ],
                [
                    0.0,
                    0.974362850189209,
                    0.22495166957378387,
                    0.9068466424942017
                ],
                [
                    0.0,
                    0.0,
                    0.0,
                    1.0
                ]
            ]
        },
        {
            "file_path": "./train/r_8",
            "rotation": 0.06283185307179587,
            "transform_matrix": [
                [
                    -0.8427059650421143,
                    0.11834707111120224,
                    -0.5251253843307495,
                    -2.1169354915618896
                ],
                [
                    -0.53829425573349,
                    -0.18527373671531677,
                    0.8220898509025574,
                    3.314087390899658
                ],
                [
                    0.0,
                    0.9755294322967529,
                    0.21983827650547028,
                    0.8862330913543701
                ],
                [
                    0.0,
                    0.0,
                    0.0,
                    1.0
                ]
            ]
        },
        {
            "file_path": "./train/r_9",
            "rotation": 0.06283185307179587,
            "transform_matrix": [
                [
                    0.5539879202842712,
                    -0.18559788167476654,
                    0.8115231394767761,
                    3.271489381790161
                ],
                [
                    0.8324731588363647,
                    0.12351025640964508,
                    -0.540046215057373,
                    -2.1770858764648438
                ],
                [
                    7.450260408603526e-09,
                    0.9748274087905884,
                    0.2229299247264862,
                    0.8986964225769043
                ],
                [
                    0.0,
                    0.0,
                    0.0,
                    1.0
                ]
            ]
        },
        {
            "file_path": "./train/r_10",
            "rotation": 0.06283185307179587,
            "transform_matrix": [
                [
                    0.8162524104118347,
                    -0.1371288299560547,
                    0.5611099600791931,
                    2.26200008392334
                ],
                [
                    0.5776212215423584,
                    0.19378051161766052,
                    -0.7929198741912842,
                    -3.1964943408966064
                ],
                [
                    1.4900521705385472e-08,
                    0.9714087247848511,
                    0.2373838722705841,
                    0.9569646120071411
                ],
                [
                    0.0,
                    0.0,
                    0.0,
                    1.0
                ]
            ]
        },
        {
            "file_path": "./train/r_11",
            "rotation": 0.06283185307179587,
            "transform_matrix": [
                [
                    0.42012614011764526,
                    0.1304202526807785,
                    -0.8979992866516113,
                    -3.620100259780884
                ],
                [
                    -0.9074184894561768,
                    0.06038333848118782,
                    -0.4157651364803314,
                    -1.676072120666504
                ],
                [
                    3.725130426346368e-09,
                    0.9896132349967957,
                    0.14371530711650848,
                    0.5793588161468506
                ],
                [
                    0.0,
                    0.0,
                    0.0,
                    1.0
                ]
            ]
        },
        {
            "file_path": "./train/r_12",
            "rotation": 0.06283185307179587,
            "transform_matrix": [
                [
                    0.3719596266746521,
                    -0.5312895774841309,
                    0.7611274123191833,
                    3.068329334259033
                ],
                [
                    0.9282026886940002,
                    0.2129042148590088,
                    -0.30500733852386475,
                    -1.2295746803283691
                ],
                [
                    0.0,
                    0.8199958205223083,
                    0.5723399519920349,
                    2.3072714805603027
                ],
                [
                    0.0,
                    0.0,
                    0.0,
                    1.0
                ]
            ]
        },
        {
            "file_path": "./train/r_13",
            "rotation": 0.06283185307179587,
            "transform_matrix": [
                [
                    0.9815584421157837,
                    0.0439879447221756,
                    -0.1858024001121521,
                    -0.7490243315696716
                ],
                [
                    -0.19093771278858185,
                    0.22612997889518738,
                    -0.9551591873168945,
                    -3.8505287170410156
                ],
                [
                    0.0,
                    0.9730981588363647,
                    0.23036029934883118,
                    0.9286503791809082
                ],
                [
                    0.0,
                    0.0,
                    0.0,
                    1.0
                ]
            ]
        },
        {
            "file_path": "./train/r_14",
            "rotation": 0.06283185307179587,
            "transform_matrix": [
                [
                    0.4610765874385834,
                    -0.5674608945846558,
                    0.6821558475494385,
                    2.749971866607666
                ],
                [
                    0.8873119354248047,
                    0.29487141966819763,
                    -0.35447072982788086,
                    -1.4289761781692505
                ],
                [
                    0.0,
                    0.7687840461730957,
                    0.6394773721694946,
                    2.5779221057891846
                ],
                [
                    0.0,
                    0.0,
                    0.0,
                    1.0
                ]
            ]
        },
        {
            "file_path": "./train/r_15",
            "rotation": 0.06283185307179587,
            "transform_matrix": [
                [
                    0.5276502966880798,
                    -0.765869140625,
                    0.3674081563949585,
                    1.481130838394165
                ],
                [
                    0.8494112491607666,
                    0.4757542908191681,
                    -0.22823219001293182,
                    -0.9200714230537415
                ],
                [
                    0.0,
                    0.43254148960113525,
                    0.9015756845474243,
                    3.6345179080963135
                ],
                [
                    0.0,
                    0.0,
                    0.0,
                    1.0
                ]
            ]
        },
        {
            "file_path": "./train/r_16",
            "rotation": 0.06283185307179587,
            "transform_matrix": [
                [
                    0.5471094250679016,
                    0.18023879826068878,
                    -0.8173763155937195,
                    -3.2950854301452637
                ],
                [
                    -0.8370097875595093,
                    0.1178126335144043,
                    -0.534276008605957,
                    -2.1538243293762207
                ],
                [
                    -7.450260408603526e-09,
                    0.9765368103981018,
                    0.2153194546699524,
                    0.8680163025856018
                ],
                [
                    0.0,
                    0.0,
                    0.0,
                    1.0
                ]
            ]
        },
        {
            "file_path": "./train/r_17",
            "rotation": 0.06283185307179587,
            "transform_matrix": [
                [
                    -0.3096008896827698,
                    0.3671399652957916,
                    -0.8770874738693237,
                    -3.5357987880706787
                ],
                [
                    -0.9508213996887207,
                    -0.11954594403505325,
                    0.28559204936027527,
                    1.151305913925171
                ],
                [
                    1.4900519929028633e-08,
                    0.9224463105201721,
                    0.38609862327575684,
                    1.556477665901184
                ],
                [
                    0.0,
                    0.0,
                    0.0,
                    1.0
                ]
            ]
        },
        {
            "file_path": "./train/r_18",
            "rotation": 0.06283185307179587,
            "transform_matrix": [
                [
                    -0.40926507115364075,
                    0.42266836762428284,
                    -0.8085687160491943,
                    -3.2595794200897217
                ],
                [
                    -0.9123684763908386,
                    -0.1895981729030609,
                    0.3627031445503235,
                    1.4621634483337402
                ],
                [
                    -1.4900521705385472e-08,
                    0.8862246870994568,
                    0.4632282257080078,
                    1.8674097061157227
                ],
                [
                    0.0,
                    0.0,
                    0.0,
                    1.0
                ]
            ]
        },
        {
            "file_path": "./train/r_19",
            "rotation": 0.06283185307179587,
            "transform_matrix": [
                [
                    -0.8850722312927246,
                    0.37383243441581726,
                    -0.27716684341430664,
                    -1.11734139919281
                ],
                [
                    -0.46536144614219666,
                    -0.7109929323196411,
                    0.5271443724632263,
                    2.125074625015259
                ],
                [
                    1.4900520817207052e-08,
                    0.5955905914306641,
                    0.803252637386322,
                    3.2381486892700195
                ],
                [
                    0.0,
                    0.0,
                    0.0,
                    1.0
                ]
            ]
        },
        {
            "file_path": "./train/r_20",
            "rotation": 0.06283185307179587,
            "transform_matrix": [
                [
                    0.48247459530830383,
                    -0.8535494804382324,
                    0.19657306373119354,
                    0.792444109916687
                ],
                [
                    0.875860869884491,
                    0.47018423676490784,
                    -0.10828376561403275,
                    -0.4365238547325134
                ],
                [
                    -7.450260408603526e-09,
                    0.22443239390850067,
                    0.9744491577148438,
                    3.9282922744750977
                ],
                [
                    0.0,
                    0.0,
                    0.0,
                    1.0
                ]
            ]
        },
        {
            "file_path": "./train/r_21",
            "rotation": 0.06283185307179587,
            "transform_matrix": [
                [
                    -0.8088095188140869,
                    -0.541332483291626,
                    0.2296144664287567,
                    0.9256436824798584
                ],
                [
                    0.5879976153373718,
                    -0.7446200251579285,
                    0.31584203243255615,
                    1.2732523679733276
                ],
                [
                    0.0,
                    0.39049968123435974,
                    0.9205642342567444,
                    3.7110660076141357
                ],
                [
                    0.0,
                    0.0,
                    0.0,
                    1.0
                ]
            ]
        },
        {
            "file_path": "./train/r_22",
            "rotation": 0.06283185307179587,
            "transform_matrix": [
                [
                    0.9168881773948669,
                    -0.24394945800304413,
                    0.31579068303108215,
                    1.273045539855957
                ],
                [
                    0.3990366756916046,
                    0.5605358481407166,
                    -0.7256093621253967,
                    -2.9251458644866943
                ],
                [
                    0.0,
                    0.7913774251937866,
                    0.6112974882125854,
                    2.4643208980560303
                ],
                [
                    0.0,
                    0.0,
                    0.0,
                    1.0
                ]
            ]
        },
        {
            "file_path": "./train/r_23",
            "rotation": 0.06283185307179587,
            "transform_matrix": [
                [
                    -0.8716505169868469,
                    -0.1029278114438057,
                    0.4791105389595032,
                    1.9314361810684204
                ],
                [
                    0.49004027247428894,
                    -0.1830810010433197,
                    0.8522093892097473,
                    3.4355080127716064
                ],
                [
                    -7.450260408603526e-09,
                    0.9776897430419922,
                    0.21002282202243805,
                    0.8466640114784241
                ],
                [
                    0.0,
                    0.0,
                    0.0,
                    1.0
                ]
            ]
        },
        {
            "file_path": "./train/r_24",
            "rotation": 0.06283185307179587,
            "transform_matrix": [
                [
                    -0.9534644484519958,
                    0.29959598183631897,
                    -0.03269238397479057,
                    -0.13179264962673187
                ],
                [
                    -0.30136314034461975,
                    -0.9478734731674194,
                    0.10343344509601593,
                    0.41697075963020325
                ],
                [
                    0.0,
                    0.1084807962179184,
                    0.9940574169158936,
                    4.007339000701904
                ],
                [
                    0.0,
                    0.0,
                    0.0,
                    1.0
                ]
            ]
        },
        {
            "file_path": "./train/r_25",
            "rotation": 0.06283185307179587,
            "transform_matrix": [
                [
                    -0.9820095896720886,
                    -0.026866599917411804,
                    0.18668098747730255,
                    0.7525661587715149
                ],
                [
                    0.18860392272472382,
                    -0.13988710939884186,
                    0.9719973802566528,
                    3.9184083938598633
                ],
                [
                    -1.862565213173184e-09,
                    0.9897978901863098,
                    0.14243857562541962,
                    0.5742119550704956
                ],
                [
                    0.0,
                    0.0,
                    0.0,
                    1.0
                ]
            ]
        },
        {
            "file_path": "./train/r_26",
            "rotation": 0.06283185307179587,
            "transform_matrix": [
                [
                    0.9120652079582214,
                    -0.3076787292957306,
                    0.27091050148010254,
                    1.0921201705932617
                ],
                [
                    0.40994060039520264,
                    0.6845457553863525,
                    -0.6027411222457886,
                    -2.4298274517059326
                ],
                [
                    -1.4900521705385472e-08,
                    0.6608486771583557,
                    0.7504852414131165,
                    3.0254275798797607
                ],
                [
                    0.0,
                    0.0,
                    0.0,
                    1.0
                ]
            ]
        },
        {
            "file_path": "./train/r_27",
            "rotation": 0.06283185307179587,
            "transform_matrix": [
                [
                    -0.0026935460045933723,
                    -0.5677315592765808,
                    0.823173463344574,
                    3.3184549808502197
                ],
                [
                    0.9999534487724304,
                    -0.0015292820753529668,
                    0.002217358909547329,
                    0.00893882755190134
                ],
                [
                    -1.164103188844301e-10,
                    0.8232061862945557,
                    0.5677130222320557,
                    2.288618564605713
                ],
                [
                    0.0,
                    0.0,
                    0.0,
                    1.0
                ]
            ]
        },
        {
            "file_path": "./train/r_28",
            "rotation": 0.06283185307179587,
            "transform_matrix": [
                [
                    0.7979357242584229,
                    -0.5282264351844788,
                    0.29019108414649963,
                    1.1698458194732666
                ],
                [
                    0.6026711463928223,
                    0.6993710398674011,
                    -0.3842126131057739,
                    -1.5488743782043457
                ],
                [
                    1.4900518152671793e-08,
                    0.4815049171447754,
                    0.8764059543609619,
                    3.533050775527954
                ],
                [
                    0.0,
                    0.0,
                    0.0,
                    1.0
                ]
            ]
        },
        {
            "file_path": "./train/r_29",
            "rotation": 0.06283185307179587,
            "transform_matrix": [
                [
                    0.9901869893074036,
                    0.04675779119133949,
                    -0.1313687115907669,
                    -0.5295860767364502
                ],
                [
                    -0.13944104313850403,
                    0.3320324718952179,
                    -0.9328643679618835,
                    -3.7606520652770996
                ],
                [
                    0.0,
                    0.9421031475067139,
                    0.3352963924407959,
                    1.3516788482666016
                ],
                [
                    0.0,
                    0.0,
                    0.0,
                    1.0
                ]
            ]
        },
        {
            "file_path": "./train/r_30",
            "rotation": 0.06283185307179587,
            "transform_matrix": [
                [
                    -0.9983409643173218,
                    0.018902702257037163,
                    -0.053592927753925323,
                    -0.21604891121387482
                ],
                [
                    -0.056828491389751434,
                    -0.3320753574371338,
                    0.9414998292922974,
                    3.795463800430298
                ],
                [
                    0.0,
                    0.9430581331253052,
                    0.3326008915901184,
                    1.3408123254776
                ],
                [
                    0.0,
                    0.0,
                    0.0,
                    1.0
                ]
            ]
        },
        {
            "file_path": "./train/r_31",
            "rotation": 0.06283185307179587,
            "transform_matrix": [
                [
                    -0.2729510962963104,
                    0.8024781346321106,
                    -0.5305567979812622,
                    -2.138831377029419
                ],
                [
                    -0.961983323097229,
                    -0.22769340872764587,
                    0.15053905546665192,
                    0.6068673729896545
                ],
                [
                    0.0,
                    0.5515202879905701,
                    0.8341252207756042,
                    3.362605094909668
                ],
                [
                    0.0,
                    0.0,
                    0.0,
                    1.0
                ]
            ]
        },
        {
            "file_path": "./train/r_32",
            "rotation": 0.06283185307179587,
            "transform_matrix": [
                [
                    -0.9885653853416443,
                    0.13978993892669678,
                    -0.05579284206032753,
                    -0.2249174416065216
                ],
                [
                    -0.15050773322582245,
                    -0.9181687235832214,
                    0.3664586842060089,
                    1.4773032665252686
                ],
                [
                    -3.725130648390973e-09,
                    0.370695024728775,
                    0.9287155270576477,
                    3.743926763534546
                ],
                [
                    0.0,
                    0.0,
                    0.0,
                    1.0
                ]
            ]
        },
        {
            "file_path": "./train/r_33",
            "rotation": 0.06283185307179587,
            "transform_matrix": [
                [
                    -0.8066186904907227,
                    -0.3274213671684265,
                    0.4920209050178528,
                    1.9834816455841064
                ],
                [
                    0.5909994840621948,
                    -0.44687721133232117,
                    0.6715289354324341,
                    2.7071313858032227
                ],
                [
                    1.4900521705385472e-08,
                    0.8325178623199463,
                    0.5539690256118774,
                    2.233212947845459
                ],
                [
                    0.0,
                    0.0,
                    0.0,
                    1.0
                ]
            ]
        },
        {
            "file_path": "./train/r_34",
            "rotation": 0.06283185307179587,
            "transform_matrix": [
                [
                    -0.4941723346710205,
                    0.11485443264245987,
                    -0.8616958856582642,
                    -3.473750591278076
                ],
                [
                    -0.8693146705627441,
                    -0.06529037654399872,
                    0.4898413419723511,
                    1.9746952056884766
                ],
                [
                    0.0,
                    0.9912294149398804,
                    0.13211019337177277,
                    0.5325751900672913
                ],
                [
                    0.0,
                    0.0,
                    0.0,
                    1.0
                ]
            ]
        },
        {
            "file_path": "./train/r_35",
            "rotation": 0.06283185307179587,
            "transform_matrix": [
                [
                    0.258416086435318,
                    0.6921288967132568,
                    -0.673892080783844,
                    -2.716658353805542
                ],
                [
                    -0.9659892916679382,
                    0.18515446782112122,
                    -0.18027587234973907,
                    -0.7267453074455261
                ],
                [
                    -7.450261296781946e-09,
                    0.6976139545440674,
                    0.7164407968521118,
                    2.8881845474243164
                ],
                [
                    0.0,
                    0.0,
                    0.0,
                    1.0
                ]
            ]
        },
        {
            "file_path": "./train/r_36",
            "rotation": 0.06283185307179587,
            "transform_matrix": [
                [
                    0.4343394935131073,
                    -0.7646961808204651,
                    0.47597089409828186,
                    1.9187792539596558
                ],
                [
                    0.900701642036438,
                    0.36875444650650024,
                    -0.22952435910701752,
                    -0.9252804517745972
                ],
                [
                    1.4900521705385472e-08,
                    0.5284411311149597,
                    0.8489333391189575,
                    3.4223008155822754
                ],
                [
                    0.0,
                    0.0,
                    0.0,
                    1.0
                ]
            ]
        },
        {
            "file_path": "./train/r_37",
            "rotation": 0.06283185307179587,
            "transform_matrix": [
                [
                    -0.5511914491653442,
                    -0.720913290977478,
                    0.42003118991851807,
                    1.6932698488235474
                ],
                [
                    0.8343273401260376,
                    -0.4762653708457947,
                    0.2774900794029236,
                    1.1186445951461792
                ],
                [
                    0.0,
                    0.5034335851669312,
                    0.8639967441558838,
                    3.4830262660980225
                ],
                [
                    0.0,
                    0.0,
                    0.0,
                    1.0
                ]
            ]
        },
        {
            "file_path": "./train/r_38",
            "rotation": 0.06283185307179587,
            "transform_matrix": [
                [
                    -0.5144976377487183,
                    0.5169323682785034,
                    -0.6841119527816772,
                    -2.757857084274292
                ],
                [
                    -0.8574417233467102,
                    -0.31017908453941345,
                    0.4104931354522705,
                    1.6548190116882324
                ],
                [
                    -1.4900520817207052e-08,
                    0.7978471517562866,
                    0.6028298139572144,
                    2.430184841156006
                ],
                [
                    0.0,
                    0.0,
                    0.0,
                    1.0
                ]
            ]
        },
        {
            "file_path": "./train/r_39",
            "rotation": 0.06283185307179587,
            "transform_matrix": [
                [
                    0.12929914891719818,
                    -0.7785836458206177,
                    0.6140444278717041,
                    2.4753947257995605
                ],
                [
                    0.9915623664855957,
                    0.10152684897184372,
                    -0.08007103204727173,
                    -0.3227899968624115
                ],
                [
                    -3.725130426346368e-09,
                    0.6192655563354492,
                    0.7851467132568359,
                    3.165158271789551
                ],
                [
                    0.0,
                    0.0,
                    0.0,
                    1.0
                ]
            ]
        },
        {
            "file_path": "./train/r_40",
            "rotation": 0.06283185307179587,
            "transform_matrix": [
                [
                    0.9251583814620972,
                    -0.1368015706539154,
                    0.35395410656929016,
                    1.4268935918807983
                ],
                [
                    0.37946856021881104,
                    0.33352726697921753,
                    -0.8629531860351562,
                    -3.4788191318511963
                ],
                [
                    0.0,
                    0.9327566027641296,
                    0.36047980189323425,
                    1.4532005786895752
                ],
                [
                    0.0,
                    0.0,
                    0.0,
                    1.0
                ]
            ]
        },
        {
            "file_path": "./train/r_41",
            "rotation": 0.06283185307179587,
            "transform_matrix": [
                [
                    -0.799483060836792,
                    -0.542212724685669,
                    0.258396714925766,
                    1.0416735410690308
                ],
                [
                    0.6006172299385071,
                    -0.7217406630516052,
                    0.3439525365829468,
                    1.3865742683410645
                ],
                [
                    -2.9801046963484623e-08,
                    0.4302157759666443,
                    0.9026877284049988,
                    3.63900089263916
                ],
                [
                    0.0,
                    0.0,
                    0.0,
                    1.0
                ]
            ]
        },
        {
            "file_path": "./train/r_42",
            "rotation": 0.06283185307179587,
            "transform_matrix": [
                [
                    0.3792480528354645,
                    0.6724674701690674,
                    -0.6355377435684204,
                    -2.562040328979492
                ],
                [
                    -0.9252486228942871,
                    0.2756361663341522,
                    -0.26049911975860596,
                    -1.0501489639282227
                ],
                [
                    0.0,
                    0.6868786215782166,
                    0.7267388701438904,
                    2.929699182510376
                ],
                [
                    0.0,
                    0.0,
                    0.0,
                    1.0
                ]
            ]
        },
        {
            "file_path": "./train/r_43",
            "rotation": 0.06283185307179587,
            "transform_matrix": [
                [
                    0.4382535219192505,
                    -0.5372252464294434,
                    0.7205973863601685,
                    2.9049408435821533
                ],
                [
                    0.8988036513328552,
                    0.26194918155670166,
                    -0.3513607680797577,
                    -1.4164390563964844
                ],
                [
                    -1.4900520817207052e-08,
                    0.8017241358757019,
                    0.5976641774177551,
                    2.409360885620117
                ],
                [
                    0.0,
                    0.0,
                    0.0,
                    1.0
                ]
            ]
