{
    "camera_angle_x": 0.6911112070083618,
    "frames": [
        {
            "file_path": "./train/r_0",
            "rotation": 0.06283185307179587,
            "transform_matrix": [
                [
                    0.8451293110847473,
                    0.3657752573490143,
                    -0.38973018527030945,
                    -1.5711175203323364
                ],
                [
                    -0.5344815850257874,
                    0.5783687233924866,
                    -0.6162465810775757,
                    -2.484272003173828
                ],
                [
                    0.0,
                    0.7291693687438965,
                    0.6843010783195496,
                    2.758619785308838
                ],
                [
                    0.0,
                    0.0,
                    0.0,
                    1.0
                ]
            ]
        },
        {
            "file_path": "./train/r_1",
            "rotation": 0.06283185307179587,
            "transform_matrix": [
                [
                    -0.014461424201726913,
                    0.7181491255760193,
                    -0.6957066059112549,
                    -2.804598569869995
                ],
                [
                    -0.9998525381088257,
                    -0.010386990383267403,
                    0.010062390938401222,
                    0.04056446999311447
                ],
                [
                    -4.65641303293296e-10,
                    0.6958046555519104,
                    0.7181981205940247,
                    2.895268678665161
                ],
                [
                    0.0,
                    0.0,
                    0.0,
                    1.0
                ]
            ]
        },
        {
            "file_path": "./train/r_2",
            "rotation": 0.06283185307179587,
            "transform_matrix": [
                [
                    -0.9434095025062561,
                    0.22082959115505219,
                    -0.24724693596363068,
                    -0.9967254400253296
                ],
                [
                    -0.33150094747543335,
                    -0.6284528970718384,
                    0.7036332488059998,
                    2.8365535736083984
                ],
                [
                    0.0,
                    0.7458359003067017,
                    0.6660979986190796,
                    2.6852378845214844
                ],
                [
                    0.0,
                    0.0,
                    0.0,
                    1.0
                ]
            ]
        },
        {
            "file_path": "./train/r_3",
            "rotation": 0.06283185307179587,
            "transform_matrix": [
                [
                    0.35591936111450195,
                    -0.7477384209632874,
                    0.5605053901672363,
                    2.2595627307891846
                ],
                [
                    0.9344708323478699,
                    0.2847971022129059,
                    -0.21348415315151215,
                    -0.8606176972389221
                ],
                [
                    0.0,
                    0.599806547164917,
                    0.8001098036766052,
                    3.2254788875579834
                ],
                [
                    0.0,
                    0.0,
                    0.0,
                    1.0
                ]
            ]
        },
        {
            "file_path": "./train/r_4",
            "rotation": 0.06283185307179587,
            "transform_matrix": [
                [
                    -0.8285579085350037,
                    -0.3772353529930115,
                    0.4136553704738617,
                    1.6675670146942139
                ],
                [
                    0.559826672077179,
                    -0.558318018913269,
                    0.6122205853462219,
                    2.4680418968200684
                ],
                [
                    0.0,
                    0.738893985748291,
                    0.6737897396087646,
                    2.716245412826538
                ],
                [
                    0.0,
                    0.0,
                    0.0,
                    1.0
                ]
            ]
        },
        {
            "file_path": "./train/r_5",
            "rotation": 0.06283185307179587,
            "transform_matrix": [
                [
                    0.9568520188331604,
                    -0.2486264705657959,
                    0.1501268446445465,
                    0.6052056550979614
                ],
                [
                    0.2904280126094818,
                    0.8191315531730652,
                    -0.4946119487285614,
                    -1.993927001953125
                ],
                [
                    0.0,
                    0.5169124603271484,
                    0.8560013175010681,
                    3.450794219970703
                ],
                [
                    0.0,
                    0.0,
                    0.0,
                    1.0
                ]
            ]
        },
        {
            "file_path": "./train/r_6",
            "rotation": 0.06283185307179587,
            "transform_matrix": [
                [
                    -0.8900555968284607,
                    -0.3595098853111267,
                    0.2801392674446106,
                    1.1293240785598755
                ],
                [
                    0.45575791597366333,
                    -0.7020915150642395,
                    0.5470876097679138,
                    2.2054717540740967
                ],
                [
                    1.4900521705385472e-08,
                    0.6146626472473145,
                    0.7887551188468933,
                    3.1797046661376953
                ],
                [
                    0.0,
                    0.0,
                    0.0,
                    1.0
                ]
            ]
        },
        {
            "file_path": "./train/r_7",
            "rotation": 0.06283185307179587,
            "transform_matrix": [
                [
                    0.9330017566680908,
                    -0.14196041226387024,
                    0.3305616080760956,
                    1.3325916528701782
                ],
                [
                    0.35975250601768494,
                    0.36816784739494324,
                    -0.8572964668273926,
                    -3.4560155868530273
                ],
                [
                    0.0,
                    0.9188523888587952,
                    0.3945744037628174,
                    1.5906461477279663
                ],
                [
                    0.0,
                    0.0,
                    0.0,
                    1.0
                ]
            ]
        },
        {
            "file_path": "./train/r_8",
            "rotation": 0.06283185307179587,
            "transform_matrix": [
                [
                    -0.9099434614181519,
                    -0.4129953682422638,
                    0.03694171831011772,
                    0.14892295002937317
                ],
                [
                    0.41462862491607666,
                    -0.9063590168952942,
                    0.08107224851846695,
                    0.3268261253833771
                ],
                [
                    -7.4502595204251065e-09,
                    0.08909567445516586,
                    0.9959820508956909,
                    4.015097141265869
                ],
                [
                    0.0,
                    0.0,
                    0.0,
                    1.0
                ]
            ]
        },
        {
            "file_path": "./train/r_9",
            "rotation": 0.06283185307179587,
            "transform_matrix": [
                [
                    -0.8464671969413757,
                    0.44387194514274597,
                    -0.29393965005874634,
                    -1.184957504272461
                ],
                [
                    -0.5323604345321655,
                    -0.7057681083679199,
                    0.46737179160118103,
                    1.8841137886047363
                ],
                [
                    0.0,
                    0.5521403551101685,
                    0.8337148427963257,
                    3.3609509468078613
                ],
                [
                    0.0,
                    0.0,
                    0.0,
                    1.0
                ]
            ]
        },
        {
            "file_path": "./train/r_10",
            "rotation": 0.06283185307179587,
            "transform_matrix": [
                [
                    0.7939509749412537,
                    -0.0847439393401146,
                    0.6019768714904785,
                    2.4267468452453613
                ],
                [
                    0.607911229133606,
                    0.11067822575569153,
                    -0.7862005233764648,
                    -3.1694068908691406
                ],
                [
                    0.0,
                    0.9902317523956299,
                    0.13939078152179718,
                    0.56192547082901
                ],
                [
                    0.0,
                    0.0,
                    0.0,
                    1.0
                ]
            ]
        },
        {
            "file_path": "./train/r_11",
            "rotation": 0.06283185307179587,
            "transform_matrix": [
                [
                    -0.9735296368598938,
                    0.19120262563228607,
                    -0.12489442527294159,
                    -0.5034862756729126
                ],
                [
                    -0.22837302088737488,
                    -0.8150762319564819,
                    0.532411515712738,
                    2.146307945251465
                ],
                [
                    0.0,
                    0.5468842387199402,
                    0.8371719717979431,
                    3.374887228012085
                ],
                [
                    0.0,
                    0.0,
                    0.0,
                    1.0
                ]
            ]
        },
        {
            "file_path": "./train/r_12",
            "rotation": 0.06283185307179587,
            "transform_matrix": [
                [
                    0.9994980096817017,
                    0.02568068355321884,
                    -0.016075793653726578,
                    -0.0648062601685524
                ],
                [
                    -0.03029649704694748,
                    0.8472197651863098,
                    -0.5303491950035095,
                    -2.137993812561035
                ],
                [
                    0.0,
                    0.5306118726730347,
                    0.8475782871246338,
                    3.4168381690979004
                ],
                [
                    0.0,
                    0.0,
                    0.0,
                    1.0
                ]
            ]
        },
        {
            "file_path": "./train/r_13",
            "rotation": 0.06283185307179587,
            "transform_matrix": [
                [
                    -0.41996365785598755,
                    0.3876229226589203,
                    -0.8205526471138,
                    -3.3078901767730713
                ],
                [
                    -0.9074935913085938,
                    -0.17938147485256195,
                    0.3797297477722168,
                    1.5308027267456055
                ],
                [
                    0.0,
                    0.9041905403137207,
                    0.42710188031196594,
                    1.7217738628387451
                ],
                [
                    0.0,
                    0.0,
                    0.0,
                    1.0
                ]
            ]
        },
        {
            "file_path": "./train/r_14",
            "rotation": 0.06283185307179587,
            "transform_matrix": [
                [
                    0.3331020474433899,
                    -0.2385598123073578,
                    0.9121696949005127,
                    3.677225351333618
                ],
                [
                    0.9428452849388123,
                    0.08428186178207397,
                    -0.32226452231407166,
                    -1.2991434335708618
                ],
                [
                    7.450259964514316e-09,
                    0.9674585461616516,
                    0.2530011236667633,
                    1.0199222564697266
                ],
                [
                    0.0,
                    0.0,
                    0.0,
                    1.0
                ]
            ]
        },
        {
            "file_path": "./train/r_15",
            "rotation": 0.06283185307179587,
            "transform_matrix": [
                [
                    -0.9064301252365112,
                    0.09370838105678558,
                    -0.4117262065410614,
                    -1.6597900390625
                ],
                [
                    -0.4222540855407715,
                    -0.20115874707698822,
                    0.8838304877281189,
                    3.5629818439483643
                ],
                [
                    0.0,
                    0.9750609397888184,
                    0.22190657258033752,
                    0.8945709466934204
                ],
                [
                    0.0,
                    0.0,
                    0.0,
                    1.0
                ]
            ]
        },
        {
            "file_path": "./train/r_16",
            "rotation": 0.06283185307179587,
            "transform_matrix": [
                [
                    -0.7946946620941162,
                    -0.1697317659854889,
                    0.5827255249023438,
                    2.3491387367248535
                ],
                [
                    0.6069387793540955,
                    -0.22223812341690063,
                    0.7629910707473755,
                    3.0758423805236816
                ],
                [
                    0.0,
                    0.9600995779037476,
                    0.27963006496429443,
                    1.1272714138031006
                ],
                [
                    0.0,
                    0.0,
                    0.0,
                    1.0
                ]
            ]
        },
        {
            "file_path": "./train/r_17",
            "rotation": 0.06283185307179587,
            "transform_matrix": [
                [
                    -0.06824631989002228,
                    0.2187437117099762,
                    -0.9733522534370422,
                    -3.923870086669922
                ],
                [
                    -0.9976255297660828,
                    -0.014963986352086067,
                    0.06658582389354706,
                    0.2684271037578583
                ],
                [
                    -9.312825510754408e-10,
                    0.9756624698638916,
                    0.2192470133304596,
                    0.8838493824005127
                ],
                [
                    0.0,
                    0.0,
                    0.0,
                    1.0
                ]
            ]
        },
        {
            "file_path": "./train/r_18",
            "rotation": 0.06283185307179587,
            "transform_matrix": [
                [
                    0.9981617331504822,
                    -0.04300038143992424,
                    0.04169398918747902,
                    0.16808079183101654
                ],
                [
                    0.05989386886358261,
                    0.7166232466697693,
                    -0.6948514580726624,
                    -2.8011515140533447
                ],
                [
                    -1.862565213173184e-09,
                    0.6961264610290527,
                    0.7178860902786255,
                    2.8940110206604004
                ],
                [
                    0.0,
                    0.0,
                    0.0,
                    1.0
                ]
            ]
        },
        {
            "file_path": "./train/r_19",
            "rotation": 0.06283185307179587,
            "transform_matrix": [
                [
                    0.8311959505081177,
                    0.5000842809677124,
                    -0.24282164871692657,
                    -0.9788858294487
                ],
                [
                    -0.5559024810791016,
                    0.7477355599403381,
                    -0.3630715310573578,
                    -1.4636485576629639
                ],
                [
                    1.4900521705385472e-08,
                    0.43680334091186523,
                    0.8995188474655151,
                    3.6262261867523193
                ],
                [
                    0.0,
                    0.0,
                    0.0,
                    1.0
                ]
            ]
        },
        {
            "file_path": "./train/r_20",
            "rotation": 0.06283185307179587,
            "transform_matrix": [
                [
                    0.8198363780975342,
                    -0.3414544463157654,
                    0.4595659673213959,
                    1.8526462316513062
                ],
                [
                    0.5725229382514954,
                    0.48895296454429626,
                    -0.658085286617279,
                    -2.6529362201690674
                ],
                [
                    0.0,
                    0.8026978969573975,
                    0.5963558554649353,
                    2.4040865898132324
                ],
                [
                    0.0,
                    0.0,
                    0.0,
                    1.0
                ]
            ]
        },
        {
            "file_path": "./train/r_21",
            "rotation": 0.06283185307179587,
            "transform_matrix": [
                [
                    -0.973727285861969,
                    0.21496981382369995,
                    -0.07457281649112701,
                    -0.3006250560283661
                ],
                [
                    -0.227529376745224,
                    -0.9199778437614441,
                    0.31913942098617554,
                    1.2865452766418457
                ],
                [
                    7.450262184960366e-09,
                    0.3277481198310852,
                    0.9447255730628967,
                    3.8084676265716553
                ],
                [
                    0.0,
                    0.0,
                    0.0,
                    1.0
                ]
            ]
        },
        {
            "file_path": "./train/r_22",
            "rotation": 0.06283185307179587,
            "transform_matrix": [
                [
                    0.42715826630592346,
                    0.18953529000282288,
                    -0.8840427398681641,
                    -3.5638375282287598
                ],
                [
                    -0.9041294455528259,
                    0.08954641968011856,
                    -0.4176682233810425,
                    -1.6837440729141235
                ],
                [
                    0.0,
                    0.9777768850326538,
                    0.20961631834506989,
                    0.8450253009796143
                ],
                [
                    0.0,
                    0.0,
                    0.0,
                    1.0
                ]
            ]
        },
        {
            "file_path": "./train/r_23",
            "rotation": 0.06283185307179587,
            "transform_matrix": [
                [
                    -0.6209126114845276,
                    -0.7394817471504211,
                    0.25998079776763916,
                    1.048059344291687
                ],
                [
                    0.7838249802589417,
                    -0.5857858061790466,
                    0.2059456706047058,
                    0.8302278518676758
                ],
                [
                    -1.4900520817207052e-08,
                    0.33167997002601624,
                    0.9433524012565613,
                    3.8029322624206543
                ],
                [
                    0.0,
                    0.0,
                    0.0,
                    1.0
                ]
            ]
        },
        {
            "file_path": "./train/r_24",
            "rotation": 0.06283185307179587,
            "transform_matrix": [
                [
                    0.9823811054229736,
                    0.07522653043270111,
                    -0.17083047330379486,
                    -0.6886681318283081
                ],
                [
                    -0.18665893375873566,
                    0.3959152400493622,
                    -0.8990762829780579,
                    -3.6244421005249023
                ],
                [
                    0.0,
                    0.915195107460022,
                    0.40298396348953247,
                    1.6245474815368652
                ],
                [
                    0.0,
                    0.0,
                    0.0,
                    1.0
                ]
            ]
        },
        {
            "file_path": "./train/r_25",
            "rotation": 0.06283185307179587,
            "transform_matrix": [
                [
                    0.8300004005432129,
                    -0.4397714138031006,
                    0.3429718315601349,
                    1.3826206922531128
                ],
                [
                    0.5576858520507812,
                    0.6545090079307556,
                    -0.510442852973938,
                    -2.0577456951141357
                ],
                [
                    1.4900520817207052e-08,
                    0.6149869561195374,
                    0.7885023355484009,
                    3.1786856651306152
                ],
                [
                    0.0,
                    0.0,
                    0.0,
                    1.0
                ]
            ]
        },
        {
            "file_path": "./train/r_26",
            "rotation": 0.06283185307179587,
            "transform_matrix": [
                [
                    -0.9784180521965027,
                    -0.12713764607906342,
                    0.16263391077518463,
                    0.6556253433227539
                ],
                [
                    0.20642787218093872,
                    -0.6026015877723694,
                    0.7708452939987183,
                    3.1075050830841064
                ],
                [
                    0.0,
                    0.7878433465957642,
                    0.6158450245857239,
                    2.4826533794403076
                ],
                [
                    0.0,
                    0.0,
                    0.0,
                    1.0
                ]
            ]
        },
        {
            "file_path": "./train/r_27",
            "rotation": 0.06283185307179587,
            "transform_matrix": [
                [
                    -0.8483074903488159,
                    -0.3153567910194397,
                    0.4252609610557556,
                    1.7143524885177612
                ],
                [
                    0.5294229984283447,
                    -0.5053039789199829,
                    0.6814060807228088,
                    2.7469491958618164
                ],
                [
                    0.0,
                    0.803248405456543,
                    0.5956141948699951,
                    2.401096820831299
                ],
                [
                    0.0,
                    0.0,
                    0.0,
                    1.0
                ]
            ]
        },
        {
            "file_path": "./train/r_28",
            "rotation": 0.06283185307179587,
            "transform_matrix": [
                [
                    0.9975447058677673,
                    -0.0694180503487587,
                    0.0003608304541558027,
                    0.0014546141028404236
                ],
                [
                    0.0694163516163826,
                    0.9975690245628357,
                    -0.005185298155993223,
                    -0.020903468132019043
                ],
                [
                    0.0,
                    0.005205867812037468,
                    0.9999452233314514,
                    4.031074523925781
                ],
                [
                    0.0,
                    0.0,
                    0.0,
                    1.0
                ]
            ]
        },
        {
            "file_path": "./train/r_29",
            "rotation": 0.06283185307179587,
            "transform_matrix": [
                [
                    -0.7834337949752808,
                    -0.49743980169296265,
                    0.37244918942451477,
                    1.5014528036117554
                ],
                [
                    0.6214061975479126,
                    -0.6271440386772156,
                    0.46956291794776917,
                    1.8929469585418701
                ],
                [
                    -1.4900524369920731e-08,
                    0.5993611216545105,
                    0.8004432320594788,
                    3.226823568344116
                ],
                [
                    0.0,
                    0.0,
                    0.0,
                    1.0
                ]
            ]
        },
        {
            "file_path": "./train/r_30",
            "rotation": 0.06283185307179587,
            "transform_matrix": [
                [
                    0.7644291520118713,
                    -0.4063880443572998,
                    0.5004242062568665,
                    2.017357587814331
                ],
                [
                    0.6446411609649658,
                    0.4819035530090332,
                    -0.5934135913848877,
                    -2.392225503921509
                ],
                [
                    0.0,
                    0.7762781977653503,
                    0.6303597688674927,
                    2.541166305541992
                ],
                [
                    0.0,
                    0.0,
                    0.0,
                    1.0
                ]
            ]
        },
        {
            "file_path": "./train/r_31",
            "rotation": 0.06283185307179587,
            "transform_matrix": [
                [
                    -0.26435500383377075,
                    0.14042778313159943,
                    -0.9541043043136597,
                    -3.84627628326416
                ],
                [
                    -0.9643809795379639,
                    -0.03849390894174576,
                    0.26153796911239624,
                    1.0543369054794312
                ],
                [
                    -3.725130870435578e-09,
                    0.9893372058868408,
                    0.14560289680957794,
                    0.5869683027267456
                ],
                [
                    0.0,
                    0.0,
                    0.0,
                    1.0
                ]
            ]
        },
        {
            "file_path": "./train/r_32",
            "rotation": 0.06283185307179587,
            "transform_matrix": [
                [
                    -0.8196907639503479,
                    0.5352350473403931,
                    -0.2038787603378296,
                    -0.8218954801559448
                ],
                [
                    -0.5727313756942749,
                    -0.7660260796546936,
                    0.2917904257774353,
                    1.1762933731079102
                ],
                [
                    0.0,
                    0.3559737503528595,
                    0.9344565868377686,
                    3.767070770263672
                ],
                [
                    0.0,
                    0.0,
                    0.0,
                    1.0
                ]
            ]
        },
        {
            "file_path": "./train/r_33",
            "rotation": 0.06283185307179587,
            "transform_matrix": [
                [
                    0.100630983710289,
                    0.7487132549285889,
                    -0.6551792621612549,
                    -2.641221284866333
                ],
                [
                    -0.9948807954788208,
                    0.07573144137859344,
                    -0.06627058982849121,
                    -0.26715630292892456
                ],
                [
                    3.725130870435578e-09,
                    0.6585462689399719,
                    0.7525062561035156,
                    3.0335750579833984
                ],
                [
                    0.0,
                    0.0,
                    0.0,
                    1.0
                ]
            ]
        },
        {
            "file_path": "./train/r_34",
            "rotation": 0.06283185307179587,
            "transform_matrix": [
                [
                    0.8379413485527039,
                    0.19157671928405762,
                    -0.5109505653381348,
                    -2.0597927570343018
                ],
                [
                    -0.5456816554069519,
                    0.29418259859085083,
                    -0.7846086621284485,
                    -3.162989377975464
                ],
                [
                    1.4900521705385472e-08,
                    0.9363464713096619,
                    0.3510499894618988,
                    1.4151862859725952
                ],
                [
                    0.0,
                    0.0,
                    0.0,
                    1.0
                ]
            ]
        },
        {
            "file_path": "./train/r_35",
            "rotation": 0.06283185307179587,
            "transform_matrix": [
                [
                    0.8204103112220764,
                    0.2267218381166458,
                    -0.5248268246650696,
                    -2.115731716156006
                ],
                [
                    -0.5717002749443054,
                    0.3253539502620697,
                    -0.7531452775001526,
                    -3.0361509323120117
                ],
                [
                    -1.4900522593563892e-08,
                    0.9180042743682861,
                    0.3965432941913605,
                    1.5985831022262573
                ],
                [
                    0.0,
                    0.0,
                    0.0,
                    1.0
                ]
            ]
        },
        {
            "file_path": "./train/r_36",
            "rotation": 0.06283185307179587,
            "transform_matrix": [
                [
                    -0.45374900102615356,
                    -0.39418813586235046,
                    0.7991593480110168,
                    3.221647262573242
                ],
                [
                    0.8910814523696899,
                    -0.20072516798973083,
                    0.4069412052631378,
                    1.6405000686645508
                ],
                [
                    0.0,
                    0.8968361020088196,
                    0.4423355162143707,
                    1.7831850051879883
                ],
                [
                    0.0,
                    0.0,
                    0.0,
                    1.0
                ]
            ]
        },
        {
            "file_path": "./train/r_37",
            "rotation": 0.06283185307179587,
            "transform_matrix": [
                [
                    0.994863748550415,
                    -0.05266725271940231,
                    0.08594620227813721,
                    0.3464745283126831
                ],
                [
                    0.1007985770702362,
                    0.5198161602020264,
                    -0.8482733964920044,
                    -3.41964054107666
                ],
                [
                    3.725130426346368e-09,
                    0.8526471853256226,
                    0.522458553314209,
                    2.106184720993042
                ],
                [
                    0.0,
                    0.0,
                    0.0,
                    1.0
                ]
            ]
        },
        {
            "file_path": "./train/r_38",
            "rotation": 0.06283185307179587,
            "transform_matrix": [
                [
                    -0.48877012729644775,
                    -0.8353793025016785,
                    0.2514210045337677,
                    1.0135523080825806
                ],
                [
                    0.8723634481430054,
                    -0.4680485725402832,
                    0.14086684584617615,
                    0.567875862121582
                ],
                [
                    0.0,
                    0.28820475935935974,
                    0.957528829574585,
                    3.860081434249878
                ],
                [
                    0.0,
                    0.0,
                    0.0,
                    1.0
                ]
            ]
        },
        {
            "file_path": "./train/r_39",
            "rotation": 0.06283185307179587,
            "transform_matrix": [
                [
                    -0.9999430179595947,
                    0.0047875456511974335,
                    -0.0022895634174346924,
                    -0.00922990683466196
                ],
                [
                    -0.005306688137352467,
                    -0.9021205902099609,
                    0.4314240515232086,
                    1.739197850227356
                ],
                [
                    0.0,
                    0.43144580721855164,
                    0.9021005630493164,
                    3.63663387298584
                ],
                [
                    0.0,
                    0.0,
                    0.0,
                    1.0
                ]
            ]
        },
        {
            "file_path": "./train/r_40",
            "rotation": 0.06283185307179587,
            "transform_matrix": [
                [
                    -0.9166909456253052,
                    -0.1463349610567093,
                    0.37172576785087585,
                    1.498536229133606
                ],
                [
                    0.39948955178260803,
                    -0.335788369178772,
                    0.8529826402664185,
                    3.438624858856201
                ],
                [
                    7.450261296781946e-09,
                    0.9304956197738647,
                    0.3662759065628052,
                    1.4765663146972656
                ],
                [
                    0.0,
                    0.0,
                    0.0,
                    1.0
                ]
            ]
        },
        {
            "file_path": "./train/r_41",
            "rotation": 0.06283185307179587,
            "transform_matrix": [
                [
                    0.9297186136245728,
                    -0.21093882620334625,
                    0.30173829197883606,
                    1.2163962125778198
                ],
                [
                    0.3681541979312897,
                    0.5326945781707764,
                    -0.7619951963424683,
                    -3.0718274116516113
                ],
                [
                    1.4900520817207052e-08,
                    0.8195922374725342,
                    0.5729178786277771,
                    2.309601068496704
                ],
                [
                    0.0,
                    0.0,
                    0.0,
                    1.0
                ]
            ]
        },
        {
            "file_path": "./train/r_42",
            "rotation": 0.06283185307179587,
            "transform_matrix": [
                [
                    -0.9988135695457458,
                    -0.029931437224149704,
                    0.03728072717785835,
                    0.1502896249294281
                ],
                [
                    0.0478086955845356,
                    -0.6253239512443542,
                    0.7788645029067993,
                    3.1398329734802246
                ],
                [
                    -1.862565435217789e-09,
                    0.7797845005989075,
                    0.6260172128677368,
                    2.52366042137146
                ],
                [
                    0.0,
                    0.0,
                    0.0,
                    1.0
                ]
            ]
        },
        {
            "file_path": "./train/r_43",
            "rotation": 0.06283185307179587,
            "transform_matrix": [
                [
                    0.9996470808982849,
                    0.010954676195979118,
                    -0.02235577255487442,
                    -0.09012272953987122
                ],
                [
                    -0.024895276874303818,
                    0.4398750364780426,
                    -0.897675633430481,
                    -3.618795871734619
                ],
                [
                    0.0,
                    0.897986650466919,
                    0.4399954080581665,
                    1.7737516164779663
                ],
                [
                    0.0,
                    0.0,
                    0.0,
                    1.0
                ]
            ]
        },
        {
            "file_path": "./train/r_44",
