{
    "camera_angle_x": 0.6911112070083618,
    "frames": [
        {
            "file_path": "./train/r_0",
            "rotation": 0.06283185307179587,
            "transform_matrix": [
                [
                    0.982078492641449,
                    0.13606534898281097,
                    -0.13009145855903625,
                    -0.5244370698928833
                ],
                [
                    -0.18824484944343567,
                    0.7098566889762878,
                    -0.6786907315254211,
                    -2.7360026836395264
                ],
                [
                    0.0,
                    0.6910713315010071,
                    0.7227534651756287,
                    2.91363263130188
                ],
                [
                    0.0,
                    0.0,
                    0.0,
                    1.0
                ]
            ]
        },
        {
            "file_path": "./train/r_1",
            "rotation": 0.06283185307179587,
            "transform_matrix": [
                [
                    -0.7977344989776611,
                    -0.552388072013855,
                    0.24171222746372223,
                    0.9744133949279785
                ],
                [
                    0.6029378771781921,
                    -0.7308530211448669,
                    0.3198043704032898,
                    1.2892258167266846
                ],
                [
                    0.0,
                    0.4008881151676178,
                    0.9160882830619812,
                    3.6930224895477295
                ],
                [
                    0.0,
                    0.0,
                    0.0,
                    1.0
                ]
            ]
        },
        {
            "file_path": "./train/r_2",
            "rotation": 0.06283185307179587,
            "transform_matrix": [
                [
                    -0.9341198205947876,
                    -0.21862870454788208,
                    0.28202760219573975,
                    1.1369365453720093
                ],
                [
                    0.3568391501903534,
                    -0.5723178386688232,
                    0.7382810115814209,
                    2.976228952407837
                ],
                [
                    0.0,
                    0.7903441190719604,
                    0.6126327514648438,
                    2.4697036743164062
                ],
                [
                    0.0,
                    0.0,
                    0.0,
                    1.0
                ]
            ]
        },
        {
            "file_path": "./train/r_3",
            "rotation": 0.06283185307179587,
            "transform_matrix": [
                [
                    0.10433083772659302,
                    -0.917471170425415,
                    0.38384902477264404,
                    1.5474088191986084
                ],
                [
                    0.9944995045661926,
                    0.09624996036291122,
                    -0.04026878997683525,
                    -0.16233539581298828
                ],
                [
                    3.725130648390973e-09,
                    0.3859694004058838,
                    0.9224725961685181,
                    3.718759536743164
                ],
                [
                    0.0,
                    0.0,
                    0.0,
                    1.0
                ]
            ]
        },
        {
            "file_path": "./train/r_4",
            "rotation": 0.06283185307179587,
            "transform_matrix": [
                [
                    -0.9963620901107788,
                    -0.059979148209095,
                    0.05983062833547592,
                    0.2411949187517166
                ],
                [
                    0.08471669256687164,
                    -0.7054212093353271,
                    0.7036743760108948,
                    2.836719036102295
                ],
                [
                    0.0,
                    0.7062389850616455,
                    0.7079408168792725,
                    2.8539185523986816
                ],
                [
                    0.0,
                    0.0,
                    0.0,
                    1.0
                ]
            ]
        },
        {
            "file_path": "./train/r_5",
            "rotation": 0.06283185307179587,
            "transform_matrix": [
                [
                    0.8388434052467346,
                    0.36908239126205444,
                    -0.4000561535358429,
                    -1.6127445697784424
                ],
                [
                    -0.5442939400672913,
                    0.5688145756721497,
                    -0.6165501475334167,
                    -2.4854958057403564
                ],
                [
                    0.0,
                    0.7349953651428223,
                    0.678040087223053,
                    2.73337984085083
                ],
                [
                    0.0,
                    0.0,
                    0.0,
                    1.0
                ]
            ]
        },
        {
            "file_path": "./train/r_6",
            "rotation": 0.06283185307179587,
            "transform_matrix": [
                [
                    -0.2677473723888397,
                    -0.6207284927368164,
                    0.7368531227111816,
                    2.970472812652588
                ],
                [
                    0.9634445905685425,
                    -0.17250439524650574,
                    0.20477616786956787,
                    0.8255132436752319
                ],
                [
                    0.0,
                    0.7648061513900757,
                    0.6442294120788574,
                    2.597079038619995
                ],
                [
                    0.0,
                    0.0,
                    0.0,
                    1.0
                ]
            ]
        },
        {
            "file_path": "./train/r_7",
            "rotation": 0.06283185307179587,
            "transform_matrix": [
                [
                    0.17259395122528076,
                    0.13276918232440948,
                    -0.975962221622467,
                    -3.934391975402832
                ],
                [
                    -0.9849494695663452,
                    0.023265311494469643,
                    -0.17101910710334778,
                    -0.6894285678863525
                ],
                [
                    -1.8625653241954865e-09,
                    0.9908687472343445,
                    0.13478727638721466,
                    0.543367326259613
                ],
                [
                    0.0,
                    0.0,
                    0.0,
                    1.0
                ]
            ]
        },
        {
            "file_path": "./train/r_8",
            "rotation": 0.06283185307179587,
            "transform_matrix": [
                [
                    -0.5391592979431152,
                    0.5121232271194458,
                    -0.6685599684715271,
                    -2.695162773132324
                ],
                [
                    -0.8421528935432434,
                    -0.3278692364692688,
                    0.42802247405052185,
                    1.7254849672317505
                ],
                [
                    1.4900522593563892e-08,
                    0.7938648462295532,
                    0.6080638766288757,
                    2.4512851238250732
                ],
                [
                    0.0,
                    0.0,
                    0.0,
                    1.0
                ]
            ]
        },
        {
            "file_path": "./train/r_9",
            "rotation": 0.06283185307179587,
            "transform_matrix": [
                [
                    -0.3486349284648895,
                    0.9301002025604248,
                    -0.11552926152944565,
                    -0.465732604265213
                ],
                [
                    -0.9372128248214722,
                    -0.3459891080856323,
                    0.04297587275505066,
                    0.17324844002723694
                ],
                [
                    3.725130426346368e-09,
                    0.12326863408088684,
                    0.9923323392868042,
                    4.00038480758667
                ],
                [
                    0.0,
                    0.0,
                    0.0,
                    1.0
                ]
            ]
        },
        {
            "file_path": "./train/r_10",
            "rotation": 0.06283185307179587,
            "transform_matrix": [
                [
                    0.7883670330047607,
                    -0.42624935507774353,
                    0.44352853298187256,
                    1.787994623184204
                ],
                [
                    0.6151355504989624,
                    0.5462876558303833,
                    -0.5684329271316528,
                    -2.2915210723876953
                ],
                [
                    0.0,
                    0.7210209369659424,
                    0.6928808689117432,
                    2.7932074069976807
                ],
                [
                    0.0,
                    0.0,
                    0.0,
                    1.0
                ]
            ]
        },
        {
            "file_path": "./train/r_11",
            "rotation": 0.06283185307179587,
            "transform_matrix": [
                [
                    0.015889232978224754,
                    -0.45883986353874207,
                    0.8883389830589294,
                    3.5811569690704346
                ],
                [
                    0.9998308420181274,
                    0.007291847839951515,
                    -0.014117415063083172,
                    -0.05691147223114967
                ],
                [
                    0.0,
                    0.8884833455085754,
                    0.4588811695575714,
                    1.8498855829238892
                ],
                [
                    0.0,
                    0.0,
                    0.0,
                    1.0
                ]
            ]
        },
        {
            "file_path": "./train/r_12",
            "rotation": 0.06283185307179587,
            "transform_matrix": [
                [
                    -0.9615582227706909,
                    0.08020080626010895,
                    -0.2624661922454834,
                    -1.0580787658691406
                ],
                [
                    -0.2744447886943817,
                    -0.2809954583644867,
                    0.9195893406867981,
                    3.7071361541748047
                ],
                [
                    -7.450260408603526e-09,
                    0.9563467502593994,
                    0.29220616817474365,
                    1.1779693365097046
                ],
                [
                    0.0,
                    0.0,
                    0.0,
                    1.0
                ]
            ]
        },
        {
            "file_path": "./train/r_13",
            "rotation": 0.06283185307179587,
            "transform_matrix": [
                [
                    0.9243914484977722,
                    -0.07327329367399216,
                    0.3742278814315796,
                    1.5086232423782349
                ],
                [
                    0.38133275508880615,
                    0.17762234807014465,
                    -0.9071685671806335,
                    -3.65706467628479
                ],
                [
                    -7.450261296781946e-09,
                    0.981361985206604,
                    0.19213534891605377,
                    0.7745543718338013
                ],
                [
                    0.0,
                    0.0,
                    0.0,
                    1.0
                ]
            ]
        },
        {
            "file_path": "./train/r_14",
            "rotation": 0.06283185307179587,
            "transform_matrix": [
                [
                    -0.7275137305259705,
                    0.5730840563774109,
                    -0.3771444261074066,
                    -1.5203806161880493
                ],
                [
                    -0.6860304474830627,
                    -0.6077376008033752,
                    0.3999498188495636,
                    1.6123158931732178
                ],
                [
                    0.0,
                    0.5497451424598694,
                    0.835296094417572,
                    3.3673253059387207
                ],
                [
                    0.0,
                    0.0,
                    0.0,
                    1.0
                ]
            ]
        },
        {
            "file_path": "./train/r_15",
            "rotation": 0.06283185307179587,
            "transform_matrix": [
                [
                    0.33066046237945557,
                    0.9194976091384888,
                    -0.2125241458415985,
                    -0.856747567653656
                ],
                [
                    -0.9437044262886047,
                    0.3221787214279175,
                    -0.07446540147066116,
                    -0.3001919984817505
                ],
                [
                    0.0,
                    0.225200355052948,
                    0.9742720127105713,
                    3.9275779724121094
                ],
                [
                    0.0,
                    0.0,
                    0.0,
                    1.0
                ]
            ]
        },
        {
            "file_path": "./train/r_16",
            "rotation": 0.06283185307179587,
            "transform_matrix": [
                [
                    0.8666158318519592,
                    -0.3969590365886688,
                    0.3022032678127289,
                    1.2182706594467163
                ],
                [
                    0.4988897740840912,
                    0.6895530819892883,
                    -0.5249539017677307,
                    -2.116244316101074
                ],
                [
                    0.0,
                    0.605747640132904,
                    0.7956218123435974,
                    3.2073864936828613
                ],
                [
                    0.0,
                    0.0,
                    0.0,
                    1.0
                ]
            ]
        },
        {
            "file_path": "./train/r_17",
            "rotation": 0.06283185307179587,
            "transform_matrix": [
                [
                    0.9916579723358154,
                    -0.09113408625125885,
                    0.09068586677312851,
                    0.36558154225349426
                ],
                [
                    0.12856397032737732,
                    0.7029484510421753,
                    -0.6994912028312683,
                    -2.8198556900024414
                ],
                [
                    0.0,
                    0.7053707242012024,
                    0.7088057398796082,
                    2.857405185699463
                ],
                [
                    0.0,
                    0.0,
                    0.0,
                    1.0
                ]
            ]
        },
        {
            "file_path": "./train/r_18",
            "rotation": 0.06283185307179587,
            "transform_matrix": [
                [
                    0.9152379631996155,
                    -0.35475072264671326,
                    0.19082781672477722,
                    0.7692832350730896
                ],
                [
                    0.40280717611312866,
                    0.8060464859008789,
                    -0.4335891902446747,
                    -1.7479259967803955
                ],
                [
                    -1.4900520817207052e-08,
                    0.47374165058135986,
                    0.8806263208389282,
                    3.5500645637512207
                ],
                [
                    0.0,
                    0.0,
                    0.0,
                    1.0
                ]
            ]
        },
        {
            "file_path": "./train/r_19",
            "rotation": 0.06283185307179587,
            "transform_matrix": [
                [
                    -0.9440931081771851,
                    0.3166033625602722,
                    -0.0914999395608902,
                    -0.3688632845878601
                ],
                [
                    -0.3295486271381378,
                    -0.9070073962211609,
                    0.26212963461875916,
                    1.0567219257354736
                ],
                [
                    0.0,
                    0.27765050530433655,
                    0.9606420397758484,
                    3.8726320266723633
                ],
                [
                    0.0,
                    0.0,
                    0.0,
                    1.0
                ]
            ]
        },
        {
            "file_path": "./train/r_20",
            "rotation": 0.06283185307179587,
            "transform_matrix": [
                [
                    -0.5058414340019226,
                    0.6410905718803406,
                    -0.5771255493164062,
                    -2.3265633583068848
                ],
                [
                    -0.8625768423080444,
                    -0.37595507502555847,
                    0.3384440541267395,
                    1.3643678426742554
                ],
                [
                    0.0,
                    0.6690669655799866,
                    0.7431684732437134,
                    2.995931386947632
                ],
                [
                    0.0,
                    0.0,
                    0.0,
                    1.0
                ]
            ]
        },
        {
            "file_path": "./train/r_21",
            "rotation": 0.06283185307179587,
            "transform_matrix": [
                [
                    0.024726783856749535,
                    0.6657959222793579,
                    -0.7456902265548706,
                    -3.0060975551605225
                ],
                [
                    -0.9996512532234192,
                    0.01646873727440834,
                    -0.018444955348968506,
                    -0.0743570625782013
                ],
                [
                    0.0,
                    0.7459453344345093,
                    0.6659753918647766,
                    2.684743642807007
                ],
                [
                    0.0,
                    0.0,
                    0.0,
                    1.0
                ]
            ]
        },
        {
            "file_path": "./train/r_22",
            "rotation": 0.06283185307179587,
            "transform_matrix": [
                [
                    0.7042528986930847,
                    -0.708611786365509,
                    0.043004125356674194,
                    0.1733623445034027
                ],
                [
                    0.7098888158798218,
                    0.7029860615730286,
                    -0.04266270995140076,
                    -0.17198598384857178
                ],
                [
                    -1.862565435217789e-09,
                    0.0605788379907608,
                    0.9981222152709961,
                    4.023725509643555
                ],
                [
                    0.0,
                    0.0,
                    0.0,
                    1.0
                ]
            ]
        },
        {
            "file_path": "./train/r_23",
            "rotation": 0.06283185307179587,
            "transform_matrix": [
                [
                    -0.9999045133590698,
                    -0.0020740372128784657,
                    0.010049456730484962,
                    0.0405123308300972
                ],
                [
                    0.010261216200888157,
                    -0.2021046131849289,
                    0.9792695045471191,
                    3.9477248191833496
                ],
                [
                    0.0,
                    0.979356586933136,
                    0.20210792124271393,
                    0.8147567510604858
                ],
                [
                    0.0,
                    0.0,
                    0.0,
                    1.0
                ]
            ]
        },
        {
            "file_path": "./train/r_24",
            "rotation": 0.06283185307179587,
            "transform_matrix": [
                [
                    -0.039615798741579056,
                    0.8720748424530029,
                    -0.4877384305000305,
                    -1.9662177562713623
                ],
                [
                    -0.9991721510887146,
                    -0.03457656875252724,
                    0.019338157027959824,
                    0.07795782387256622
                ],
                [
                    0.0,
                    0.48813924193382263,
                    0.8727282285690308,
                    3.5182254314422607
                ],
                [
                    0.0,
                    0.0,
                    0.0,
                    1.0
                ]
            ]
        },
        {
            "file_path": "./train/r_25",
            "rotation": 0.06283185307179587,
            "transform_matrix": [
                [
                    0.9995222091674805,
                    -0.02007189765572548,
                    0.02160421386361122,
                    0.08709296584129333
                ],
                [
                    0.029488833621144295,
                    0.6803358197212219,
                    -0.7322735786437988,
                    -2.9520111083984375
                ],
                [
                    -9.31282606586592e-10,
                    0.7326188087463379,
                    0.6806071400642395,
                    2.7437286376953125
                ],
                [
                    0.0,
                    0.0,
                    0.0,
                    1.0
                ]
            ]
        },
        {
            "file_path": "./train/r_26",
            "rotation": 0.06283185307179587,
            "transform_matrix": [
                [
                    0.9132978320121765,
                    0.3420863747596741,
                    -0.22087810933589935,
                    -0.8904248476028442
                ],
                [
                    -0.407186895608902,
                    0.7672809958457947,
                    -0.49541744589805603,
                    -1.9971740245819092
                ],
                [
                    1.4900521705385472e-08,
                    0.5424452424049377,
                    0.8400546908378601,
                    3.3865084648132324
                ],
                [
                    0.0,
                    0.0,
                    0.0,
                    1.0
                ]
            ]
        },
        {
            "file_path": "./train/r_27",
            "rotation": 0.06283185307179587,
            "transform_matrix": [
                [
                    -0.06197600066661835,
                    -0.8298578262329102,
                    0.5544928312301636,
                    2.2353243827819824
                ],
                [
                    0.998034656047821,
                    -0.051532547920942307,
                    0.03443291783332825,
                    0.13880926370620728
                ],
                [
                    -1.862565213173184e-09,
                    0.5555810332298279,
                    0.831426203250885,
                    3.351724624633789
                ],
                [
                    0.0,
                    0.0,
                    0.0,
                    1.0
                ]
            ]
        },
        {
            "file_path": "./train/r_28",
            "rotation": 0.06283185307179587,
            "transform_matrix": [
                [
                    0.6843624114990234,
                    -0.21865926682949066,
                    0.6955254673957825,
                    2.803868293762207
                ],
                [
                    0.7290831804275513,
                    0.20524704456329346,
                    -0.652863085269928,
                    -2.6318836212158203
                ],
                [
                    1.4900519929028633e-08,
                    0.9539663791656494,
                    0.2998861074447632,
                    1.208929419517517
                ],
                [
                    0.0,
                    0.0,
                    0.0,
                    1.0
                ]
            ]
        },
        {
            "file_path": "./train/r_29",
            "rotation": 0.06283185307179587,
            "transform_matrix": [
                [
                    0.8137973546981812,
                    -0.38033872842788696,
                    0.4393198490142822,
                    1.7710281610488892
                ],
                [
                    0.5810747742652893,
                    0.5326658487319946,
                    -0.615269124507904,
                    -2.4803314208984375
                ],
                [
                    -1.4900520817207052e-08,
                    0.7560420036315918,
                    0.6544916033744812,
                    2.638449192047119
                ],
                [
                    0.0,
                    0.0,
                    0.0,
                    1.0
                ]
            ]
        },
        {
            "file_path": "./train/r_30",
            "rotation": 0.06283185307179587,
            "transform_matrix": [
                [
                    -0.22873234748840332,
                    -0.21576187014579773,
                    0.9492359757423401,
                    3.826650619506836
                ],
                [
                    0.9734452962875366,
                    -0.05069798603653908,
                    0.22304382920265198,
                    0.8991555571556091
                ],
                [
                    3.725130426346368e-09,
                    0.9751238226890564,
                    0.22163011133670807,
                    0.8934564590454102
                ],
                [
                    0.0,
                    0.0,
                    0.0,
                    1.0
                ]
            ]
        },
        {
            "file_path": "./train/r_31",
            "rotation": 0.06283185307179587,
            "transform_matrix": [
                [
                    0.13055098056793213,
                    0.8951142430305481,
                    -0.42626550793647766,
                    -1.7184022665023804
                ],
                [
                    -0.9913983941078186,
                    0.11787193268537521,
                    -0.05613221228122711,
                    -0.22628553211688995
                ],
                [
                    0.0,
                    0.42996105551719666,
                    0.9028090834617615,
                    3.6394901275634766
                ],
                [
                    0.0,
                    0.0,
                    0.0,
                    1.0
                ]
            ]
        },
        {
            "file_path": "./train/r_32",
            "rotation": 0.06283185307179587,
            "transform_matrix": [
                [
                    -0.5092126727104187,
                    -0.38947829604148865,
                    0.7674220204353333,
                    3.093705177307129
                ],
                [
                    0.860590934753418,
                    -0.23045475780963898,
                    0.4540845453739166,
                    1.8305490016937256
                ],
                [
                    -1.4900523481742312e-08,
                    0.8917326927185059,
                    0.452534943819046,
                    1.8243021965026855
                ],
                [
                    0.0,
                    0.0,
                    0.0,
                    1.0
                ]
            ]
        },
        {
            "file_path": "./train/r_33",
            "rotation": 0.06283185307179587,
            "transform_matrix": [
                [
                    -0.32166343927383423,
                    -0.5791504383087158,
                    0.749038577079773,
                    3.0195956230163574
                ],
                [
                    0.9468085765838623,
                    -0.19675733149051666,
                    0.2544741630554199,
                    1.0258604288101196
                ],
                [
                    0.0,
                    0.7911139726638794,
                    0.6116384863853455,
                    2.4656951427459717
                ],
                [
                    0.0,
                    0.0,
                    0.0,
                    1.0
                ]
            ]
        },
        {
            "file_path": "./train/r_34",
            "rotation": 0.06283185307179587,
            "transform_matrix": [
                [
                    -0.39811134338378906,
                    0.7418087124824524,
                    -0.5396146774291992,
                    -2.1753456592559814
                ],
                [
                    -0.9172902703285217,
                    -0.3219509422779083,
                    0.23419710993766785,
                    0.944117546081543
                ],
                [
                    0.0,
                    0.5882662534713745,
                    0.8086317777633667,
                    3.2598330974578857
                ],
                [
                    0.0,
                    0.0,
                    0.0,
                    1.0
                ]
            ]
        },
        {
            "file_path": "./train/r_35",
            "rotation": 0.06283185307179587,
            "transform_matrix": [
                [
                    -0.8197774887084961,
                    0.3853576183319092,
                    -0.42354482412338257,
                    -1.7074342966079712
                ],
                [
                    -0.5726071000099182,
                    -0.5517002940177917,
                    0.6063713431358337,
                    2.4444620609283447
                ],
                [
                    1.4900520817207052e-08,
                    0.7396729588508606,
                    0.6729345917701721,
                    2.7127981185913086
                ],
                [
                    0.0,
                    0.0,
                    0.0,
                    1.0
                ]
            ]
        },
        {
            "file_path": "./train/r_36",
            "rotation": 0.06283185307179587,
            "transform_matrix": [
                [
                    -0.9098976254463196,
                    0.19470545649528503,
                    -0.36618784070014954,
                    -1.4762113094329834
                ],
                [
                    -0.41472935676574707,
                    -0.42717504501342773,
                    0.8033997416496277,
                    3.238741636276245
                ],
                [
                    -1.4900520817207052e-08,
                    0.8829504251480103,
                    0.46943873167037964,
                    1.8924461603164673
                ],
                [
                    0.0,
                    0.0,
                    0.0,
                    1.0
                ]
            ]
        },
        {
            "file_path": "./train/r_37",
            "rotation": 0.06283185307179587,
            "transform_matrix": [
                [
                    -0.829193651676178,
                    0.47431305050849915,
                    -0.2956288456916809,
                    -1.1917672157287598
                ],
                [
                    -0.5588845610618591,
                    -0.7037184238433838,
                    0.438612163066864,
                    1.7681753635406494
                ],
                [
                    1.4900520817207052e-08,
                    0.5289587378501892,
                    0.8486107587814331,
                    3.4210009574890137
                ],
                [
                    0.0,
                    0.0,
                    0.0,
                    1.0
                ]
            ]
        },
        {
            "file_path": "./train/r_38",
            "rotation": 0.06283185307179587,
            "transform_matrix": [
                [
                    -0.580147922039032,
                    -0.22807133197784424,
                    0.7818772792816162,
                    3.151978015899658
                ],
                [
                    0.814458429813385,
                    -0.16245777904987335,
                    0.5569400191307068,
                    2.2451894283294678
                ],
                [
                    0.0,
                    0.9599900841712952,
                    0.2800059914588928,
                    1.1287869215011597
                ],
                [
                    0.0,
                    0.0,
                    0.0,
                    1.0
                ]
            ]
        },
        {
            "file_path": "./train/r_39",
            "rotation": 0.06283185307179587,
            "transform_matrix": [
                [
                    0.13392089307308197,
                    -0.7842448353767395,
                    0.6057945489883423,
                    2.442136526107788
                ],
                [
                    0.9909486174583435,
                    0.1059860810637474,
                    -0.08186957240104675,
                    -0.3300403952598572
                ],
                [
                    0.0,
                    0.6113237142562866,
                    0.7913455963134766,
                    3.190147638320923
                ],
                [
                    0.0,
                    0.0,
                    0.0,
                    1.0
                ]
            ]
        },
        {
            "file_path": "./train/r_40",
            "rotation": 0.06283185307179587,
            "transform_matrix": [
                [
                    -0.12772589921951294,
                    0.5545991659164429,
                    -0.8222199082374573,
                    -3.3146111965179443
                ],
                [
                    -0.9917663335800171,
                    -0.07142476737499237,
                    0.105890654027462,
                    0.4268764853477478
                ],
                [
                    -3.725130870435578e-09,
                    0.82904052734375,
                    0.5591592192649841,
                    2.254135847091675
                ],
                [
                    0.0,
                    0.0,
                    0.0,
                    1.0
                ]
            ]
        },
        {
            "file_path": "./train/r_41",
            "rotation": 0.06283185307179587,
            "transform_matrix": [
                [
                    -0.6801504492759705,
                    0.40367093682289124,
                    -0.6118602156639099,
                    -2.4665892124176025
                ],
                [
                    -0.7330139875411987,
                    -0.3745588958263397,
                    0.5677340030670166,
                    2.288703441619873
                ],
                [
                    1.4900522593563892e-08,
                    0.8347126841545105,
                    0.5506564974784851,
                    2.2198591232299805
                ],
                [
                    0.0,
                    0.0,
                    0.0,
                    1.0
                ]
            ]
        },
        {
            "file_path": "./train/r_42",
            "rotation": 0.06283185307179587,
            "transform_matrix": [
                [
                    0.348543643951416,
                    -0.35193315148353577,
                    0.8686693906784058,
                    3.5018627643585205
                ],
                [
                    0.9372467994689941,
                    0.13087700307369232,
                    -0.32304105162620544,
                    -1.3022738695144653
                ],
                [
                    7.450260852692736e-09,
                    0.9268248677253723,
                    0.3754670321941376,
                    1.5136184692382812
                ],
                [
                    0.0,
                    0.0,
                    0.0,
                    1.0
                ]
            ]
        },
        {
            "file_path": "./train/r_43",
            "rotation": 0.06283185307179587,
            "transform_matrix": [
                [
                    -0.8458687663078308,
                    -0.3356955945491791,
                    0.4144127070903778,
                    1.6706198453903198
                ],
                [
                    0.5333107113838196,
                    -0.5324370861053467,
                    0.6572879552841187,
                    2.64972186088562
                ],
                [
                    0.0,
                    0.777051568031311,
                    0.6294061541557312,
                    2.5373218059539795
                ],
                [
                    0.0,
                    0.0,
                    0.0,
                    1.0
                ]
            ]
        },
        {
