{
    "camera_angle_x": 0.6911112070083618,
    "frames": [
        {
            "file_path": "./train/r_0",
            "rotation": 0.06283185307179587,
            "transform_matrix": [
                [
                    -0.8206162452697754,
                    0.5683295726776123,
                    -0.05940712243318558,
                    -0.2394876778125763
                ],
                [
                    -0.5714046955108643,
                    -0.8161999583244324,
                    0.08531685173511505,
                    0.3439374566078186
                ],
                [
                    0.0,
                    0.10396668314933777,
                    0.9945396780967712,
                    4.009283542633057
                ],
                [
                    0.0,
                    0.0,
                    0.0,
                    1.0
                ]
            ]
        },
        {
            "file_path": "./train/r_1",
            "rotation": 0.06283185307179587,
            "transform_matrix": [
                [
                    -0.9994900226593018,
                    -0.011824574321508408,
                    0.02817675471305847,
                    0.11358882486820221
                ],
                [
                    0.03055710718035698,
                    -0.38676902651786804,
                    0.9216312170028687,
                    3.7153677940368652
                ],
                [
                    0.0,
                    0.9220953583717346,
                    0.3869357407093048,
                    1.5598522424697876
                ],
                [
                    0.0,
                    0.0,
                    0.0,
                    1.0
                ]
            ]
        },
        {
            "file_path": "./train/r_2",
            "rotation": 0.06283185307179587,
            "transform_matrix": [
                [
                    -0.719258725643158,
                    -0.676828920841217,
                    0.15658393502235413,
                    0.6312360763549805
                ],
                [
                    0.6946805715560913,
                    -0.7007754445075989,
                    0.16212396323680878,
                    0.6535695791244507
                ],
                [
                    -7.450259964514316e-09,
                    0.22540290653705597,
                    0.9742252230644226,
                    3.927389621734619
                ],
                [
                    0.0,
                    0.0,
                    0.0,
                    1.0
                ]
            ]
        },
        {
            "file_path": "./train/r_3",
            "rotation": 0.06283185307179587,
            "transform_matrix": [
                [
                    -0.11657378077507019,
                    0.8006541728973389,
                    -0.5876455903053284,
                    -2.3689732551574707
                ],
                [
                    -0.9931387901306152,
                    -0.0939801037311554,
                    0.06897734105587006,
                    0.27806806564331055
                ],
                [
                    0.0,
                    0.5917014479637146,
                    0.8061216473579407,
                    3.2497146129608154
                ],
                [
                    0.0,
                    0.0,
                    0.0,
                    1.0
                ]
            ]
        },
        {
            "file_path": "./train/r_4",
            "rotation": 0.06283185307179587,
            "transform_matrix": [
                [
                    0.5260177254676819,
                    0.7733933925628662,
                    -0.3537343144416809,
                    -1.4260075092315674
                ],
                [
                    -0.8504230976104736,
                    0.47837206721305847,
                    -0.21879757940769196,
                    -0.8820376992225647
                ],
                [
                    0.0,
                    0.4159482717514038,
                    0.9093498587608337,
                    3.6658577919006348
                ],
                [
                    0.0,
                    0.0,
                    0.0,
                    1.0
                ]
            ]
        },
        {
            "file_path": "./train/r_5",
            "rotation": 0.06283185307179587,
            "transform_matrix": [
                [
                    -0.8272379040718079,
                    0.24915601313114166,
                    -0.5035061836242676,
                    -2.029782295227051
                ],
                [
                    -0.5617755055427551,
                    -0.36689260601997375,
                    0.7414339184761047,
                    2.9889392852783203
                ],
                [
                    1.4900522593563892e-08,
                    0.8962706327438354,
                    0.44348013401031494,
                    1.7877994775772095
                ],
                [
                    0.0,
                    0.0,
                    0.0,
                    1.0
                ]
            ]
        },
        {
            "file_path": "./train/r_6",
            "rotation": 0.06283185307179587,
            "transform_matrix": [
                [
                    0.8952338695526123,
                    0.12007935345172882,
                    -0.42901426553726196,
                    -1.7294832468032837
                ],
                [
                    -0.4455004632472992,
                    0.24129964411258698,
                    -0.8621048331260681,
                    -3.4753994941711426
                ],
                [
                    0.0,
                    0.9629877209663391,
                    0.2695167660713196,
                    1.0865017175674438
                ],
                [
                    0.0,
                    0.0,
                    0.0,
                    1.0
                ]
            ]
        },
        {
            "file_path": "./train/r_7",
            "rotation": 0.06283185307179587,
            "transform_matrix": [
                [
                    -0.8160220384597778,
                    0.20361211895942688,
                    -0.5408957600593567,
                    -2.1805107593536377
                ],
                [
                    -0.5779463648796082,
                    -0.28748685121536255,
                    0.7637090682983398,
                    3.0787367820739746
                ],
                [
                    -1.4900519929028633e-08,
                    0.9358864426612854,
                    0.3522748351097107,
                    1.4201239347457886
                ],
                [
                    0.0,
                    0.0,
                    0.0,
                    1.0
                ]
            ]
        },
        {
            "file_path": "./train/r_8",
            "rotation": 0.06283185307179587,
            "transform_matrix": [
                [
                    -0.9798208475112915,
                    -0.12058835476636887,
                    0.1591377705335617,
                    0.6415314078330994
                ],
                [
                    0.1996627300977707,
                    -0.5917729139328003,
                    0.7809495329856873,
                    3.14823842048645
                ],
                [
                    7.450260852692736e-09,
                    0.7970277070999146,
                    0.6039124131202698,
                    2.434549570083618
                ],
                [
                    0.0,
                    0.0,
                    0.0,
                    1.0
                ]
            ]
        },
        {
            "file_path": "./train/r_9",
            "rotation": 0.06283185307179587,
            "transform_matrix": [
                [
                    0.24546445906162262,
                    -0.14109620451927185,
                    0.9590399861335754,
                    3.866173505783081
                ],
                [
                    0.9693612456321716,
                    0.03572878986597061,
                    -0.2428508847951889,
                    -0.9790036678314209
                ],
                [
                    -3.725130204301763e-09,
                    0.9893457889556885,
                    0.14554433524608612,
                    0.5867322087287903
                ],
                [
                    0.0,
                    0.0,
                    0.0,
                    1.0
                ]
            ]
        },
        {
            "file_path": "./train/r_10",
            "rotation": 0.06283185307179587,
            "transform_matrix": [
                [
                    0.809723436832428,
                    -0.3285999894142151,
                    0.4860999286174774,
                    1.959612488746643
                ],
                [
                    0.5867385268211365,
                    0.4534815847873688,
                    -0.6708379983901978,
                    -2.704346179962158
                ],
                [
                    0.0,
                    0.8284724354743958,
                    0.5600005984306335,
                    2.2575278282165527
                ],
                [
                    0.0,
                    0.0,
                    0.0,
                    1.0
                ]
            ]
        },
        {
            "file_path": "./train/r_11",
            "rotation": 0.06283185307179587,
            "transform_matrix": [
                [
                    0.4010067880153656,
                    -0.6613512635231018,
                    0.6338427662849426,
                    2.5552074909210205
                ],
                [
                    0.9160282015800476,
                    0.28951767086982727,
                    -0.2774753272533417,
                    -1.1185851097106934
                ],
                [
                    -1.4900520817207052e-08,
                    0.6919421553611755,
                    0.7219197750091553,
                    2.9102718830108643
                ],
                [
                    0.0,
                    0.0,
                    0.0,
                    1.0
                ]
            ]
        },
        {
            "file_path": "./train/r_12",
            "rotation": 0.06283185307179587,
            "transform_matrix": [
                [
                    0.2055312544107437,
                    -0.638522744178772,
                    0.7416147589683533,
                    2.989668130874634
                ],
                [
                    0.9786068201065063,
                    0.13410530984401703,
                    -0.1557571291923523,
                    -0.6279030442237854
                ],
                [
                    0.0,
                    0.7578221559524536,
                    0.6524298191070557,
                    2.6301374435424805
                ],
                [
                    0.0,
                    0.0,
                    0.0,
                    1.0
                ]
            ]
        },
        {
            "file_path": "./train/r_13",
            "rotation": 0.06283185307179587,
            "transform_matrix": [
                [
                    0.9558191299438477,
                    0.11644051969051361,
                    -0.2697535753250122,
                    -1.087456226348877
                ],
                [
                    -0.2938096821308136,
                    0.3788032829761505,
                    -0.877560019493103,
                    -3.537703514099121
                ],
                [
                    0.0,
                    0.9181174635887146,
                    0.3962813913822174,
                    1.597527265548706
                ],
                [
                    0.0,
                    0.0,
                    0.0,
                    1.0
                ]
            ]
        },
        {
            "file_path": "./train/r_14",
            "rotation": 0.06283185307179587,
            "transform_matrix": [
                [
                    -0.1969475895166397,
                    0.3248533010482788,
                    -0.9249901175498962,
                    -3.7289087772369385
                ],
                [
                    -0.980370283126831,
                    -0.06526010483503342,
                    0.18582220375537872,
                    0.7491042613983154
                ],
                [
                    7.450261740871156e-09,
                    0.943504810333252,
                    0.3313314914703369,
                    1.3356952667236328
                ],
                [
                    0.0,
                    0.0,
                    0.0,
                    1.0
                ]
            ]
        },
        {
            "file_path": "./train/r_15",
            "rotation": 0.06283185307179587,
            "transform_matrix": [
                [
                    -0.9485164880752563,
                    -0.23325037956237793,
                    0.21407751739025116,
                    0.8630096912384033
                ],
                [
                    0.3165922462940216,
                    -0.6988226771354675,
                    0.6413803696632385,
                    2.5855937004089355
                ],
                [
                    0.0,
                    0.6761886477470398,
                    0.7366949319839478,
                    2.969835042953491
                ],
                [
                    0.0,
                    0.0,
                    0.0,
                    1.0
                ]
            ]
        },
        {
            "file_path": "./train/r_16",
            "rotation": 0.06283185307179587,
            "transform_matrix": [
                [
                    0.9892727136611938,
                    0.05164968967437744,
                    -0.13633154332637787,
                    -0.5495927333831787
                ],
                [
                    -0.14578655362129211,
                    0.35048243403434753,
                    -0.9251132607460022,
                    -3.729404926300049
                ],
                [
                    3.725130426346368e-09,
                    0.9351387023925781,
                    0.3542548418045044,
                    1.4281059503555298
                ],
                [
                    0.0,
                    0.0,
                    0.0,
                    1.0
                ]
            ]
        },
        {
            "file_path": "./train/r_17",
            "rotation": 0.06283185307179587,
            "transform_matrix": [
                [
                    -0.40965306758880615,
                    0.14758652448654175,
                    -0.9001783728599548,
                    -3.628884792327881
                ],
                [
                    -0.9121943712234497,
                    -0.06627894192934036,
                    0.4042568504810333,
                    1.629678726196289
                ],
                [
                    -3.725130648390973e-09,
                    0.9868206977844238,
                    0.16178005933761597,
                    0.6521831750869751
                ],
                [
                    0.0,
                    0.0,
                    0.0,
                    1.0
                ]
            ]
        },
        {
            "file_path": "./train/r_18",
            "rotation": 0.06283185307179587,
            "transform_matrix": [
                [
                    0.8784234523773193,
                    0.29971686005592346,
                    -0.37210702896118164,
                    -1.5000734329223633
                ],
                [
                    -0.47779351472854614,
                    0.5510294437408447,
                    -0.6841188073158264,
                    -2.757884979248047
                ],
                [
                    0.0,
                    0.7787979245185852,
                    0.6272440552711487,
                    2.5286061763763428
                ],
                [
                    0.0,
                    0.0,
                    0.0,
                    1.0
                ]
            ]
        },
        {
            "file_path": "./train/r_19",
            "rotation": 0.06283185307179587,
            "transform_matrix": [
                [
                    0.9615412950515747,
                    0.03594540059566498,
                    -0.2721414268016815,
                    -1.097082495689392
                ],
                [
                    -0.27450448274612427,
                    0.12591047585010529,
                    -0.9532639384269714,
                    -3.842888593673706
                ],
                [
                    0.0,
                    0.9913851022720337,
                    0.1309361457824707,
                    0.5278422832489014
                ],
                [
                    0.0,
                    0.0,
                    0.0,
                    1.0
                ]
            ]
        },
        {
            "file_path": "./train/r_20",
            "rotation": 0.06283185307179587,
            "transform_matrix": [
                [
                    0.3740185797214508,
                    0.2601822018623352,
                    -0.8901332020759583,
                    -3.5883898735046387
                ],
                [
                    -0.9273749589920044,
                    0.10493381321430206,
                    -0.3589986562728882,
                    -1.4472297430038452
                ],
                [
                    7.450261740871156e-09,
                    0.9598352909088135,
                    0.2805355191230774,
                    1.1309216022491455
                ],
                [
                    0.0,
                    0.0,
                    0.0,
                    1.0
                ]
            ]
        },
        {
            "file_path": "./train/r_21",
            "rotation": 0.06283185307179587,
            "transform_matrix": [
                [
                    0.13747072219848633,
                    0.2501738667488098,
                    -0.9583510756492615,
                    -3.863395929336548
                ],
                [
                    -0.9904624223709106,
                    0.03472275659441948,
                    -0.13301382958889008,
                    -0.536217987537384
                ],
                [
                    3.7251297602125533e-09,
                    0.9675728678703308,
                    0.25256291031837463,
                    1.018155574798584
                ],
                [
                    0.0,
                    0.0,
                    0.0,
                    1.0
                ]
            ]
        },
        {
            "file_path": "./train/r_22",
            "rotation": 0.06283185307179587,
            "transform_matrix": [
                [
                    -0.9490709900856018,
                    0.27667462825775146,
                    -0.15045097470283508,
                    -0.6065122485160828
                ],
                [
                    -0.3149261176586151,
                    -0.8337950706481934,
                    0.45340362191200256,
                    1.8278038501739502
                ],
                [
                    0.0,
                    0.47773098945617676,
                    0.8784686326980591,
                    3.5413663387298584
                ],
                [
                    0.0,
                    0.0,
                    0.0,
                    1.0
                ]
            ]
        },
        {
            "file_path": "./train/r_23",
            "rotation": 0.06283185307179587,
            "transform_matrix": [
                [
                    -0.8819904923439026,
                    -0.20987340807914734,
                    0.4218578040599823,
                    1.7006334066390991
                ],
                [
                    0.4711760878562927,
                    -0.39286020398139954,
                    0.7896720170974731,
                    3.183400869369507
                ],
                [
                    0.0,
                    0.8953233361244202,
                    0.4453893303871155,
                    1.795495867729187
                ],
                [
                    0.0,
                    0.0,
                    0.0,
                    1.0
                ]
            ]
        },
        {
            "file_path": "./train/r_24",
            "rotation": 0.06283185307179587,
            "transform_matrix": [
                [
                    -0.5402406454086304,
                    -0.4496893286705017,
                    0.7112317681312561,
                    2.867185115814209
                ],
                [
                    0.8414594531059265,
                    -0.2887132465839386,
                    0.4566308557987213,
                    1.8408137559890747
                ],
                [
                    0.0,
                    0.8452301621437073,
                    0.5343735814094543,
                    2.1542177200317383
                ],
                [
                    0.0,
                    0.0,
                    0.0,
                    1.0
                ]
            ]
        },
        {
            "file_path": "./train/r_25",
            "rotation": 0.06283185307179587,
            "transform_matrix": [
                [
                    -0.06352968513965607,
                    0.5271212458610535,
                    -0.847375214099884,
                    -3.4160196781158447
                ],
                [
                    -0.9979369640350342,
                    -0.03355707228183746,
                    0.05394476279616356,
                    0.2174672782421112
                ],
                [
                    0.0,
                    0.8491213321685791,
                    0.5281691551208496,
                    2.1292059421539307
                ],
                [
                    0.0,
                    0.0,
                    0.0,
                    1.0
                ]
            ]
        },
        {
            "file_path": "./train/r_26",
            "rotation": 0.06283185307179587,
            "transform_matrix": [
                [
                    0.9268324971199036,
                    -0.1259489208459854,
                    0.35360199213027954,
                    1.4254740476608276
                ],
                [
                    0.37536105513572693,
                    0.3109900653362274,
                    -0.873105525970459,
                    -3.5197463035583496
                ],
                [
                    -1.4900523481742312e-08,
                    0.9420254826545715,
                    0.3355141878128052,
                    1.352556824684143
                ],
                [
                    0.0,
                    0.0,
                    0.0,
                    1.0
                ]
            ]
        },
        {
            "file_path": "./train/r_27",
            "rotation": 0.06283185307179587,
            "transform_matrix": [
                [
                    -0.9911767244338989,
                    -0.049349989742040634,
                    0.12266792356967926,
                    0.49451062083244324
                ],
                [
                    0.1322217881679535,
                    -0.3699432909488678,
                    0.9195579290390015,
                    3.7070093154907227
                ],
                [
                    0.0,
                    0.9277373552322388,
                    0.37320682406425476,
                    1.5045069456100464
                ],
                [
                    0.0,
                    0.0,
                    0.0,
                    1.0
                ]
            ]
        },
        {
            "file_path": "./train/r_28",
            "rotation": 0.06283185307179587,
            "transform_matrix": [
                [
                    0.42475515604019165,
                    -0.876304030418396,
                    0.22725903987884521,
                    0.9161483645439148
                ],
                [
                    0.9052607417106628,
                    0.4111684560775757,
                    -0.10663165897130966,
                    -0.42986372113227844
                ],
                [
                    0.0,
                    0.2510409355163574,
                    0.9679361581802368,
                    3.902036666870117
                ],
                [
                    0.0,
                    0.0,
                    0.0,
                    1.0
                ]
            ]
        },
        {
            "file_path": "./train/r_29",
            "rotation": 0.06283185307179587,
            "transform_matrix": [
                [
                    -0.781528651714325,
                    0.412740558385849,
                    -0.46774548292160034,
                    -1.8856201171875
                ],
                [
                    -0.6238003969192505,
                    -0.5171022415161133,
                    0.5860151648521423,
                    2.3624002933502197
                ],
                [
                    0.0,
                    0.7498269081115723,
                    0.6616024374961853,
                    2.667114734649658
                ],
                [
                    0.0,
                    0.0,
                    0.0,
                    1.0
                ]
            ]
        },
        {
            "file_path": "./train/r_30",
            "rotation": 0.06283185307179587,
            "transform_matrix": [
                [
                    0.5745028257369995,
                    -0.6735469102859497,
                    0.46500566601753235,
                    1.8745752573013306
                ],
                [
                    0.8184500932693481,
                    0.4727894961833954,
                    -0.3264060318470001,
                    -1.315839171409607
                ],
                [
                    -1.4900520817207052e-08,
                    0.5681501030921936,
                    0.8228889107704163,
                    3.3173084259033203
                ],
                [
                    0.0,
                    0.0,
                    0.0,
                    1.0
                ]
            ]
        },
        {
            "file_path": "./train/r_31",
            "rotation": 0.06283185307179587,
            "transform_matrix": [
                [
                    -0.9728143215179443,
                    0.08837722986936569,
                    -0.21386127173900604,
                    -0.8621379733085632
                ],
                [
                    -0.23140105605125427,
                    -0.37153950333595276,
                    0.8990768194198608,
                    3.6244442462921143
                ],
                [
                    7.450261296781946e-09,
                    0.9241956472396851,
                    0.3818921148777008,
                    1.5395199060440063
                ],
                [
                    0.0,
                    0.0,
                    0.0,
                    1.0
                ]
            ]
        },
        {
            "file_path": "./train/r_32",
            "rotation": 0.06283185307179587,
            "transform_matrix": [
                [
                    -0.5026805996894836,
                    -0.862586259841919,
                    0.056814126670360565,
                    0.22903452813625336
                ],
                [
                    0.864422619342804,
                    -0.5016127824783325,
                    0.0330386608839035,
                    0.13318860530853271
                ],
                [
                    -1.862565213173184e-09,
                    0.06572409719228745,
                    0.9977965354919434,
                    4.0224127769470215
                ],
                [
                    0.0,
                    0.0,
                    0.0,
                    1.0
                ]
            ]
        },
        {
            "file_path": "./train/r_33",
            "rotation": 0.06283185307179587,
            "transform_matrix": [
                [
                    -0.3661596477031708,
                    -0.34566444158554077,
                    0.863926351070404,
                    3.4827425479888916
                ],
                [
                    0.9305059313774109,
                    -0.13602101802825928,
                    0.3399602174758911,
                    1.3704800605773926
                ],
                [
                    -7.450260852692736e-09,
                    0.9284419417381287,
                    0.37145066261291504,
                    1.4974273443222046
                ],
                [
                    0.0,
                    0.0,
                    0.0,
                    1.0
                ]
            ]
        },
        {
            "file_path": "./train/r_34",
            "rotation": 0.06283185307179587,
            "transform_matrix": [
                [
                    -0.9990169405937195,
                    -0.0403362512588501,
                    0.015892393887043,
                    0.06406693160533905
                ],
                [
                    0.04335271194577217,
                    -0.9295057654380798,
                    0.36622321605682373,
                    1.4763540029525757
                ],
                [
                    -9.312827176088945e-10,
                    0.3665812313556671,
                    0.9303468465805054,
                    3.7505030632019043
                ],
                [
                    0.0,
                    0.0,
                    0.0,
                    1.0
                ]
            ]
        },
        {
            "file_path": "./train/r_35",
            "rotation": 0.06283185307179587,
            "transform_matrix": [
                [
                    0.26371434330940247,
                    0.9238297343254089,
                    -0.27743902802467346,
                    -1.118438720703125
                ],
                [
                    -0.9645563960075378,
                    0.2525795102119446,
                    -0.07585316896438599,
                    -0.3057865500450134
                ],
                [
                    -7.450261296781946e-09,
                    0.2876319885253906,
                    0.9577009677886963,
                    3.8607757091522217
                ],
                [
                    0.0,
                    0.0,
                    0.0,
                    1.0
                ]
            ]
        },
        {
            "file_path": "./train/r_36",
            "rotation": 0.06283185307179587,
            "transform_matrix": [
                [
                    0.8642156720161438,
                    -0.4557706415653229,
                    0.21291913092136383,
                    0.8583398461341858
                ],
                [
                    0.5030363202095032,
                    0.7830132842063904,
                    -0.36579474806785583,
                    -1.4746265411376953
                ],
                [
                    0.0,
                    0.4232650697231293,
                    0.9059675335884094,
                    3.6522226333618164
                ],
                [
                    0.0,
                    0.0,
                    0.0,
                    1.0
                ]
            ]
        },
        {
            "file_path": "./train/r_37",
            "rotation": 0.06283185307179587,
            "transform_matrix": [
                [
                    0.5078094601631165,
                    0.48834964632987976,
                    -0.709632396697998,
                    -2.8607375621795654
                ],
                [
                    -0.8614196181297302,
                    0.28788360953330994,
                    -0.41833046078681946,
                    -1.6864135265350342
                ],
                [
                    -1.4900522593563892e-08,
                    0.8237885236740112,
                    0.5668677687644958,
                    2.2852113246917725
                ],
                [
                    0.0,
                    0.0,
                    0.0,
                    1.0
                ]
            ]
        },
        {
            "file_path": "./train/r_38",
            "rotation": 0.06283185307179587,
            "transform_matrix": [
                [
                    -0.9993571043014526,
                    -0.01906557008624077,
                    0.0289157684892416,
                    0.11656799912452698
                ],
                [
                    0.03463505581021309,
                    -0.5501163005828857,
                    0.8343331813812256,
                    3.363443374633789
                ],
                [
                    -1.8625653241954865e-09,
                    0.8348643779754639,
                    0.5504266619682312,
                    2.2189323902130127
                ],
                [
                    0.0,
                    0.0,
                    0.0,
                    1.0
                ]
            ]
        },
        {
            "file_path": "./train/r_39",
            "rotation": 0.06283185307179587,
            "transform_matrix": [
                [
                    -0.5035815238952637,
                    -0.6201695203781128,
                    0.6014480590820312,
                    2.424614906311035
                ],
                [
                    0.8638980388641357,
                    -0.3615078628063202,
                    0.35059475898742676,
                    1.4133511781692505
                ],
                [
                    -1.4900521705385472e-08,
                    0.696198046207428,
                    0.7178167104721069,
                    2.8937313556671143
                ],
                [
                    0.0,
                    0.0,
                    0.0,
                    1.0
                ]
            ]
        },
        {
            "file_path": "./train/r_40",
            "rotation": 0.06283185307179587,
            "transform_matrix": [
                [
                    0.30367112159729004,
                    -0.8336141705513,
                    0.46134448051452637,
                    1.8598158359527588
                ],
                [
                    0.9527319669723511,
                    0.26570385694503784,
                    -0.14704763889312744,
                    -0.5927925109863281
                ],
                [
                    -1.4900523481742312e-08,
                    0.4842301309108734,
                    0.8749032020568848,
                    3.5269932746887207
                ],
                [
                    0.0,
                    0.0,
                    0.0,
                    1.0
                ]
            ]
        },
        {
            "file_path": "./train/r_41",
            "rotation": 0.06283185307179587,
            "transform_matrix": [
                [
                    0.999906063079834,
                    0.006104560103267431,
                    -0.008059026673436165,
                    -0.032488320022821426
                ],
                [
                    -0.010109924711287022,
                    0.6037618517875671,
                    -0.7970653176307678,
                    -3.2132060527801514
                ],
                [
                    0.0,
                    0.7971351146697998,
                    0.6037707924842834,
                    2.43397855758667
                ],
                [
                    0.0,
                    0.0,
                    0.0,
                    1.0
                ]
            ]
        },
        {
            "file_path": "./train/r_42",
            "rotation": 0.06283185307179587,
            "transform_matrix": [
                [
                    -0.9902305603027344,
                    0.1291591376066208,
                    -0.05173955112695694,
                    -0.20857742428779602
                ],
                [
                    -0.1391323059797287,
                    -0.9192497134208679,
                    0.3682400584220886,
                    1.4844844341278076
                ],
                [
                    0.0,
                    0.37187063694000244,
                    0.928245484828949,
                    3.7420318126678467
                ],
                [
                    0.0,
                    0.0,
                    0.0,
                    1.0
                ]
            ]
        },
        {
            "file_path": "./train/r_43",
            "rotation": 0.06283185307179587,
            "transform_matrix": [
                [
                    -0.11130152642726898,
                    0.9937810301780701,
                    -0.0006904893671162426,
                    -0.00278356671333313
                ],
                [
                    -0.9937434196472168,
                    -0.11130573600530624,
                    7.733638631179929e-05,
                    0.0003117658197879791
                ],
                [
                    7.275644930276881e-12,
                    0.0006862556911073625,
                    0.9999584555625916,
                    4.0311279296875
                ],
                [
                    0.0,
                    0.0,
                    0.0,
                    1.0
