{
    "camera_angle_x": 0.6911112070083618,
    "frames": [
        {
            "file_path": "./train/r_0",
            "rotation": 0.06283185307179587,
            "transform_matrix": [
                [
                    -0.7333182096481323,
                    -0.5820189714431763,
                    0.3513384163379669,
                    1.416348934173584
                ],
                [
                    0.679822564125061,
                    -0.6278184056282043,
                    0.3789854943752289,
                    1.5278024673461914
                ],
                [
                    -1.4900521705385472e-08,
                    0.5168055891990662,
                    0.8560658097267151,
                    3.451054096221924
                ],
                [
                    0.0,
                    0.0,
                    0.0,
                    1.0
                ]
            ]
        },
        {
            "file_path": "./train/r_1",
            "rotation": 0.06283185307179587,
            "transform_matrix": [
                [
                    -0.4453639090061188,
                    0.2988831400871277,
                    -0.8439450263977051,
                    -3.402191638946533
                ],
                [
                    -0.8953018188476562,
                    -0.14867806434631348,
                    0.41981667280197144,
                    1.6924049854278564
                ],
                [
                    1.4900523481742312e-08,
                    0.9426313042640686,
                    0.33380863070487976,
                    1.3456811904907227
                ],
                [
                    0.0,
                    0.0,
                    0.0,
                    1.0
                ]
            ]
        },
        {
            "file_path": "./train/r_2",
            "rotation": 0.06283185307179587,
            "transform_matrix": [
                [
                    0.8633069396018982,
                    -0.4077877104282379,
                    0.2972164452075958,
                    1.1981672048568726
                ],
                [
                    0.5045944452285767,
                    0.6976809501647949,
                    -0.5085054039955139,
                    -2.0499353408813477
                ],
                [
                    1.4900522593563892e-08,
                    0.5890166163444519,
                    0.8080855011940002,
                    3.2576310634613037
                ],
                [
                    0.0,
                    0.0,
                    0.0,
                    1.0
                ]
            ]
        },
        {
            "file_path": "./train/r_3",
            "rotation": 0.06283185307179587,
            "transform_matrix": [
                [
                    -0.942115843296051,
                    -0.20715008676052094,
                    0.26348504424095154,
                    1.0621860027313232
                ],
                [
                    0.3351597487926483,
                    -0.582287609577179,
                    0.7406421303749084,
                    2.9857470989227295
                ],
                [
                    -1.4900521705385472e-08,
                    0.7861424088478088,
                    0.6180148720741272,
                    2.4914004802703857
                ],
                [
                    0.0,
                    0.0,
                    0.0,
                    1.0
                ]
            ]
        },
        {
            "file_path": "./train/r_4",
            "rotation": 0.06283185307179587,
            "transform_matrix": [
                [
                    -0.5241568088531494,
                    -0.26192668080329895,
                    0.810293436050415,
                    3.2665324211120605
                ],
                [
                    0.8515713810920715,
                    -0.16122038662433624,
                    0.4987495541572571,
                    2.0106067657470703
                ],
                [
                    1.4900521705385472e-08,
                    0.9515209794044495,
                    0.3075561225414276,
                    1.23984956741333
                ],
                [
                    0.0,
                    0.0,
                    0.0,
                    1.0
                ]
            ]
        },
        {
            "file_path": "./train/r_5",
            "rotation": 0.06283185307179587,
            "transform_matrix": [
                [
                    0.29642951488494873,
                    -0.8424645662307739,
                    0.4498348832130432,
                    1.8134171962738037
                ],
                [
                    0.9550096988677979,
                    0.2614961564540863,
                    -0.1396261304616928,
                    -0.5628741979598999
                ],
                [
                    -7.4502595204251065e-09,
                    0.47102341055870056,
                    0.8820831179618835,
                    3.5559372901916504
                ],
                [
                    0.0,
                    0.0,
                    0.0,
                    1.0
                ]
            ]
        },
        {
            "file_path": "./train/r_6",
            "rotation": 0.06283185307179587,
            "transform_matrix": [
                [
                    0.9976422190666199,
                    0.05116763710975647,
                    -0.04479086026549339,
                    -0.18056519329547882
                ],
                [
                    -0.06800104677677155,
                    0.7506794929504395,
                    -0.6571259498596191,
                    -2.649068832397461
                ],
                [
                    0.0,
                    0.6586745977401733,
                    0.7523939609527588,
                    3.0331223011016846
                ],
                [
                    0.0,
                    0.0,
                    0.0,
                    1.0
                ]
            ]
        },
        {
            "file_path": "./train/r_7",
            "rotation": 0.06283185307179587,
            "transform_matrix": [
                [
                    -0.9828080534934998,
                    -0.08555705100297928,
                    0.16334925591945648,
                    0.6585090160369873
                ],
                [
                    0.18439723551273346,
                    -0.4560054838657379,
                    0.8706256747245789,
                    3.509748935699463
                ],
                [
                    -7.450260408603526e-09,
                    0.8858491778373718,
                    0.46394556760787964,
                    1.8703014850616455
                ],
                [
                    0.0,
                    0.0,
                    0.0,
                    1.0
                ]
            ]
        },
        {
            "file_path": "./train/r_8",
            "rotation": 0.06283185307179587,
            "transform_matrix": [
                [
                    -0.9998496770858765,
                    -0.008238028734922409,
                    0.012125495821237564,
                    0.04888145253062248
                ],
                [
                    0.014659028500318527,
                    -0.5618919730186462,
                    0.8270447254180908,
                    3.3340611457824707
                ],
                [
                    9.312824955642895e-10,
                    0.827163577079773,
                    0.5619320273399353,
                    2.2653136253356934
                ],
                [
                    0.0,
                    0.0,
                    0.0,
                    1.0
                ]
            ]
        },
        {
            "file_path": "./train/r_9",
            "rotation": 0.06283185307179587,
            "transform_matrix": [
                [
                    -0.35555222630500793,
                    -0.47022414207458496,
                    0.8077158331871033,
                    3.256141424179077
                ],
                [
                    0.9346104860305786,
                    -0.1788865327835083,
                    0.3072778880596161,
                    1.2387280464172363
                ],
                [
                    0.0,
                    0.8642215728759766,
                    0.5030831694602966,
                    2.0280768871307373
                ],
                [
                    0.0,
                    0.0,
                    0.0,
                    1.0
                ]
            ]
        },
        {
            "file_path": "./train/r_10",
            "rotation": 0.06283185307179587,
            "transform_matrix": [
                [
                    -0.2966148555278778,
                    -0.30343911051750183,
                    0.9054657220840454,
                    3.6501996517181396
                ],
                [
                    0.9549521803855896,
                    -0.09425031393766403,
                    0.28124403953552246,
                    1.1337777376174927
                ],
                [
                    -7.450260408603526e-09,
                    0.9481728076934814,
                    0.3177279829978943,
                    1.2808552980422974
                ],
                [
                    0.0,
                    0.0,
                    0.0,
                    1.0
                ]
            ]
        },
        {
            "file_path": "./train/r_11",
            "rotation": 0.06283185307179587,
            "transform_matrix": [
                [
                    -0.28671881556510925,
                    -0.2304101139307022,
                    0.9298518896102905,
                    3.748507499694824
                ],
                [
                    0.9579700231552124,
                    -0.06896136701107025,
                    0.2783031165599823,
                    1.1219221353530884
                ],
                [
                    0.0,
                    0.9706417322158813,
                    0.2405000925064087,
                    0.9695269465446472
                ],
                [
                    0.0,
                    0.0,
                    0.0,
                    1.0
                ]
            ]
        },
        {
            "file_path": "./train/r_12",
            "rotation": 0.06283185307179587,
            "transform_matrix": [
                [
                    0.3963044285774231,
                    0.9135864973068237,
                    -0.09099283814430237,
                    -0.36681899428367615
                ],
                [
                    -0.9180724620819092,
                    0.39436793327331543,
                    -0.03927887976169586,
                    -0.15834477543830872
                ],
                [
                    0.0,
                    0.09911269694566727,
                    0.9950351119041443,
                    4.011280536651611
                ],
                [
                    0.0,
                    0.0,
                    0.0,
                    1.0
                ]
            ]
        },
        {
            "file_path": "./train/r_13",
            "rotation": 0.06283185307179587,
            "transform_matrix": [
                [
                    0.9665619134902954,
                    -0.09388497471809387,
                    0.2384508103132248,
                    0.9612656235694885
                ],
                [
                    0.25626611709594727,
                    0.3541070520877838,
                    -0.8993676900863647,
                    -3.6256165504455566
                ],
                [
                    0.0,
                    0.9304749965667725,
                    0.3663283586502075,
                    1.4767777919769287
                ],
                [
                    0.0,
                    0.0,
                    0.0,
                    1.0
                ]
            ]
        },
        {
            "file_path": "./train/r_14",
            "rotation": 0.06283185307179587,
            "transform_matrix": [
                [
                    0.9916117191314697,
                    0.12616066634655,
                    -0.02655351534485817,
                    -0.10704506933689117
                ],
                [
                    -0.12892010807991028,
                    0.9703869819641113,
                    -0.2042410522699356,
                    -0.823356032371521
                ],
                [
                    1.862565213173184e-09,
                    0.20596745610237122,
                    0.9785181879997253,
                    3.9446959495544434
                ],
                [
                    0.0,
                    0.0,
                    0.0,
                    1.0
                ]
            ]
        },
        {
            "file_path": "./train/r_15",
            "rotation": 0.06283185307179587,
            "transform_matrix": [
                [
                    -0.7674441337585449,
                    0.5895476937294006,
                    -0.2518010437488556,
                    -1.0150843858718872
                ],
                [
                    -0.6410489678382874,
                    -0.7057883143424988,
                    0.30144843459129333,
                    1.215227723121643
                ],
                [
                    0.0,
                    0.3927927315235138,
                    0.9195882081985474,
                    3.7071316242218018
                ],
                [
                    0.0,
                    0.0,
                    0.0,
                    1.0
                ]
            ]
        },
        {
            "file_path": "./train/r_16",
            "rotation": 0.06283185307179587,
            "transform_matrix": [
                [
                    0.6064381003379822,
                    0.20116166770458221,
                    -0.7692112326622009,
                    -3.1009178161621094
                ],
                [
                    -0.7950767278671265,
                    0.1534343808889389,
                    -0.5867094397544861,
                    -2.365199089050293
                ],
                [
                    -7.450260852692736e-09,
                    0.9674615263938904,
                    0.2529890537261963,
                    1.0198736190795898
                ],
                [
                    0.0,
                    0.0,
                    0.0,
                    1.0
                ]
            ]
        },
        {
            "file_path": "./train/r_17",
            "rotation": 0.06283185307179587,
            "transform_matrix": [
                [
                    0.9816294312477112,
                    0.18940286338329315,
                    -0.02114119566977024,
                    -0.0852263942360878
                ],
                [
                    -0.19057191908359528,
                    0.9756076335906982,
                    -0.10889757424592972,
                    -0.4389982521533966
                ],
                [
                    0.0,
                    0.11093463003635406,
                    0.993786633014679,
                    4.006247043609619
                ],
                [
                    0.0,
                    0.0,
                    0.0,
                    1.0
                ]
            ]
        },
        {
            "file_path": "./train/r_18",
            "rotation": 0.06283185307179587,
            "transform_matrix": [
                [
                    -0.78313809633255,
                    -0.3614990711212158,
                    0.5059033632278442,
                    2.0394458770751953
                ],
                [
                    0.6217789053916931,
                    -0.45531243085861206,
                    0.6371913552284241,
                    2.568706512451172
                ],
                [
                    1.4900523481742312e-08,
                    0.8136330842971802,
                    0.5813488960266113,
                    2.3435888290405273
                ],
                [
                    0.0,
                    0.0,
                    0.0,
                    1.0
                ]
            ]
        },
        {
            "file_path": "./train/r_19",
            "rotation": 0.06283185307179587,
            "transform_matrix": [
                [
                    0.8542339205741882,
                    0.4585948586463928,
                    -0.24475623667240143,
                    -0.9866846799850464
                ],
                [
                    -0.5198065042495728,
                    0.7536405324935913,
                    -0.40222474932670593,
                    -1.6214869022369385
                ],
                [
                    0.0,
                    0.4708571434020996,
                    0.8821717500686646,
                    3.5562949180603027
                ],
                [
                    0.0,
                    0.0,
                    0.0,
                    1.0
                ]
            ]
        },
        {
            "file_path": "./train/r_20",
            "rotation": 0.06283185307179587,
            "transform_matrix": [
                [
                    0.03788931295275688,
                    0.7553846836090088,
                    -0.6541537642478943,
                    -2.637087106704712
                ],
                [
                    -0.9992390275001526,
                    0.02864280343055725,
                    -0.024804316461086273,
                    -0.0999935194849968
                ],
                [
                    -1.862565213173184e-09,
                    0.6546475887298584,
                    0.7559000849723816,
                    3.0472564697265625
                ],
                [
                    0.0,
                    0.0,
                    0.0,
                    1.0
                ]
            ]
        },
        {
            "file_path": "./train/r_21",
            "rotation": 0.06283185307179587,
            "transform_matrix": [
                [
                    0.3475968837738037,
                    0.9012621641159058,
                    -0.2586098611354828,
                    -1.0425326824188232
                ],
                [
                    -0.9375984072685242,
                    0.33412596583366394,
                    -0.09587471932172775,
                    -0.3864993453025818
                ],
                [
                    0.0,
                    0.27581968903541565,
                    0.9611692428588867,
                    3.8747572898864746
                ],
                [
                    0.0,
                    0.0,
                    0.0,
                    1.0
                ]
            ]
        },
        {
            "file_path": "./train/r_22",
            "rotation": 0.06283185307179587,
            "transform_matrix": [
                [
                    -0.9997417330741882,
                    0.01643158309161663,
                    -0.01267873216420412,
                    -0.05111171305179596
                ],
                [
                    -0.020753946155309677,
                    -0.7915285229682922,
                    0.6107493042945862,
                    2.462110757827759
                ],
                [
                    9.312827176088945e-10,
                    0.6109029650688171,
                    0.7916703820228577,
                    3.1914570331573486
                ],
                [
                    0.0,
                    0.0,
                    0.0,
                    1.0
                ]
            ]
        },
        {
            "file_path": "./train/r_23",
            "rotation": 0.06283185307179587,
            "transform_matrix": [
                [
                    0.45031067728996277,
                    0.5300053358078003,
                    -0.7185066342353821,
                    -2.896512508392334
                ],
                [
                    -0.8928239345550537,
                    0.2673170566558838,
                    -0.3623908460140228,
                    -1.4609044790267944
                ],
                [
                    0.0,
                    0.804751992225647,
                    0.5935810804367065,
                    2.3929007053375244
                ],
                [
                    0.0,
                    0.0,
                    0.0,
                    1.0
                ]
            ]
        },
        {
            "file_path": "./train/r_24",
            "rotation": 0.06283185307179587,
            "transform_matrix": [
                [
                    -0.9584900736808777,
                    -0.21416981518268585,
                    0.18800511956214905,
                    0.7579041123390198
                ],
                [
                    0.284975528717041,
                    -0.7203413248062134,
                    0.6323385834693909,
                    2.5491435527801514
                ],
                [
                    0.0,
                    0.6597192883491516,
                    0.7514781951904297,
                    3.029430389404297
                ],
                [
                    0.0,
                    0.0,
                    0.0,
                    1.0
                ]
            ]
        },
        {
            "file_path": "./train/r_25",
            "rotation": 0.06283185307179587,
            "transform_matrix": [
                [
                    0.7842276096343994,
                    0.4838579297065735,
                    -0.38833093643188477,
                    -1.565476655960083
                ],
                [
                    -0.6204040050506592,
                    0.6116253137588501,
                    -0.4908734858036041,
                    -1.9788559675216675
                ],
                [
                    0.0,
                    0.6259282231330872,
                    0.7798459529876709,
                    3.143789291381836
                ],
                [
                    0.0,
                    0.0,
                    0.0,
                    1.0
                ]
            ]
        },
        {
            "file_path": "./train/r_26",
            "rotation": 0.06283185307179587,
            "transform_matrix": [
                [
                    -0.35591357946395874,
                    -0.2773172855377197,
                    0.8923806548118591,
                    3.597450017929077
                ],
                [
                    0.9344728589057922,
                    -0.10562210530042648,
                    0.33988189697265625,
                    1.370164155960083
                ],
                [
                    0.0,
                    0.9549497961997986,
                    0.296739786863327,
                    1.1962456703186035
                ],
                [
                    0.0,
                    0.0,
                    0.0,
                    1.0
                ]
            ]
        },
        {
            "file_path": "./train/r_27",
            "rotation": 0.06283185307179587,
            "transform_matrix": [
                [
                    0.7095888257026672,
                    0.6132215261459351,
                    -0.3469669222831726,
                    -1.398726224899292
                ],
                [
                    -0.7045550346374512,
                    0.6176028251647949,
                    -0.3494459092617035,
                    -1.4087196588516235
                ],
                [
                    0.0,
                    0.4924592971801758,
                    0.8702981472015381,
                    3.5084290504455566
                ],
                [
                    0.0,
                    0.0,
                    0.0,
                    1.0
                ]
            ]
        },
        {
            "file_path": "./train/r_28",
            "rotation": 0.06283185307179587,
            "transform_matrix": [
                [
                    -0.26382964849472046,
                    -0.2796056568622589,
                    0.9231128096580505,
                    3.7213406562805176
                ],
                [
                    0.9645247459411621,
                    -0.07648146152496338,
                    0.25250211358070374,
                    1.0179105997085571
                ],
                [
                    0.0,
                    0.9570586681365967,
                    0.28986653685569763,
                    1.1685377359390259
                ],
                [
                    0.0,
                    0.0,
                    0.0,
                    1.0
                ]
            ]
        },
        {
            "file_path": "./train/r_29",
            "rotation": 0.06283185307179587,
            "transform_matrix": [
                [
                    -0.771659255027771,
                    -0.4161485731601715,
                    0.4809265732765198,
                    1.9387571811676025
                ],
                [
                    0.6359686851501465,
                    -0.5049383044242859,
                    0.5835373401641846,
                    2.3524112701416016
                ],
                [
                    1.4900521705385472e-08,
                    0.7562060356140137,
                    0.6543021202087402,
                    2.6376850605010986
                ],
                [
                    0.0,
                    0.0,
                    0.0,
                    1.0
                ]
            ]
        },
        {
            "file_path": "./train/r_30",
            "rotation": 0.06283185307179587,
            "transform_matrix": [
                [
                    0.9731389284133911,
                    0.030919719487428665,
                    -0.22794517874717712,
                    -0.9189144372940063
                ],
                [
                    -0.23003219068050385,
                    0.13080422580242157,
                    -0.9643099904060364,
                    -3.887418746948242
                ],
                [
                    0.0,
                    0.9909208416938782,
                    0.13440409302711487,
                    0.541822612285614
                ],
                [
                    0.0,
                    0.0,
                    0.0,
                    1.0
                ]
            ]
        },
        {
            "file_path": "./train/r_31",
            "rotation": 0.06283185307179587,
            "transform_matrix": [
                [
                    0.01936378888785839,
                    0.9297793507575989,
                    -0.36758068203926086,
                    -1.4818264245986938
                ],
                [
                    -0.9997695684432983,
                    0.01800820231437683,
                    -0.007119395770132542,
                    -0.028700388967990875
                ],
                [
                    0.0,
                    0.3676629960536957,
                    0.9299198985099792,
                    3.74878191947937
                ],
                [
                    0.0,
                    0.0,
                    0.0,
                    1.0
                ]
            ]
        },
        {
            "file_path": "./train/r_32",
            "rotation": 0.06283185307179587,
            "transform_matrix": [
                [
                    -0.8764879703521729,
                    -0.1476832926273346,
                    0.45812132954597473,
                    1.8468223810195923
                ],
                [
                    0.4813348352909088,
                    -0.2689242959022522,
                    0.8342172503471375,
                    3.36297607421875
                ],
                [
                    0.0,
                    0.9517663717269897,
                    0.30679604411125183,
                    1.2367854118347168
                ],
                [
                    0.0,
                    0.0,
                    0.0,
                    1.0
                ]
            ]
        },
        {
            "file_path": "./train/r_33",
            "rotation": 0.06283185307179587,
            "transform_matrix": [
                [
                    -0.9893624782562256,
                    -0.02513469010591507,
                    0.1429838240146637,
                    0.5764099955558777
                ],
                [
                    0.1451757848262787,
                    -0.17129109799861908,
                    0.974424421787262,
                    3.928192377090454
                ],
                [
                    1.8625651021508816e-09,
                    0.9848946928977966,
                    0.17311909794807434,
                    0.6978941559791565
                ],
                [
                    0.0,
                    0.0,
                    0.0,
                    1.0
                ]
            ]
        },
        {
            "file_path": "./train/r_34",
            "rotation": 0.06283185307179587,
            "transform_matrix": [
                [
                    0.6775849461555481,
                    0.6813728213310242,
                    -0.27669331431388855,
                    -1.1154325008392334
                ],
                [
                    -0.7353861331939697,
                    0.6278170943260193,
                    -0.2549452781677246,
                    -1.0277597904205322
                ],
                [
                    0.0,
                    0.37625330686569214,
                    0.9264777302742004,
                    3.73490571975708
                ],
                [
                    0.0,
                    0.0,
                    0.0,
                    1.0
                ]
            ]
        },
        {
            "file_path": "./train/r_35",
            "rotation": 0.06283185307179587,
            "transform_matrix": [
                [
                    0.31552010774612427,
                    0.3982751965522766,
                    -0.8612505793571472,
                    -3.4719555377960205
                ],
                [
                    -0.9488736987113953,
                    0.13243472576141357,
                    -0.28638359904289246,
                    -1.1544969081878662
                ],
                [
                    0.0,
                    0.90764981508255,
                    0.41970139741897583,
                    1.691940426826477
                ],
                [
                    0.0,
                    0.0,
                    0.0,
                    1.0
                ]
            ]
        },
        {
            "file_path": "./train/r_36",
            "rotation": 0.06283185307179587,
            "transform_matrix": [
                [
                    0.6321139335632324,
                    -0.47140973806381226,
                    0.6149284839630127,
                    2.4789583683013916
                ],
                [
                    0.7748200297355652,
                    0.3845856487751007,
                    -0.5016711354255676,
                    -2.0223846435546875
                ],
                [
                    0.0,
                    0.7936351299285889,
                    0.608363687992096,
                    2.452493906021118
                ],
                [
                    0.0,
                    0.0,
                    0.0,
                    1.0
                ]
            ]
        },
        {
            "file_path": "./train/r_37",
            "rotation": 0.06283185307179587,
            "transform_matrix": [
                [
                    -0.6951169967651367,
                    0.475603848695755,
                    -0.5390228033065796,
                    -2.1729602813720703
                ],
                [
                    -0.7188369035720825,
                    -0.4599100649356842,
                    0.5212363600730896,
                    2.101257801055908
                ],
                [
                    0.0,
                    0.7498492002487183,
                    0.6615772247314453,
                    2.667013168334961
                ],
                [
                    0.0,
                    0.0,
                    0.0,
                    1.0
                ]
            ]
        },
        {
            "file_path": "./train/r_38",
            "rotation": 0.06283185307179587,
            "transform_matrix": [
                [
                    0.6754714250564575,
                    0.35499265789985657,
                    -0.6462535262107849,
                    -2.605238914489746
                ],
                [
                    -0.7373279333114624,
                    0.3252113461494446,
                    -0.5920374989509583,
                    -2.3866779804229736
                ],
                [
                    1.4900520817207052e-08,
                    0.8764745593070984,
                    0.4814201891422272,
                    1.9407470226287842
                ],
                [
                    0.0,
                    0.0,
                    0.0,
                    1.0
                ]
            ]
        },
        {
            "file_path": "./train/r_39",
            "rotation": 0.06283185307179587,
            "transform_matrix": [
                [
                    -0.7816017866134644,
                    0.23628266155719757,
                    -0.5772250294685364,
                    -2.3269646167755127
                ],
                [
                    -0.6237090229988098,
                    -0.29609790444374084,
                    0.7233502864837646,
                    2.916038751602173
                ],
                [
                    0.0,
                    0.9254656434059143,
                    0.3788047134876251,
                    1.5270737409591675
                ],
                [
                    0.0,
                    0.0,
                    0.0,
                    1.0
                ]
            ]
        },
        {
            "file_path": "./train/r_40",
            "rotation": 0.06283185307179587,
            "transform_matrix": [
                [
                    -0.569279134273529,
                    0.2567591667175293,
                    -0.7809720039367676,
                    -3.1483285427093506
                ],
                [
                    -0.8220921158790588,
                    -0.17779956758022308,
                    0.540804386138916,
                    2.1801421642303467
                ],
                [
                    -1.4900522593563892e-08,
                    0.9499747157096863,
                    0.31229937076568604,
                    1.2589709758758545
                ],
                [
                    0.0,
                    0.0,
                    0.0,
                    1.0
                ]
            ]
        },
        {
            "file_path": "./train/r_41",
            "rotation": 0.06283185307179587,
            "transform_matrix": [
                [
                    -0.3116365671157837,
                    0.3293258845806122,
                    -0.8912642598152161,
                    -3.592949628829956
                ],
                [
                    -0.9501563310623169,
                    -0.1080138087272644,
                    0.29232093691825867,
                    1.1784319877624512
                ],
                [
                    0.0,
                    0.938012421131134,
                    0.3465743660926819,
                    1.3971436023712158
                ],
                [
                    0.0,
                    0.0,
                    0.0,
                    1.0
                ]
            ]
        },
        {
            "file_path": "./train/r_42",
            "rotation": 0.06283185307179587,
            "transform_matrix": [
                [
                    -0.4545285701751709,
                    -0.19292181730270386,
                    0.8695425987243652,
                    3.505383253097534
                ],
                [
                    0.8906841278076172,
                    -0.09845070540904999,
                    0.44373974204063416,
                    1.7888461351394653
                ],
                [
                    0.0,
                    0.9762575030326843,
                    0.21658241748809814,
                    0.8731077313423157
                ],
                [
                    0.0,
                    0.0,
                    0.0,
                    1.0
                ]
            ]
        },
        {
            "file_path": "./train/r_43",
            "rotation": 0.06283185307179587,
            "transform_matrix": [
                [
                    -0.6643996834754944,
                    -0.2909614145755768,
                    0.688357949256897,
                    2.7749743461608887
                ],
                [
                    0.7473199963569641,
                    -0.2586771845817566,
                    0.6119798421859741,
                    2.467071533203125
                ],
                [
                    -1.4900520817207052e-08,
                    0.9210958480834961,
                    0.389308899641037,
                    1.569419264793396
                ],
                [
                    0.0,
                    0.0,
                    0.0,
                    1.0
                ]
            ]
        },
        {
            "file_path": "./train/r_44",
