{
    "camera_angle_x": 0.6911112070083618,
    "frames": [
        {
            "file_path": "./train/r_0",
            "rotation": 0.06283185307179587,
            "transform_matrix": [
                [
                    -0.7988393902778625,
                    -0.14554060995578766,
                    0.5836012959480286,
                    2.3526692390441895
                ],
                [
                    0.6014730334281921,
                    -0.19329804182052612,
                    0.7751032114028931,
                    3.1246700286865234
                ],
                [
                    0.0,
                    0.9702802300453186,
                    0.24195446074008942,
                    0.9753899574279785
                ],
                [
                    0.0,
                    0.0,
                    0.0,
                    1.0
                ]
            ]
        },
        {
            "file_path": "./train/r_1",
            "rotation": 0.06283185307179587,
            "transform_matrix": [
                [
                    0.5497520565986633,
                    -0.5084511637687683,
                    0.6627104878425598,
                    2.671581745147705
                ],
                [
                    0.8352764844894409,
                    0.33464619517326355,
                    -0.4361746907234192,
                    -1.758349061012268
                ],
                [
                    1.4900520817207052e-08,
                    0.7933973073959351,
                    0.6086738109588623,
                    2.4537439346313477
                ],
                [
                    0.0,
                    0.0,
                    0.0,
                    1.0
                ]
            ]
        },
        {
            "file_path": "./train/r_2",
            "rotation": 0.06283185307179587,
            "transform_matrix": [
                [
                    -0.5111240148544312,
                    0.33310046792030334,
                    -0.7922884225845337,
                    -3.19394850730896
                ],
                [
                    -0.8594569563865662,
                    -0.19809679687023163,
                    0.47117850184440613,
                    1.8994596004486084
                ],
                [
                    -1.4900520817207052e-08,
                    0.9218414425849915,
                    0.38754019141197205,
                    1.5622888803482056
                ],
                [
                    0.0,
                    0.0,
                    0.0,
                    1.0
                ]
            ]
        },
        {
            "file_path": "./train/r_3",
            "rotation": 0.06283185307179587,
            "transform_matrix": [
                [
                    -0.6017006635665894,
                    -0.38665100932121277,
                    0.6988450288772583,
                    2.8172507286071777
                ],
                [
                    0.7986677885055542,
                    -0.29129523038864136,
                    0.5264961123466492,
                    2.1224610805511475
                ],
                [
                    -1.4900519929028633e-08,
                    0.8750074505805969,
                    0.48408153653144836,
                    1.9514756202697754
                ],
                [
                    0.0,
                    0.0,
                    0.0,
                    1.0
                ]
            ]
        },
        {
            "file_path": "./train/r_4",
            "rotation": 0.06283185307179587,
            "transform_matrix": [
                [
                    -0.012087022885680199,
                    -0.9894711375236511,
                    0.1441851705312729,
                    0.5812530517578125
                ],
                [
                    0.9998840689659119,
                    -0.01196114718914032,
                    0.0017429714789614081,
                    0.007026433013379574
                ],
                [
                    2.32820651646648e-10,
                    0.14420078694820404,
                    0.9895074367523193,
                    3.988996982574463
                ],
                [
                    0.0,
                    0.0,
                    0.0,
                    1.0
                ]
            ]
        },
        {
            "file_path": "./train/r_5",
            "rotation": 0.06283185307179587,
            "transform_matrix": [
                [
                    -0.9726868867874146,
                    -0.1659591794013977,
                    0.16203168034553528,
                    0.6531975865364075
                ],
                [
                    0.2319365292787552,
                    -0.6959935426712036,
                    0.6795225143432617,
                    2.73935604095459
                ],
                [
                    -7.450261740871156e-09,
                    0.6985989809036255,
                    0.715480387210846,
                    2.884312868118286
                ],
                [
                    0.0,
                    0.0,
                    0.0,
                    1.0
                ]
            ]
        },
        {
            "file_path": "./train/r_6",
            "rotation": 0.06283185307179587,
            "transform_matrix": [
                [
                    0.09975740313529968,
                    -0.8783780336380005,
                    0.46741175651550293,
                    1.8842748403549194
                ],
                [
                    0.9949687123298645,
                    0.08806780725717545,
                    -0.04686356335878372,
                    -0.18892085552215576
                ],
                [
                    -3.725130870435578e-09,
                    0.46977221965789795,
                    0.8827499747276306,
                    3.5586256980895996
                ],
                [
                    0.0,
                    0.0,
                    0.0,
                    1.0
                ]
            ]
        },
        {
            "file_path": "./train/r_7",
            "rotation": 0.06283185307179587,
            "transform_matrix": [
                [
                    -0.3955156207084656,
                    0.47214406728744507,
                    -0.7877692580223083,
                    -3.1757307052612305
                ],
                [
                    -0.9184125661849976,
                    -0.20332948863506317,
                    0.33925390243530273,
                    1.3676327466964722
                ],
                [
                    0.0,
                    0.857745349407196,
                    0.5140463709831238,
                    2.072272777557373
                ],
                [
                    0.0,
                    0.0,
                    0.0,
                    1.0
                ]
            ]
        },
        {
            "file_path": "./train/r_8",
            "rotation": 0.06283185307179587,
            "transform_matrix": [
                [
                    -0.995632529258728,
                    0.042567066848278046,
                    -0.08257326483726501,
                    -0.3328772187232971
                ],
                [
                    -0.09289854764938354,
                    -0.4562089741230011,
                    0.8849721550941467,
                    3.5675840377807617
                ],
                [
                    3.725130870435578e-09,
                    0.8888481259346008,
                    0.45817404985427856,
                    1.8470349311828613
                ],
                [
                    0.0,
                    0.0,
                    0.0,
                    1.0
                ]
            ]
        },
        {
            "file_path": "./train/r_9",
            "rotation": 0.06283185307179587,
            "transform_matrix": [
                [
                    -0.5714495778083801,
                    0.23901772499084473,
                    -0.7850072979927063,
                    -3.1645963191986084
                ],
                [
                    -0.8205848336219788,
                    -0.16645026206970215,
                    0.5466735363006592,
                    2.2038025856018066
                ],
                [
                    0.0,
                    0.9566373825073242,
                    0.29125410318374634,
                    1.1741313934326172
                ],
                [
                    0.0,
                    0.0,
                    0.0,
                    1.0
                ]
            ]
        },
        {
            "file_path": "./train/r_10",
            "rotation": 0.06283185307179587,
            "transform_matrix": [
                [
                    -0.226652130484581,
                    0.656063437461853,
                    -0.7198319435119629,
                    -2.901855230331421
                ],
                [
                    -0.9739317297935486,
                    -0.1526782363653183,
                    0.16751836240291595,
                    0.6753159761428833
                ],
                [
                    0.0,
                    0.7390941381454468,
                    0.6735702753067017,
                    2.7153608798980713
                ],
                [
                    0.0,
                    0.0,
                    0.0,
                    1.0
                ]
            ]
        },
        {
            "file_path": "./train/r_11",
            "rotation": 0.06283185307179587,
            "transform_matrix": [
                [
                    -0.9897996187210083,
                    -0.10327243059873581,
                    0.09770601987838745,
                    0.3938818573951721
                ],
                [
                    0.14216478168964386,
                    -0.7190178632736206,
                    0.680262565612793,
                    2.742339611053467
                ],
                [
                    0.0,
                    0.6872684955596924,
                    0.7263701558113098,
                    2.928212881088257
                ],
                [
                    0.0,
                    0.0,
                    0.0,
                    1.0
                ]
            ]
        },
        {
            "file_path": "./train/r_12",
            "rotation": 0.06283185307179587,
            "transform_matrix": [
                [
                    -0.9034461379051208,
                    0.37151333689689636,
                    -0.21374677121639252,
                    -0.8616763949394226
                ],
                [
                    -0.42860147356987,
                    -0.7831104397773743,
                    0.4505554139614105,
                    1.8163219690322876
                ],
                [
                    0.0,
                    0.4987041652202606,
                    0.8667349815368652,
                    3.4940648078918457
                ],
                [
                    0.0,
                    0.0,
                    0.0,
                    1.0
                ]
            ]
        },
        {
            "file_path": "./train/r_13",
            "rotation": 0.06283185307179587,
            "transform_matrix": [
                [
                    0.999817967414856,
                    0.0022258886601775885,
                    -0.016530945897102356,
                    -0.06664112955331802
                ],
                [
                    -0.016680093482136726,
                    0.13342152535915375,
                    -0.9908779263496399,
                    -3.9945218563079834
                ],
                [
                    2.3282067940222362e-10,
                    0.9910516738891602,
                    0.13343524932861328,
                    0.537916898727417
                ],
                [
                    0.0,
                    0.0,
                    0.0,
                    1.0
                ]
            ]
        },
        {
            "file_path": "./train/r_14",
            "rotation": 0.06283185307179587,
            "transform_matrix": [
                [
                    -0.9359099864959717,
                    -0.1772134155035019,
                    0.3042771518230438,
                    1.2266309261322021
                ],
                [
                    0.352117121219635,
                    -0.4710245728492737,
                    0.8087536692619324,
                    3.260324716567993
                ],
                [
                    0.0,
                    0.8641303181648254,
                    0.5032398700714111,
                    2.0287084579467773
                ],
                [
                    0.0,
                    0.0,
                    0.0,
                    1.0
                ]
            ]
        },
        {
            "file_path": "./train/r_15",
            "rotation": 0.06283185307179587,
            "transform_matrix": [
                [
                    -0.9653652310371399,
                    -0.059945326298475266,
                    0.2537544369697571,
                    1.0229589939117432
                ],
                [
                    0.26073795557022095,
                    -0.22194364666938782,
                    0.9395092725753784,
                    3.7874388694763184
                ],
                [
                    -3.725129982257158e-09,
                    0.9732099771499634,
                    0.2298882156610489,
                    0.92674720287323
                ],
                [
                    0.0,
                    0.0,
                    0.0,
                    1.0
                ]
            ]
        },
        {
            "file_path": "./train/r_16",
            "rotation": 0.06283185307179587,
            "transform_matrix": [
                [
                    -0.8593969941139221,
                    -0.5111358165740967,
                    0.010532940737903118,
                    0.042461395263671875
                ],
                [
                    0.5112249255180359,
                    -0.8592472672462463,
                    0.01770644821226597,
                    0.07137992978096008
                ],
                [
                    0.0,
                    0.020600704476237297,
                    0.9997464418411255,
                    4.0302734375
                ],
                [
                    0.0,
                    0.0,
                    0.0,
                    1.0
                ]
            ]
        },
        {
            "file_path": "./train/r_17",
            "rotation": 0.06283185307179587,
            "transform_matrix": [
                [
                    -0.6799303293228149,
                    0.334670752286911,
                    -0.6523911952972412,
                    -2.629981517791748
                ],
                [
                    -0.7332181334495544,
                    -0.3103479743003845,
                    0.6049776077270508,
                    2.4388434886932373
                ],
                [
                    1.4900520817207052e-08,
                    0.8897581696510315,
                    0.4564047157764435,
                    1.8399022817611694
                ],
                [
                    0.0,
                    0.0,
                    0.0,
                    1.0
                ]
            ]
        },
        {
            "file_path": "./train/r_18",
            "rotation": 0.06283185307179587,
            "transform_matrix": [
                [
                    -0.9992361664772034,
                    -0.01849416084587574,
                    0.033154986798763275,
                    0.1336575597524643
                ],
                [
                    0.03796389698982239,
                    -0.4867790937423706,
                    0.8726622462272644,
                    3.5179593563079834
                ],
                [
                    -1.862565213173184e-09,
                    0.8733236193656921,
                    0.4871126115322113,
                    1.9636948108673096
                ],
                [
                    0.0,
                    0.0,
                    0.0,
                    1.0
                ]
            ]
        },
        {
            "file_path": "./train/r_19",
            "rotation": 0.06283185307179587,
            "transform_matrix": [
                [
                    0.6545177102088928,
                    0.7539141774177551,
                    -0.0563676692545414,
                    -0.22723472118377686
                ],
                [
                    -0.7559900283813477,
                    0.6527205109596252,
                    -0.04880175366997719,
                    -0.19673427939414978
                ],
                [
                    0.0,
                    0.07456091046333313,
                    0.9971752166748047,
                    4.0199079513549805
                ],
                [
                    0.0,
                    0.0,
                    0.0,
                    1.0
                ]
            ]
        },
        {
            "file_path": "./train/r_20",
            "rotation": 0.06283185307179587,
            "transform_matrix": [
                [
                    0.971427857875824,
                    -0.2291073352098465,
                    0.061286941170692444,
                    0.24706576764583588
                ],
                [
                    0.23715457320213318,
                    0.9384649395942688,
                    -0.25104236602783203,
                    -1.0120259523391724
                ],
                [
                    0.0,
                    0.2584243416786194,
                    0.9659912586212158,
                    3.894196033477783
                ],
                [
                    0.0,
                    0.0,
                    0.0,
                    1.0
                ]
            ]
        },
        {
            "file_path": "./train/r_21",
            "rotation": 0.06283185307179587,
            "transform_matrix": [
                [
                    0.027228515595197678,
                    0.16563189029693604,
                    -0.9857708215713501,
                    -3.973933219909668
                ],
                [
                    -0.999586284160614,
                    0.0045117768459022045,
                    -0.026852183043956757,
                    -0.10824908316135406
                ],
                [
                    0.0,
                    0.9861721992492676,
                    0.16568732261657715,
                    0.6679345369338989
                ],
                [
                    0.0,
                    0.0,
                    0.0,
                    1.0
                ]
            ]
        },
        {
            "file_path": "./train/r_22",
            "rotation": 0.06283185307179587,
            "transform_matrix": [
                [
                    0.8875476121902466,
                    -0.44651177525520325,
                    0.113206647336483,
                    0.45636942982673645
                ],
                [
                    0.4606228172779083,
                    0.8603578805923462,
                    -0.21813137829303741,
                    -0.8793519735336304
                ],
                [
                    0.0,
                    0.2457670122385025,
                    0.9692885875701904,
                    3.9074885845184326
                ],
                [
                    0.0,
                    0.0,
                    0.0,
                    1.0
                ]
            ]
        },
        {
            "file_path": "./train/r_23",
            "rotation": 0.06283185307179587,
            "transform_matrix": [
                [
                    0.929674506187439,
                    0.33232393860816956,
                    -0.15870977938175201,
                    -0.6398060321807861
                ],
                [
                    -0.3682655692100525,
                    0.8389410376548767,
                    -0.4006577134132385,
                    -1.6151695251464844
                ],
                [
                    -1.4900520817207052e-08,
                    0.4309626519680023,
                    0.9023314714431763,
                    3.6375646591186523
                ],
                [
                    0.0,
                    0.0,
                    0.0,
                    1.0
                ]
            ]
        },
        {
            "file_path": "./train/r_24",
            "rotation": 0.06283185307179587,
            "transform_matrix": [
                [
                    0.978919267654419,
                    -0.13296149671077728,
                    0.15477049350738525,
                    0.6239255666732788
                ],
                [
                    0.2040373980998993,
                    0.6379153728485107,
                    -0.7425493001937866,
                    -2.9934356212615967
                ],
                [
                    -7.450261296781946e-09,
                    0.758534848690033,
                    0.6516010761260986,
                    2.6267964839935303
                ],
                [
                    0.0,
                    0.0,
                    0.0,
                    1.0
                ]
            ]
        },
        {
            "file_path": "./train/r_25",
            "rotation": 0.06283185307179587,
            "transform_matrix": [
                [
                    0.019056718796491623,
                    -0.6859216094017029,
                    0.7273925542831421,
                    2.9323339462280273
                ],
                [
                    0.9997754693031311,
                    0.013074352405965328,
                    -0.013864829204976559,
                    -0.055893220007419586
                ],
                [
                    0.0,
                    0.7275510430335999,
                    0.6860213279724121,
                    2.765554666519165
                ],
                [
                    0.0,
                    0.0,
                    0.0,
                    1.0
                ]
            ]
        },
        {
            "file_path": "./train/r_26",
            "rotation": 0.06283185307179587,
            "transform_matrix": [
                [
                    -0.9351145625114441,
                    -0.262287974357605,
                    0.238086998462677,
                    0.95979905128479
                ],
                [
                    0.3542245030403137,
                    -0.6924120187759399,
                    0.6285240054130554,
                    2.533766031265259
                ],
                [
                    0.0,
                    0.6721315383911133,
                    0.7403981685638428,
                    2.9847638607025146
                ],
                [
                    0.0,
                    0.0,
                    0.0,
                    1.0
                ]
            ]
        },
        {
            "file_path": "./train/r_27",
            "rotation": 0.06283185307179587,
            "transform_matrix": [
                [
                    -0.38826966285705566,
                    -0.21058611571788788,
                    0.8971177339553833,
                    3.616546630859375
                ],
                [
                    0.9214992523193359,
                    -0.08872953802347183,
                    0.37799662351608276,
                    1.5238161087036133
                ],
                [
                    0.0,
                    0.9735350012779236,
                    0.22850745916366577,
                    0.9211810827255249
                ],
                [
                    0.0,
                    0.0,
                    0.0,
                    1.0
                ]
            ]
        },
        {
            "file_path": "./train/r_28",
            "rotation": 0.06283185307179587,
            "transform_matrix": [
                [
                    -0.8523854613304138,
                    -0.17420493066310883,
                    0.49295932054519653,
                    1.987264633178711
                ],
                [
                    0.522831916809082,
                    -0.28401049971580505,
                    0.8036835193634033,
                    3.2398858070373535
                ],
                [
                    0.0,
                    0.9428576827049255,
                    0.33316853642463684,
                    1.3431007862091064
                ],
                [
                    0.0,
                    0.0,
                    0.0,
                    1.0
                ]
            ]
        },
        {
            "file_path": "./train/r_29",
            "rotation": 0.06283185307179587,
            "transform_matrix": [
                [
                    -0.4741307497024536,
                    -0.6982046961784363,
                    0.5363416075706482,
                    2.162151575088501
                ],
                [
                    0.880405843257904,
                    -0.3760087788105011,
                    0.28883957862854004,
                    1.1643975973129272
                ],
                [
                    1.4900524369920731e-08,
                    0.6091941595077515,
                    0.7929859161376953,
                    3.196760654449463
                ],
                [
                    0.0,
                    0.0,
                    0.0,
                    1.0
                ]
            ]
        },
        {
            "file_path": "./train/r_30",
            "rotation": 0.06283185307179587,
            "transform_matrix": [
                [
                    -0.8992469310760498,
                    -0.14202973246574402,
                    0.41364094614982605,
                    1.667508840560913
                ],
                [
                    0.4373433589935303,
                    -0.2920355498790741,
                    0.8505110144615173,
                    3.4286611080169678
                ],
                [
                    7.450261296781946e-09,
                    0.9457974433898926,
                    0.32472994923591614,
                    1.3090823888778687
                ],
                [
                    0.0,
                    0.0,
                    0.0,
                    1.0
                ]
            ]
        },
        {
            "file_path": "./train/r_31",
            "rotation": 0.06283185307179587,
            "transform_matrix": [
                [
                    0.8953496217727661,
                    0.07863631099462509,
                    -0.4382702112197876,
                    -1.7667967081069946
                ],
                [
                    -0.44526776671409607,
                    0.15812282264232635,
                    -0.8812788128852844,
                    -3.5526952743530273
                ],
                [
                    0.0,
                    0.9842779636383057,
                    0.17659059166908264,
                    0.71188884973526
                ],
                [
                    0.0,
                    0.0,
                    0.0,
                    1.0
                ]
            ]
        },
        {
            "file_path": "./train/r_32",
            "rotation": 0.06283185307179587,
            "transform_matrix": [
                [
                    -0.025669006630778313,
                    -0.5240408778190613,
                    0.8512693643569946,
                    3.431718349456787
                ],
                [
                    0.9996275901794434,
                    -0.013456620275974274,
                    0.02185937762260437,
                    0.08812160789966583
                ],
                [
                    9.312826620977432e-10,
                    0.8515808582305908,
                    0.5241946578025818,
                    2.1131834983825684
                ],
                [
                    0.0,
                    0.0,
                    0.0,
                    1.0
                ]
            ]
        },
        {
            "file_path": "./train/r_33",
            "rotation": 0.06283185307179587,
            "transform_matrix": [
                [
                    0.8615740537643433,
                    -0.5022902488708496,
                    0.07299382984638214,
                    0.2942596971988678
                ],
                [
                    0.5075476169586182,
                    0.8526496291160583,
                    -0.12390875816345215,
                    -0.49951282143592834
                ],
                [
                    3.725130870435578e-09,
                    0.14381563663482666,
                    0.9895634651184082,
                    3.989222764968872
                ],
                [
                    0.0,
                    0.0,
                    0.0,
                    1.0
                ]
            ]
        },
        {
            "file_path": "./train/r_34",
            "rotation": 0.06283185307179587,
            "transform_matrix": [
                [
                    -0.9234485626220703,
                    -0.22068680822849274,
                    0.31378066539764404,
                    1.2649424076080322
                ],
                [
                    0.38361045718193054,
                    -0.5312497019767761,
                    0.7553504109382629,
                    3.0450406074523926
                ],
                [
                    0.0,
                    0.8179614543914795,
                    0.575243353843689,
                    2.3189756870269775
                ],
                [
                    0.0,
                    0.0,
                    0.0,
                    1.0
                ]
            ]
        },
        {
            "file_path": "./train/r_35",
            "rotation": 0.06283185307179587,
            "transform_matrix": [
                [
                    -0.8399293422698975,
                    0.2343367040157318,
                    -0.48941195011138916,
                    -1.9729641675949097
                ],
                [
                    -0.5426166653633118,
                    -0.36273542046546936,
                    0.7575725317001343,
                    3.0539987087249756
                ],
                [
                    1.4900522593563892e-08,
                    0.9019419550895691,
                    0.4318299889564514,
                    1.740834355354309
                ],
                [
                    0.0,
                    0.0,
                    0.0,
                    1.0
                ]
            ]
        },
        {
            "file_path": "./train/r_36",
            "rotation": 0.06283185307179587,
            "transform_matrix": [
                [
                    -0.9995829463005066,
                    -0.01751881092786789,
                    0.021005097776651382,
                    0.08467776328325272
                ],
                [
                    0.027351384982466698,
                    -0.6402419209480286,
                    0.7676517367362976,
                    3.0946311950683594
                ],
                [
                    -9.312826620977432e-10,
                    0.7679669260978699,
                    0.640458345413208,
                    2.581876754760742
                ],
                [
                    0.0,
                    0.0,
                    0.0,
                    1.0
                ]
            ]
        },
        {
            "file_path": "./train/r_37",
            "rotation": 0.06283185307179587,
            "transform_matrix": [
                [
                    0.9108887910842896,
                    0.17720867693424225,
                    -0.3725527226924896,
                    -1.501870036125183
                ],
                [
                    -0.41254767775535583,
                    0.3912696838378906,
                    -0.8225815296173096,
                    -3.3160691261291504
                ],
                [
                    -1.4900520817207052e-08,
                    0.9030476212501526,
                    0.4295130968093872,
                    1.7314941883087158
                ],
                [
                    0.0,
                    0.0,
                    0.0,
                    1.0
                ]
            ]
        },
        {
            "file_path": "./train/r_38",
            "rotation": 0.06283185307179587,
            "transform_matrix": [
                [
                    0.9198713898658752,
                    0.2918485701084137,
                    -0.2618812918663025,
                    -1.0557206869125366
                ],
                [
                    -0.3921106159687042,
                    0.684661865234375,
                    -0.6143600940704346,
                    -2.4766669273376465
                ],
                [
                    1.4900520817207052e-08,
                    0.6678715944290161,
                    0.744242787361145,
                    3.000262498855591
                ],
                [
                    0.0,
                    0.0,
                    0.0,
                    1.0
                ]
            ]
        },
        {
            "file_path": "./train/r_39",
            "rotation": 0.06283185307179587,
            "transform_matrix": [
                [
                    0.10197087377309799,
                    -0.5144942998886108,
                    0.8513718843460083,
                    3.432131290435791
                ],
                [
                    0.9947442412376404,
                    0.05274062976241112,
                    -0.08727382123470306,
                    -0.3518265187740326
                ],
                [
                    -3.725130204301763e-09,
                    0.855864405632019,
                    0.5171718001365662,
                    2.084872007369995
                ],
                [
                    0.0,
                    0.0,
                    0.0,
                    1.0
                ]
            ]
        },
        {
            "file_path": "./train/r_40",
            "rotation": 0.06283185307179587,
            "transform_matrix": [
                [
                    -0.48191142082214355,
                    0.5587133765220642,
                    -0.6749370694160461,
                    -2.7208707332611084
                ],
                [
                    -0.8761709332466125,
                    -0.30730345845222473,
                    0.37122881412506104,
                    1.4965330362319946
                ],
                [
                    0.0,
                    0.7703207731246948,
                    0.6376255750656128,
                    2.5704574584960938
                ],
                [
                    0.0,
                    0.0,
                    0.0,
                    1.0
                ]
            ]
        },
        {
            "file_path": "./train/r_41",
            "rotation": 0.06283185307179587,
            "transform_matrix": [
                [
                    -0.4909835159778595,
                    0.21191853284835815,
                    -0.8449529409408569,
                    -3.406255006790161
                ],
                [
                    -0.8711195588111877,
                    -0.11944228410720825,
                    0.47623541951179504,
                    1.919845700263977
                ],
                [
                    0.0,
                    0.9699556827545166,
                    0.2432522028684616,
                    0.9806214570999146
                ],
                [
                    0.0,
                    0.0,
                    0.0,
                    1.0
                ]
            ]
        },
        {
            "file_path": "./train/r_42",
            "rotation": 0.06283185307179587,
            "transform_matrix": [
                [
                    0.46200627088546753,
                    -0.704615592956543,
                    0.5385348200798035,
                    2.170992851257324
                ],
                [
                    0.8868282437324524,
                    0.36707988381385803,
                    -0.28055769205093384,
                    -1.131010890007019
                ],
                [
                    1.4900522593563892e-08,
                    0.6072553992271423,
                    0.7944715619087219,
                    3.202749490737915
                ],
                [
                    0.0,
                    0.0,
                    0.0,
                    1.0
                ]
            ]
        },
        {
            "file_path": "./train/r_43",
            "rotation": 0.06283185307179587,
            "transform_matrix": [
                [
                    -0.2412234991788864,
                    -0.2865600883960724,
                    0.9271556735038757,
                    3.737638473510742
                ],
                [
                    0.9704251885414124,
                    -0.07123170047998428,
                    0.2304677665233612,
                    0.9290837049484253
                ],
                [
                    7.450259076335897e-09,
                    0.9554053544998169,
                    0.2952698767185211,
                    1.1903202533721924
                ],
                [
                    0.0,
                    0.0,
                    0.0,
                    1.0
