{
    "camera_angle_x": 0.6911112070083618,
    "frames": [
        {
            "file_path": "./train/r_0",
            "rotation": 0.06283185307179587,
            "transform_matrix": [
                [
                    0.8814980387687683,
                    -0.39578136801719666,
                    0.25738009810447693,
                    1.037575125694275
                ],
                [
                    0.4720967411994934,
                    0.7390021681785583,
                    -0.4805796146392822,
                    -1.9373582601547241
                ],
                [
                    0.0,
                    0.545181393623352,
                    0.8382817506790161,
                    3.379361152648926
                ],
                [
                    0.0,
                    0.0,
                    0.0,
                    1.0
                ]
            ]
        },
        {
            "file_path": "./train/r_1",
            "rotation": 0.06283185307179587,
            "transform_matrix": [
                [
                    0.8625563979148865,
                    0.20668023824691772,
                    -0.4617334008216858,
                    -1.8613837957382202
                ],
                [
                    -0.5058759450912476,
                    0.35240527987480164,
                    -0.7872899770736694,
                    -3.1737985610961914
                ],
                [
                    1.4900520817207052e-08,
                    0.9127341508865356,
                    0.4085267186164856,
                    1.6468918323516846
                ],
                [
                    0.0,
                    0.0,
                    0.0,
                    1.0
                ]
            ]
        },
        {
            "file_path": "./train/r_2",
            "rotation": 0.06283185307179587,
            "transform_matrix": [
                [
                    0.6741043925285339,
                    -0.24589098989963531,
                    0.6964489817619324,
                    2.807591676712036
                ],
                [
                    0.7385780215263367,
                    0.22442612051963806,
                    -0.6356529593467712,
                    -2.562505006790161
                ],
                [
                    1.4900521705385472e-08,
                    0.9429531693458557,
                    0.33289849758148193,
                    1.3420121669769287
                ],
                [
                    0.0,
                    0.0,
                    0.0,
                    1.0
                ]
            ]
        },
        {
            "file_path": "./train/r_3",
            "rotation": 0.06283185307179587,
            "transform_matrix": [
                [
                    -0.12150800228118896,
                    -0.9464414715766907,
                    0.29910966753959656,
                    1.2057994604110718
                ],
                [
                    0.9925472140312195,
                    -0.11586371809244156,
                    0.03661711886525154,
                    0.14761441946029663
                ],
                [
                    0.0,
                    0.30135369300842285,
                    0.9534724950790405,
                    3.8437294960021973
                ],
                [
                    0.0,
                    0.0,
                    0.0,
                    1.0
                ]
            ]
        },
        {
            "file_path": "./train/r_4",
            "rotation": 0.06283185307179587,
            "transform_matrix": [
                [
                    -0.4179772734642029,
                    0.22404588758945465,
                    -0.8803516030311584,
                    -3.548957347869873
                ],
                [
                    -0.9084102511405945,
                    -0.1030878871679306,
                    0.40506696701049805,
                    1.6329445838928223
                ],
                [
                    0.0,
                    0.9691060185432434,
                    0.24661557376384735,
                    0.9941802620887756
                ],
                [
                    0.0,
                    0.0,
                    0.0,
                    1.0
                ]
            ]
        },
        {
            "file_path": "./train/r_5",
            "rotation": 0.06283185307179587,
            "transform_matrix": [
                [
                    0.8312675356864929,
                    0.5171576142311096,
                    -0.20365847647190094,
                    -0.8210074305534363
                ],
                [
                    -0.5557953119277954,
                    0.7734796404838562,
                    -0.30459898710250854,
                    -1.2279285192489624
                ],
                [
                    0.0,
                    0.36642464995384216,
                    0.9304085969924927,
                    3.7507517337799072
                ],
                [
                    0.0,
                    0.0,
                    0.0,
                    1.0
                ]
            ]
        },
        {
            "file_path": "./train/r_6",
            "rotation": 0.06283185307179587,
            "transform_matrix": [
                [
                    -0.9797925353050232,
                    -0.16732826828956604,
                    0.10919816046953201,
                    0.4402100443840027
                ],
                [
                    0.199801966547966,
                    -0.8205474615097046,
                    0.535487949848175,
                    2.15871000289917
                ],
                [
                    0.0,
                    0.5465283393859863,
                    0.837404191493988,
                    3.375823736190796
                ],
                [
                    0.0,
                    0.0,
                    0.0,
                    1.0
                ]
            ]
        },
        {
            "file_path": "./train/r_7",
            "rotation": 0.06283185307179587,
            "transform_matrix": [
                [
                    -0.9764907956123352,
                    0.0696278065443039,
                    -0.20379512012004852,
                    -0.8215583562850952
                ],
                [
                    -0.2153601497411728,
                    -0.3157080113887787,
                    0.9240524768829346,
                    3.725128412246704
                ],
                [
                    0.0,
                    0.9462929964065552,
                    0.3232831358909607,
                    1.3032498359680176
                ],
                [
                    0.0,
                    0.0,
                    0.0,
                    1.0
                ]
            ]
        },
        {
            "file_path": "./train/r_8",
            "rotation": 0.06283185307179587,
            "transform_matrix": [
                [
                    0.42651063203811646,
                    0.16125570237636566,
                    -0.8899461030960083,
                    -3.5876355171203613
                ],
                [
                    -0.9044351577758789,
                    0.07604444026947021,
                    -0.4196779131889343,
                    -1.6918455362319946
                ],
                [
                    0.0,
                    0.9839734435081482,
                    0.17828026413917542,
                    0.7187004089355469
                ],
                [
                    0.0,
                    0.0,
                    0.0,
                    1.0
                ]
            ]
        },
        {
            "file_path": "./train/r_9",
            "rotation": 0.06283185307179587,
            "transform_matrix": [
                [
                    -0.7812055945396423,
                    -0.5962965488433838,
                    0.18463347852230072,
                    0.744312047958374
                ],
                [
                    0.6242051124572754,
                    -0.7462774515151978,
                    0.23107263445854187,
                    0.931522011756897
                ],
                [
                    -1.4900519929028633e-08,
                    0.2957879304885864,
                    0.9552137851715088,
                    3.8507487773895264
                ],
                [
                    0.0,
                    0.0,
                    0.0,
                    1.0
                ]
            ]
        },
        {
            "file_path": "./train/r_10",
            "rotation": 0.06283185307179587,
            "transform_matrix": [
                [
                    -0.9915657043457031,
                    -0.02129777893424034,
                    0.1275077909231186,
                    0.5140215754508972
                ],
                [
                    0.129273921251297,
                    -0.1633596569299698,
                    0.9780189990997314,
                    3.942683458328247
                ],
                [
                    -3.725130870435578e-09,
                    0.9863315224647522,
                    0.16473618149757385,
                    0.664100170135498
                ],
                [
                    0.0,
                    0.0,
                    0.0,
                    1.0
                ]
            ]
        },
        {
            "file_path": "./train/r_11",
            "rotation": 0.06283185307179587,
            "transform_matrix": [
                [
                    -0.9955025315284729,
                    0.06056932359933853,
                    -0.07225430756807327,
                    -0.2912784814834595
                ],
                [
                    -0.09428168088197708,
                    -0.6395400762557983,
                    0.7629196643829346,
                    3.075554609298706
                ],
                [
                    3.725130870435578e-09,
                    0.7663612961769104,
                    0.642378568649292,
                    2.589617967605591
                ],
                [
                    0.0,
                    0.0,
                    0.0,
                    1.0
                ]
            ]
        },
        {
            "file_path": "./train/r_12",
            "rotation": 0.06283185307179587,
            "transform_matrix": [
                [
                    -0.05094201862812042,
                    -0.8090830445289612,
                    0.5854523181915283,
                    2.360131025314331
                ],
                [
                    0.9986585974693298,
                    -0.04127169027924538,
                    0.02986418455839157,
                    0.12039133906364441
                ],
                [
                    0.0,
                    0.5862346887588501,
                    0.8101056814193726,
                    3.265775203704834
                ],
                [
                    0.0,
                    0.0,
                    0.0,
                    1.0
                ]
            ]
        },
        {
            "file_path": "./train/r_13",
            "rotation": 0.06283185307179587,
            "transform_matrix": [
                [
                    0.27576929330825806,
                    0.9591045379638672,
                    -0.06366721540689468,
                    -0.2566613554954529
                ],
                [
                    -0.961179256439209,
                    0.2751740515232086,
                    -0.018266586586833,
                    -0.07363800704479218
                ],
                [
                    0.0,
                    0.0662383958697319,
                    0.9977626800537109,
                    4.022275924682617
                ],
                [
                    0.0,
                    0.0,
                    0.0,
                    1.0
                ]
            ]
        },
        {
            "file_path": "./train/r_14",
            "rotation": 0.06283185307179587,
            "transform_matrix": [
                [
                    -0.094258613884449,
                    -0.7979726195335388,
                    0.5952464938163757,
                    2.3996145725250244
                ],
                [
                    0.9955046772956848,
                    -0.07555543631315231,
                    0.05636046826839447,
                    0.22720569372177124
                ],
                [
                    -3.725130870435578e-09,
                    0.5979304909706116,
                    0.801512598991394,
                    3.2311339378356934
                ],
                [
                    0.0,
                    0.0,
                    0.0,
                    1.0
                ]
            ]
        },
        {
            "file_path": "./train/r_15",
            "rotation": 0.06283185307179587,
            "transform_matrix": [
                [
                    -0.08507604151964188,
                    -0.7919665575027466,
                    0.6045774221420288,
                    2.437230110168457
                ],
                [
                    0.9963313341140747,
                    -0.06762547045946121,
                    0.051624447107315063,
                    0.2081133872270584
                ],
                [
                    0.0,
                    0.6067993640899658,
                    0.7948197722434998,
                    3.204153299331665
                ],
                [
                    0.0,
                    0.0,
                    0.0,
                    1.0
                ]
            ]
        },
        {
            "file_path": "./train/r_16",
            "rotation": 0.06283185307179587,
            "transform_matrix": [
                [
                    -0.8790795207023621,
                    0.0603816956281662,
                    -0.4727456271648407,
                    -1.9057772159576416
                ],
                [
                    -0.47658514976501465,
                    -0.11137634515762329,
                    0.8719974160194397,
                    3.5152790546417236
                ],
                [
                    0.0,
                    0.9919371604919434,
                    0.12668651342391968,
                    0.5107107758522034
                ],
                [
                    0.0,
                    0.0,
                    0.0,
                    1.0
                ]
            ]
        },
        {
            "file_path": "./train/r_17",
            "rotation": 0.06283185307179587,
            "transform_matrix": [
                [
                    0.19995924830436707,
                    0.1664074808359146,
                    -0.9655278921127319,
                    -3.8923282623291016
                ],
                [
                    -0.9797604084014893,
                    0.033962100744247437,
                    -0.19705455005168915,
                    -0.7943850755691528
                ],
                [
                    0.0,
                    0.9854669570922852,
                    0.16983163356781006,
                    0.6846414804458618
                ],
                [
                    0.0,
                    0.0,
                    0.0,
                    1.0
                ]
            ]
        },
        {
            "file_path": "./train/r_18",
            "rotation": 0.06283185307179587,
            "transform_matrix": [
                [
                    -0.9976094961166382,
                    0.06053006649017334,
                    -0.03202902898192406,
                    -0.12911847233772278
                ],
                [
                    -0.06847967207431793,
                    -0.8817998170852661,
                    0.4665977656841278,
                    1.880993366241455
                ],
                [
                    0.0,
                    0.46771273016929626,
                    0.8838428258895874,
                    3.5630314350128174
                ],
                [
                    0.0,
                    0.0,
                    0.0,
                    1.0
                ]
            ]
        },
        {
            "file_path": "./train/r_19",
            "rotation": 0.06283185307179587,
            "transform_matrix": [
                [
                    -0.08945124596357346,
                    -0.48380106687545776,
                    0.8705569505691528,
                    3.509472131729126
                ],
                [
                    0.9959481358528137,
                    -0.0434526726603508,
                    0.07818921655416489,
                    0.31520381569862366
                ],
                [
                    0.0,
                    0.8740929365158081,
                    0.485730916261673,
                    1.9581247568130493
                ],
                [
                    0.0,
                    0.0,
                    0.0,
                    1.0
                ]
            ]
        },
        {
            "file_path": "./train/r_20",
            "rotation": 0.06283185307179587,
            "transform_matrix": [
                [
                    0.8355023860931396,
                    -0.5163418054580688,
                    0.18777963519096375,
                    0.7569952011108398
                ],
                [
                    0.5494085550308228,
                    0.7852168679237366,
                    -0.28556227684020996,
                    -1.1511859893798828
                ],
                [
                    0.0,
                    0.34178292751312256,
                    0.9397395849227905,
                    3.788367748260498
                ],
                [
                    0.0,
                    0.0,
                    0.0,
                    1.0
                ]
            ]
        },
        {
            "file_path": "./train/r_21",
            "rotation": 0.06283185307179587,
            "transform_matrix": [
                [
                    -0.9901162385940552,
                    -0.03992201387882233,
                    0.13412883877754211,
                    0.5407130122184753
                ],
                [
                    0.13994334638118744,
                    -0.28245314955711365,
                    0.9489779472351074,
                    3.825610637664795
                ],
                [
                    -3.725130870435578e-09,
                    0.9584447741508484,
                    0.28525012731552124,
                    1.1499274969100952
                ],
                [
                    0.0,
                    0.0,
                    0.0,
                    1.0
                ]
            ]
        },
        {
            "file_path": "./train/r_22",
            "rotation": 0.06283185307179587,
            "transform_matrix": [
                [
                    -0.9960949420928955,
                    -0.08232001960277557,
                    0.030545871704816818,
                    0.12313942611217499
                ],
                [
                    0.08780158311128616,
                    -0.9339073896408081,
                    0.3465379774570465,
                    1.3969969749450684
                ],
                [
                    0.0,
                    0.34789416193962097,
                    0.9374944567680359,
                    3.7793169021606445
                ],
                [
                    0.0,
                    0.0,
                    0.0,
                    1.0
                ]
            ]
        },
        {
            "file_path": "./train/r_23",
            "rotation": 0.06283185307179587,
            "transform_matrix": [
                [
                    0.15073449909687042,
                    0.35007768869400024,
                    -0.9244733452796936,
                    -3.726824998855591
                ],
                [
                    -0.9885309338569641,
                    0.053381018340587616,
                    -0.14096678793430328,
                    -0.5682787299156189
                ],
                [
                    3.725130426346368e-09,
                    0.9351931214332581,
                    0.35411131381988525,
                    1.4275271892547607
                ],
                [
                    0.0,
                    0.0,
                    0.0,
                    1.0
                ]
            ]
        },
        {
            "file_path": "./train/r_24",
            "rotation": 0.06283185307179587,
            "transform_matrix": [
                [
                    0.5894860029220581,
                    0.596206784248352,
                    -0.5449640154838562,
                    -2.196910858154297
                ],
                [
                    -0.8077254295349121,
                    0.4351176619529724,
                    -0.3977201581001282,
                    -1.6033272743225098
                ],
                [
                    1.4900520817207052e-08,
                    0.6746851801872253,
                    0.7380720376968384,
                    2.975386381149292
                ],
                [
                    0.0,
                    0.0,
                    0.0,
                    1.0
                ]
            ]
        },
        {
            "file_path": "./train/r_25",
            "rotation": 0.06283185307179587,
            "transform_matrix": [
                [
                    0.612018883228302,
                    0.5078298449516296,
                    -0.6061984896659851,
                    -2.443765163421631
                ],
                [
                    -0.7907888889312744,
                    0.393027126789093,
                    -0.46915802359580994,
                    -1.8913146257400513
                ],
                [
                    0.0,
                    0.7665693759918213,
                    0.642130434513092,
                    2.5886175632476807
                ],
                [
                    0.0,
                    0.0,
                    0.0,
                    1.0
                ]
            ]
        },
        {
            "file_path": "./train/r_26",
            "rotation": 0.06283185307179587,
            "transform_matrix": [
                [
                    -0.8657554984092712,
                    0.34504690766334534,
                    -0.3623998463153839,
                    -1.4609408378601074
                ],
                [
                    -0.500381350517273,
                    -0.5969971418380737,
                    0.627021074295044,
                    2.527707099914551
                ],
                [
                    0.0,
                    0.7242423892021179,
                    0.6895132064819336,
                    2.7796311378479004
                ],
                [
                    0.0,
                    0.0,
                    0.0,
                    1.0
                ]
            ]
        },
        {
            "file_path": "./train/r_27",
            "rotation": 0.06283185307179587,
            "transform_matrix": [
                [
                    -0.23783667385578156,
                    0.507803201675415,
                    -0.8279526233673096,
                    -3.337721347808838
                ],
                [
                    -0.9712610840797424,
                    -0.12434785068035126,
                    0.20274415612220764,
                    0.8173215389251709
                ],
                [
                    -7.450261740871156e-09,
                    0.8524455428123474,
                    0.5227874517440796,
                    2.107510566711426
                ],
                [
                    0.0,
                    0.0,
                    0.0,
                    1.0
                ]
            ]
        },
        {
            "file_path": "./train/r_28",
            "rotation": 0.06283185307179587,
            "transform_matrix": [
                [
                    0.9399744868278503,
                    -0.13883671164512634,
                    0.3115898072719574,
                    1.2561105489730835
                ],
                [
                    0.34111887216567993,
                    0.38257330656051636,
                    -0.8586053848266602,
                    -3.461292028427124
                ],
                [
                    0.0,
                    0.9134287238121033,
                    0.40697166323661804,
                    1.6406229734420776
                ],
                [
                    0.0,
                    0.0,
                    0.0,
                    1.0
                ]
            ]
        },
        {
            "file_path": "./train/r_29",
            "rotation": 0.06283185307179587,
            "transform_matrix": [
                [
                    -0.7019560933113098,
                    -0.21597042679786682,
                    0.678626298904419,
                    2.7357430458068848
                ],
                [
                    0.7121599912643433,
                    -0.21287596225738525,
                    0.6689028143882751,
                    2.696544885635376
                ],
                [
                    -1.4900521705385472e-08,
                    0.9529064297676086,
                    0.30323708057403564,
                    1.2224382162094116
                ],
                [
                    0.0,
                    0.0,
                    0.0,
                    1.0
                ]
            ]
        },
        {
            "file_path": "./train/r_30",
            "rotation": 0.06283185307179587,
            "transform_matrix": [
                [
                    -0.999950647354126,
                    0.002883810317143798,
                    -0.002142401644960046,
                    -0.008636655285954475
                ],
                [
                    -0.0035924369003623724,
                    -0.8027052283287048,
                    0.5963350534439087,
                    2.4040029048919678
                ],
                [
                    0.0,
                    0.5963606238365173,
                    0.8026812076568604,
                    3.2358453273773193
                ],
                [
                    0.0,
                    0.0,
                    0.0,
                    1.0
                ]
            ]
        },
        {
            "file_path": "./train/r_31",
            "rotation": 0.06283185307179587,
            "transform_matrix": [
                [
                    -0.17190270125865936,
                    0.8343018293380737,
                    -0.5237917304039001,
                    -2.1115591526031494
                ],
                [
                    -0.9850704073905945,
                    -0.14559237658977509,
                    0.09140587598085403,
                    0.36848410964012146
                ],
                [
                    7.450261296781946e-09,
                    0.5317267179489136,
                    0.846879243850708,
                    3.414020538330078
                ],
                [
                    0.0,
                    0.0,
                    0.0,
                    1.0
                ]
            ]
        },
        {
            "file_path": "./train/r_32",
            "rotation": 0.06283185307179587,
            "transform_matrix": [
                [
                    -0.9963447451591492,
                    -0.07991376519203186,
                    0.028733376413583755,
                    0.11583273112773895
                ],
                [
                    0.08491954207420349,
                    -0.9376128911972046,
                    0.33712318539619446,
                    1.3590431213378906
                ],
                [
                    0.0,
                    0.3383575975894928,
                    0.9409781098365784,
                    3.793360710144043
                ],
                [
                    0.0,
                    0.0,
                    0.0,
                    1.0
                ]
            ]
        },
        {
            "file_path": "./train/r_33",
            "rotation": 0.06283185307179587,
            "transform_matrix": [
                [
                    0.9022148251533508,
                    -0.24173450469970703,
                    0.35706010460853577,
                    1.4394147396087646
                ],
                [
                    0.4311875104904175,
                    0.505804181098938,
                    -0.7471109628677368,
                    -3.0118250846862793
                ],
                [
                    1.4900522593563892e-08,
                    0.8280799984931946,
                    0.5605806708335876,
                    2.259866237640381
                ],
                [
                    0.0,
                    0.0,
                    0.0,
                    1.0
                ]
            ]
        },
        {
            "file_path": "./train/r_34",
            "rotation": 0.06283185307179587,
            "transform_matrix": [
                [
                    -0.9965482950210571,
                    -0.07551316916942596,
                    0.03322525694966316,
                    0.13394081592559814
                ],
                [
                    0.08249679952859879,
                    -0.9121871590614319,
                    0.4013558328151703,
                    1.6179839372634888
                ],
                [
                    0.0,
                    0.4027433693408966,
                    0.9152742624282837,
                    3.6897408962249756
                ],
                [
                    0.0,
                    0.0,
                    0.0,
                    1.0
                ]
            ]
        },
        {
            "file_path": "./train/r_35",
            "rotation": 0.06283185307179587,
            "transform_matrix": [
                [
                    0.23195382952690125,
                    -0.8304752111434937,
                    0.5064343810081482,
                    2.0415866374969482
                ],
                [
                    0.972682774066925,
                    0.1980418711900711,
                    -0.1207684576511383,
                    -0.48685336112976074
                ],
                [
                    -7.450260408603526e-09,
                    0.5206539034843445,
                    0.8537309765815735,
                    3.4416418075561523
                ],
                [
                    0.0,
                    0.0,
                    0.0,
                    1.0
                ]
            ]
        },
        {
            "file_path": "./train/r_36",
            "rotation": 0.06283185307179587,
            "transform_matrix": [
                [
                    -0.6646273732185364,
                    -0.4590162932872772,
                    0.5894963145256042,
                    2.3764336109161377
                ],
                [
                    0.7471175789833069,
                    -0.40833568572998047,
                    0.5244092345237732,
                    2.114048480987549
                ],
                [
                    0.0,
                    0.7890222668647766,
                    0.614334225654602,
                    2.4765625
                ],
                [
                    0.0,
                    0.0,
                    0.0,
                    1.0
                ]
            ]
        },
        {
            "file_path": "./train/r_37",
            "rotation": 0.06283185307179587,
            "transform_matrix": [
                [
                    -0.06136634945869446,
                    -0.8393855094909668,
                    0.540032148361206,
                    2.1770291328430176
                ],
                [
                    0.9980722665786743,
                    -0.05160950869321823,
                    0.03320381045341492,
                    0.13385437428951263
                ],
                [
                    -3.725130204301763e-09,
                    0.5410715341567993,
                    0.8409400582313538,
                    3.390077829360962
                ],
                [
                    0.0,
                    0.0,
                    0.0,
                    1.0
                ]
            ]
        },
        {
            "file_path": "./train/r_38",
            "rotation": 0.06283185307179587,
            "transform_matrix": [
                [
                    -0.07300209999084473,
                    0.7307668924331665,
                    -0.6786800622940063,
                    -2.735959768295288
                ],
                [
                    -0.9972887635231018,
                    -0.053492553532123566,
                    0.04967976361513138,
                    0.2002738118171692
                ],
                [
                    0.0,
                    0.6805206537246704,
                    0.732695460319519,
                    2.953711986541748
                ],
                [
                    0.0,
                    0.0,
                    0.0,
                    1.0
                ]
            ]
        },
        {
            "file_path": "./train/r_39",
            "rotation": 0.06283185307179587,
            "transform_matrix": [
                [
                    -0.9662847518920898,
                    -0.14547285437583923,
                    0.2122432142496109,
                    0.8556150197982788
                ],
                [
                    0.2573087215423584,
                    -0.5463017821311951,
                    0.7970479726791382,
                    3.2131357192993164
                ],
                [
                    0.0,
                    0.824852705001831,
                    0.5653183460235596,
                    2.2789649963378906
                ],
                [
                    0.0,
                    0.0,
                    0.0,
                    1.0
                ]
            ]
        },
        {
            "file_path": "./train/r_40",
            "rotation": 0.06283185307179587,
            "transform_matrix": [
                [
                    0.994500458240509,
                    0.06828512996435165,
                    -0.07887107133865356,
                    -0.31795257329940796
                ],
                [
                    -0.10432224720716476,
                    0.6509597897529602,
                    -0.7518752813339233,
                    -3.0310311317443848
                ],
                [
                    0.0,
                    0.7560281157493591,
                    0.6545077562332153,
                    2.6385140419006348
                ],
                [
                    0.0,
                    0.0,
                    0.0,
                    1.0
                ]
            ]
        },
        {
            "file_path": "./train/r_41",
            "rotation": 0.06283185307179587,
            "transform_matrix": [
                [
                    0.9156972765922546,
                    -0.3863227367401123,
                    0.11035820841789246,
                    0.4448865056037903
                ],
                [
                    0.4017622172832489,
                    0.8805075883865356,
                    -0.25152868032455444,
                    -1.013986349105835
                ],
                [
                    7.450261740871156e-09,
                    0.2746836841106415,
                    0.9614946246147156,
                    3.876068592071533
                ],
                [
                    0.0,
                    0.0,
                    0.0,
                    1.0
                ]
            ]
        },
        {
            "file_path": "./train/r_42",
            "rotation": 0.06283185307179587,
            "transform_matrix": [
                [
                    0.10704674571752548,
                    -0.43762069940567017,
                    0.8927263617515564,
                    3.598843812942505
                ],
                [
                    0.9942107796669006,
                    0.0471186488866806,
                    -0.09611991047859192,
                    -0.3874877691268921
                ],
                [
                    0.0,
                    0.8979186415672302,
                    0.44013404846191406,
                    1.7743103504180908
                ],
                [
                    0.0,
                    0.0,
                    0.0,
                    1.0
                ]
            ]
        },
        {
            "file_path": "./train/r_43",
            "rotation": 0.06283185307179587,
            "transform_matrix": [
                [
                    -0.7192670106887817,
                    -0.29896825551986694,
                    0.6270527243614197,
                    2.527834892272949
                ],
                [
                    0.6946719884872437,
                    -0.3095533549785614,
                    0.6492536664009094,
                    2.6173336505889893
                ],
                [
                    1.4900521705385472e-08,
                    0.9026543498039246,
                    0.43033915758132935,
                    1.734824299812317
                ],
                [
                    0.0,
                    0.0,
                    0.0,
                    1.0
                ]
            ]
        },
        {
            "file_path": "./train/r_44",
            "rotation": 0.06283185307179587,
