{
    "camera_angle_x": 0.6911112070083618,
    "frames": [
        {
            "file_path": "./train/r_0",
            "rotation": 0.06283185307179587,
            "transform_matrix": [
                [
                    -0.15993724763393402,
                    -0.8119025230407715,
                    0.5614261627197266,
                    2.263274669647217
                ],
                [
                    0.9870837330818176,
                    -0.13155263662338257,
                    0.09096793085336685,
                    0.366718590259552
                ],
                [
                    0.0,
                    0.5687687993049622,
                    0.8224615454673767,
                    3.3155853748321533
                ],
                [
                    0.0,
                    0.0,
                    0.0,
                    1.0
                ]
            ]
        },
        {
            "file_path": "./train/r_1",
            "rotation": 0.06283185307179587,
            "transform_matrix": [
                [
                    -0.6711178421974182,
                    -0.20096200704574585,
                    0.7135362029075623,
                    2.8764753341674805
                ],
                [
                    0.7412927746772766,
                    -0.1819378286600113,
                    0.6459888815879822,
                    2.6041722297668457
                ],
                [
                    0.0,
                    0.9625501036643982,
                    0.27107518911361694,
                    1.0927841663360596
                ],
                [
                    0.0,
                    0.0,
                    0.0,
                    1.0
                ]
            ]
        },
        {
            "file_path": "./train/r_2",
            "rotation": 0.06283185307179587,
            "transform_matrix": [
                [
                    -0.14921684563159943,
                    -0.6645590662956238,
                    0.7321509122848511,
                    2.951516628265381
                ],
                [
                    0.9887611865997314,
                    -0.10029055923223495,
                    0.11049104481935501,
                    0.4454220235347748
                ],
                [
                    0.0,
                    0.7404679656028748,
                    0.6720597147941589,
                    2.709271192550659
                ],
                [
                    0.0,
                    0.0,
                    0.0,
                    1.0
                ]
            ]
        },
        {
            "file_path": "./train/r_3",
            "rotation": 0.06283185307179587,
            "transform_matrix": [
                [
                    0.9893648624420166,
                    0.03998333960771561,
                    -0.13954579830169678,
                    -0.5625503659248352
                ],
                [
                    -0.14516030251979828,
                    0.2725132405757904,
                    -0.9510981440544128,
                    -3.834157705307007
                ],
                [
                    0.0,
                    0.9613155722618103,
                    0.27542081475257874,
                    1.1103026866912842
                ],
                [
                    0.0,
                    0.0,
                    0.0,
                    1.0
                ]
            ]
        },
        {
            "file_path": "./train/r_4",
            "rotation": 0.06283185307179587,
            "transform_matrix": [
                [
                    0.25706857442855835,
                    0.6970962882041931,
                    -0.6692720651626587,
                    -2.698033094406128
                ],
                [
                    -0.9663488268852234,
                    0.18544188141822815,
                    -0.1780400574207306,
                    -0.7177319526672363
                ],
                [
                    7.450260852692736e-09,
                    0.6925735473632812,
                    0.7213142514228821,
                    2.9078304767608643
                ],
                [
                    0.0,
                    0.0,
                    0.0,
                    1.0
                ]
            ]
        },
        {
            "file_path": "./train/r_5",
            "rotation": 0.06283185307179587,
            "transform_matrix": [
                [
                    -0.8093200922012329,
                    -0.328673779964447,
                    0.4867212772369385,
                    1.962117314338684
                ],
                [
                    0.5872948169708252,
                    -0.4529280662536621,
                    0.6707250475883484,
                    2.703890800476074
                ],
                [
                    -1.4900523481742312e-08,
                    0.8287457227706909,
                    0.5595959424972534,
                    2.25589656829834
                ],
                [
                    0.0,
                    0.0,
                    0.0,
                    1.0
                ]
            ]
        },
        {
            "file_path": "./train/r_6",
            "rotation": 0.06283185307179587,
            "transform_matrix": [
                [
                    -0.9950710535049438,
                    0.05549997463822365,
                    -0.08165683597326279,
                    -0.32918283343315125
                ],
                [
                    -0.09873110055923462,
                    -0.5593618750572205,
                    0.8229864239692688,
                    3.3177013397216797
                ],
                [
                    3.725130426346368e-09,
                    0.8270574808120728,
                    0.5620880126953125,
                    2.2659430503845215
                ],
                [
                    0.0,
                    0.0,
                    0.0,
                    1.0
                ]
            ]
        },
        {
            "file_path": "./train/r_7",
            "rotation": 0.06283185307179587,
            "transform_matrix": [
                [
                    -0.7004627585411072,
                    -0.584807276725769,
                    0.4090147912502289,
                    1.6488593816757202
                ],
                [
                    0.713628888130188,
                    -0.5740178227424622,
                    0.4014686346054077,
                    1.6184386014938354
                ],
                [
                    0.0,
                    0.5731439590454102,
                    0.8194189071655273,
                    3.3033194541931152
                ],
                [
                    0.0,
                    0.0,
                    0.0,
                    1.0
                ]
            ]
        },
        {
            "file_path": "./train/r_8",
            "rotation": 0.06283185307179587,
            "transform_matrix": [
                [
                    -0.8533951640129089,
                    0.47180694341659546,
                    -0.22146335244178772,
                    -0.8927842378616333
                ],
                [
                    -0.5211820602416992,
                    -0.7725471258163452,
                    0.3626289665699005,
                    1.4618645906448364
                ],
                [
                    -1.4900522593563892e-08,
                    0.4249221384525299,
                    0.9051914215087891,
                    3.6490941047668457
                ],
                [
                    0.0,
                    0.0,
                    0.0,
                    1.0
                ]
            ]
        },
        {
            "file_path": "./train/r_9",
            "rotation": 0.06283185307179587,
            "transform_matrix": [
                [
                    0.1203848123550415,
                    -0.3135848939418793,
                    0.9418579936027527,
                    3.796907901763916
                ],
                [
                    0.9926840662956238,
                    0.038029082119464874,
                    -0.11422102898359299,
                    -0.4604586958885193
                ],
                [
                    -3.725130426346368e-09,
                    0.9487930536270142,
                    0.3158709704875946,
                    1.2733691930770874
                ],
                [
                    0.0,
                    0.0,
                    0.0,
                    1.0
                ]
            ]
        },
        {
            "file_path": "./train/r_10",
            "rotation": 0.06283185307179587,
            "transform_matrix": [
                [
                    0.35484302043914795,
                    -0.5545929074287415,
                    0.7526302933692932,
                    3.0340752601623535
                ],
                [
                    0.9348800182342529,
                    0.21050125360488892,
                    -0.28566834330558777,
                    -1.151613473892212
                ],
                [
                    0.0,
                    0.8050501346588135,
                    0.5931766629219055,
                    2.391270399093628
                ],
                [
                    0.0,
                    0.0,
                    0.0,
                    1.0
                ]
            ]
        },
        {
            "file_path": "./train/r_11",
            "rotation": 0.06283185307179587,
            "transform_matrix": [
                [
                    -0.03508026525378227,
                    0.26759037375450134,
                    -0.9628538489341736,
                    -3.8815479278564453
                ],
                [
                    -0.9993414878845215,
                    -0.009393327869474888,
                    0.0337994247674942,
                    0.13625545799732208
                ],
                [
                    -9.312825510754408e-10,
                    0.9634817838668823,
                    0.2677454948425293,
                    1.0793612003326416
                ],
                [
                    0.0,
                    0.0,
                    0.0,
                    1.0
                ]
            ]
        },
        {
            "file_path": "./train/r_12",
            "rotation": 0.06283185307179587,
            "transform_matrix": [
                [
                    0.39786121249198914,
                    -0.40929684042930603,
                    0.8210430145263672,
                    3.3098669052124023
                ],
                [
                    0.9173989295959473,
                    0.1775054633617401,
                    -0.35607317090034485,
                    -1.4354362487792969
                ],
                [
                    0.0,
                    0.89496248960495,
                    0.4461139738559723,
                    1.7984172105789185
                ],
                [
                    0.0,
                    0.0,
                    0.0,
                    1.0
                ]
            ]
        },
        {
            "file_path": "./train/r_13",
            "rotation": 0.06283185307179587,
            "transform_matrix": [
                [
                    -0.4690931439399719,
                    0.7016097903251648,
                    -0.5363279581069946,
                    -2.1620965003967285
                ],
                [
                    -0.883100152015686,
                    -0.3726874887943268,
                    0.2848915755748749,
                    1.148482084274292
                ],
                [
                    1.4900521705385472e-08,
                    0.6073200106620789,
                    0.7944220900535583,
                    3.202550172805786
                ],
                [
                    0.0,
                    0.0,
                    0.0,
                    1.0
                ]
            ]
        },
        {
            "file_path": "./train/r_14",
            "rotation": 0.06283185307179587,
            "transform_matrix": [
                [
                    -0.9995763301849365,
                    0.0042759631760418415,
                    -0.027261482551693916,
                    -0.10989909619092941
                ],
                [
                    -0.02759472094476223,
                    -0.15489019453525543,
                    0.9875052571296692,
                    3.9809255599975586
                ],
                [
                    0.0,
                    0.987917423248291,
                    0.1549435555934906,
                    0.6246232986450195
                ],
                [
                    0.0,
                    0.0,
                    0.0,
                    1.0
                ]
            ]
        },
        {
            "file_path": "./train/r_15",
            "rotation": 0.06283185307179587,
            "transform_matrix": [
                [
                    -0.7911407947540283,
                    -0.17780108749866486,
                    0.5851501226425171,
                    2.3589131832122803
                ],
                [
                    0.6115639805793762,
                    -0.23000980913639069,
                    0.7569709420204163,
                    3.0515735149383545
                ],
                [
                    1.4900523481742312e-08,
                    0.9568030834197998,
                    0.2907088100910187,
                    1.1719330549240112
                ],
                [
                    0.0,
                    0.0,
                    0.0,
                    1.0
                ]
            ]
        },
        {
            "file_path": "./train/r_16",
            "rotation": 0.06283185307179587,
            "transform_matrix": [
                [
                    0.01809079200029373,
                    0.713962733745575,
                    -0.6999172568321228,
                    -2.821573495864868
                ],
                [
                    -0.9997934103012085,
                    0.012918820604681969,
                    -0.0126646738499403,
                    -0.051055047661066055
                ],
                [
                    0.0,
                    0.7000572085380554,
                    0.7140536308288574,
                    2.878561496734619
                ],
                [
                    0.0,
                    0.0,
                    0.0,
                    1.0
                ]
            ]
        },
        {
            "file_path": "./train/r_17",
            "rotation": 0.06283185307179587,
            "transform_matrix": [
                [
                    -0.8409798741340637,
                    -0.537973940372467,
                    0.057210203260183334,
                    0.23063123226165771
                ],
                [
                    0.5409871935844421,
                    -0.8362957239151001,
                    0.08893487602472305,
                    0.35852277278900146
                ],
                [
                    0.0,
                    0.1057511493563652,
                    0.9943515658378601,
                    4.0085248947143555
                ],
                [
                    0.0,
                    0.0,
                    0.0,
                    1.0
                ]
            ]
        },
        {
            "file_path": "./train/r_18",
            "rotation": 0.06283185307179587,
            "transform_matrix": [
                [
                    -0.9984713196754456,
                    0.02672961913049221,
                    -0.04748399183154106,
                    -0.1914219856262207
                ],
                [
                    -0.05448982119560242,
                    -0.48979344964027405,
                    0.8700965642929077,
                    3.5076160430908203
                ],
                [
                    1.8625653241954865e-09,
                    0.8714228272438049,
                    0.49050453305244446,
                    1.9773685932159424
                ],
                [
                    0.0,
                    0.0,
                    0.0,
                    1.0
                ]
            ]
        },
        {
            "file_path": "./train/r_19",
            "rotation": 0.06283185307179587,
            "transform_matrix": [
                [
                    0.824019193649292,
                    -0.424270898103714,
                    0.37538623809814453,
                    1.5132927894592285
                ],
                [
                    0.566486120223999,
                    0.6171508431434631,
                    -0.5460424423217773,
                    -2.201258420944214
                ],
                [
                    -1.4900520817207052e-08,
                    0.6626530289649963,
                    0.7488926649093628,
                    3.019007682800293
                ],
                [
                    0.0,
                    0.0,
                    0.0,
                    1.0
                ]
            ]
        },
        {
            "file_path": "./train/r_20",
            "rotation": 0.06283185307179587,
            "transform_matrix": [
                [
                    0.22021344304084778,
                    0.2868344485759735,
                    -0.9322850108146667,
                    -3.7583160400390625
                ],
                [
                    -0.9754078388214111,
                    0.0647573322057724,
                    -0.2104777991771698,
                    -0.8484981656074524
                ],
                [
                    3.725130870435578e-09,
                    0.9557836055755615,
                    0.2940429747104645,
                    1.1853740215301514
                ],
                [
                    0.0,
                    0.0,
                    0.0,
                    1.0
                ]
            ]
        },
        {
            "file_path": "./train/r_21",
            "rotation": 0.06283185307179587,
            "transform_matrix": [
                [
                    0.38419264554977417,
                    -0.25402072072029114,
                    0.8875759840011597,
                    3.5780811309814453
                ],
                [
                    0.9232065677642822,
                    0.10571076720952988,
                    -0.3693649172782898,
                    -1.4890192747116089
                ],
                [
                    7.450261296781946e-09,
                    0.9613993167877197,
                    0.27512869238853455,
                    1.1091251373291016
                ],
                [
                    0.0,
                    0.0,
                    0.0,
                    1.0
                ]
            ]
        },
        {
            "file_path": "./train/r_22",
            "rotation": 0.06283185307179587,
            "transform_matrix": [
                [
                    -0.9535239338874817,
                    -0.0914015918970108,
                    0.2869720458984375,
                    1.1568691730499268
                ],
                [
                    0.3011748790740967,
                    -0.28937873244285583,
                    0.9085574746131897,
                    3.6626639366149902
                ],
                [
                    0.0,
                    0.9528355598449707,
                    0.30345940589904785,
                    1.223334550857544
                ],
                [
                    0.0,
                    0.0,
                    0.0,
                    1.0
                ]
            ]
        },
        {
            "file_path": "./train/r_23",
            "rotation": 0.06283185307179587,
            "transform_matrix": [
                [
                    -0.15302950143814087,
                    -0.7142804265022278,
                    0.6828906536102295,
                    2.752934217453003
                ],
                [
                    0.9881782531738281,
                    -0.1106136292219162,
                    0.10575259476900101,
                    0.42631998658180237
                ],
                [
                    0.0,
                    0.6910557150840759,
                    0.722768247127533,
                    2.9136927127838135
                ],
                [
                    0.0,
                    0.0,
                    0.0,
                    1.0
                ]
            ]
        },
        {
            "file_path": "./train/r_24",
            "rotation": 0.06283185307179587,
            "transform_matrix": [
                [
                    0.730626106262207,
                    0.6040576100349426,
                    -0.31818562746047974,
                    -1.2827001810073853
                ],
                [
                    -0.6827149391174316,
                    0.6464488506317139,
                    -0.34051504731178284,
                    -1.3727166652679443
                ],
                [
                    1.4900521705385472e-08,
                    0.46605607867240906,
                    0.8847174644470215,
                    3.5665571689605713
                ],
                [
                    0.0,
                    0.0,
                    0.0,
                    1.0
                ]
            ]
        },
        {
            "file_path": "./train/r_25",
            "rotation": 0.06283185307179587,
            "transform_matrix": [
                [
                    0.7899466156959534,
                    -0.45158693194389343,
                    0.4147091507911682,
                    1.671815037727356
                ],
                [
                    0.6131055355072021,
                    0.581840455532074,
                    -0.5343257784843445,
                    -2.154025077819824
                ],
                [
                    -1.4900520817207052e-08,
                    0.6764029860496521,
                    0.736498236656189,
                    2.9690418243408203
                ],
                [
                    0.0,
                    0.0,
                    0.0,
                    1.0
                ]
            ]
        },
        {
            "file_path": "./train/r_26",
            "rotation": 0.06283185307179587,
            "transform_matrix": [
                [
                    -0.7644211649894714,
                    -0.20342150330543518,
                    0.6117176413536072,
                    2.4660146236419678
                ],
                [
                    0.6446506381034851,
                    -0.24121546745300293,
                    0.7253695130348206,
                    2.9241788387298584
                ],
                [
                    0.0,
                    0.9489071369171143,
                    0.3155280649662018,
                    1.2719868421554565
                ],
                [
                    0.0,
                    0.0,
                    0.0,
                    1.0
                ]
            ]
        },
        {
            "file_path": "./train/r_27",
            "rotation": 0.06283185307179587,
            "transform_matrix": [
                [
                    0.44027838110923767,
                    -0.18153654038906097,
                    0.8792716860771179,
                    3.5446038246154785
                ],
                [
                    0.8978135585784912,
                    0.08902361989021301,
                    -0.43118560314178467,
                    -1.7382365465164185
                ],
                [
                    0.0,
                    0.9793412089347839,
                    0.20218247175216675,
                    0.8150572776794434
                ],
                [
                    0.0,
                    0.0,
                    0.0,
                    1.0
                ]
            ]
        },
        {
            "file_path": "./train/r_28",
            "rotation": 0.06283185307179587,
            "transform_matrix": [
                [
                    0.9732370376586914,
                    -0.03663614019751549,
                    0.2266760915517807,
                    0.9137982130050659
                ],
                [
                    0.22961705923080444,
                    0.1552831083536148,
                    -0.9607716798782349,
                    -3.873154401779175
                ],
                [
                    -3.725130870435578e-09,
                    0.9871853590011597,
                    0.159540593624115,
                    0.6431552767753601
                ],
                [
                    0.0,
                    0.0,
                    0.0,
                    1.0
                ]
            ]
        },
        {
            "file_path": "./train/r_29",
            "rotation": 0.06283185307179587,
            "transform_matrix": [
                [
                    -0.5731488466262817,
                    0.2579297125339508,
                    -0.7777491807937622,
                    -3.1353366374969482
                ],
                [
                    -0.8193989396095276,
                    -0.1804153174161911,
                    0.5440159440040588,
                    2.193089008331299
                ],
                [
                    0.0,
                    0.949164092540741,
                    0.31475427746772766,
                    1.2688674926757812
                ],
                [
                    0.0,
                    0.0,
                    0.0,
                    1.0
                ]
            ]
        },
        {
            "file_path": "./train/r_30",
            "rotation": 0.06283185307179587,
            "transform_matrix": [
                [
                    0.8142428994178772,
                    0.3022765517234802,
                    -0.49553948640823364,
                    -1.9976661205291748
                ],
                [
                    -0.5804504752159119,
                    0.424026757478714,
                    -0.6951315402984619,
                    -2.8022806644439697
                ],
                [
                    2.9801046963484623e-08,
                    0.8537095785140991,
                    0.5207207202911377,
                    2.0991790294647217
                ],
                [
                    0.0,
                    0.0,
                    0.0,
                    1.0
                ]
            ]
        },
        {
            "file_path": "./train/r_31",
            "rotation": 0.06283185307179587,
            "transform_matrix": [
                [
                    -0.6332967281341553,
                    0.6054547429084778,
                    -0.4819777309894562,
                    -1.9429945945739746
                ],
                [
                    -0.773853600025177,
                    -0.49548450112342834,
                    0.39443492889404297,
                    1.5900837182998657
                ],
                [
                    0.0,
                    0.6228237748146057,
                    0.7823272943496704,
                    3.153792381286621
                ],
                [
                    0.0,
                    0.0,
                    0.0,
                    1.0
                ]
            ]
        },
        {
            "file_path": "./train/r_32",
            "rotation": 0.06283185307179587,
            "transform_matrix": [
                [
                    -0.9435116648674011,
                    0.1959928423166275,
                    -0.2670016288757324,
                    -1.0763624906539917
                ],
                [
                    -0.33120977878570557,
                    -0.558321475982666,
                    0.7606029510498047,
                    3.0662152767181396
                ],
                [
                    0.0,
                    0.8061350584030151,
                    0.5917015075683594,
                    2.3853235244750977
                ],
                [
                    0.0,
                    0.0,
                    0.0,
                    1.0
                ]
            ]
        },
        {
            "file_path": "./train/r_33",
            "rotation": 0.06283185307179587,
            "transform_matrix": [
                [
                    -0.18743252754211426,
                    0.6061601638793945,
                    -0.7729054689407349,
                    -3.1158103942871094
                ],
                [
                    -0.9822338223457336,
                    -0.1156691461801529,
                    0.14748793840408325,
                    0.5945674777030945
                ],
                [
                    -7.450260852692736e-09,
                    0.7868801951408386,
                    0.6170752048492432,
                    2.48761248588562
                ],
                [
                    0.0,
                    0.0,
                    0.0,
                    1.0
                ]
            ]
        },
        {
            "file_path": "./train/r_34",
            "rotation": 0.06283185307179587,
            "transform_matrix": [
                [
                    0.9785829782485962,
                    -0.050602953881025314,
                    0.19932188093662262,
                    0.803525447845459
                ],
                [
                    0.20564426481723785,
                    0.24080027639865875,
                    -0.9484972953796387,
                    -3.8236727714538574
                ],
                [
                    0.0,
                    0.9692494869232178,
                    0.2460508793592453,
                    0.9919037818908691
                ],
                [
                    0.0,
                    0.0,
                    0.0,
                    1.0
                ]
            ]
        },
        {
            "file_path": "./train/r_35",
            "rotation": 0.06283185307179587,
            "transform_matrix": [
                [
                    -0.6037145853042603,
                    0.7844264507293701,
                    -0.14200197160243988,
                    -0.5724519491195679
                ],
                [
                    -0.7971466779708862,
                    -0.5940810441970825,
                    0.10754440724849701,
                    0.43354326486587524
                ],
                [
                    0.0,
                    0.17813657224178314,
                    0.9839649200439453,
                    3.966653347015381
                ],
                [
                    0.0,
                    0.0,
                    0.0,
                    1.0
                ]
            ]
        },
        {
            "file_path": "./train/r_36",
            "rotation": 0.06283185307179587,
            "transform_matrix": [
                [
                    -0.9179651141166687,
                    0.0615592822432518,
                    -0.39174652099609375,
                    -1.579245924949646
                ],
                [
                    -0.39655277132987976,
                    -0.14250127971172333,
                    0.9068393707275391,
                    3.6557374000549316
                ],
                [
                    0.0,
                    0.9878734350204468,
                    0.15522372722625732,
                    0.6257526874542236
                ],
                [
                    0.0,
                    0.0,
                    0.0,
                    1.0
                ]
            ]
        },
        {
            "file_path": "./train/r_37",
            "rotation": 0.06283185307179587,
            "transform_matrix": [
                [
                    0.3199731111526489,
                    0.8849822878837585,
                    -0.33822697401046753,
                    -1.3634928464889526
                ],
                [
                    -0.9473812580108643,
                    0.2988981604576111,
                    -0.11423440277576447,
                    -0.46051260828971863
                ],
                [
                    0.0,
                    0.3570100963115692,
                    0.9340612292289734,
                    3.765476703643799
                ],
                [
                    0.0,
                    0.0,
                    0.0,
                    1.0
                ]
            ]
        },
        {
            "file_path": "./train/r_38",
            "rotation": 0.06283185307179587,
            "transform_matrix": [
                [
                    0.8728159070014954,
                    -0.4834609031677246,
                    0.06625617295503616,
                    0.26709818840026855
                ],
                [
                    0.48796167969703674,
                    0.8647652864456177,
                    -0.11851225793361664,
                    -0.47775793075561523
                ],
                [
                    7.450261296781946e-09,
                    0.13578052818775177,
                    0.9906978607177734,
                    3.993795871734619
                ],
                [
                    0.0,
                    0.0,
                    0.0,
                    1.0
                ]
            ]
        },
        {
            "file_path": "./train/r_39",
            "rotation": 0.06283185307179587,
            "transform_matrix": [
                [
                    -0.5513437986373901,
                    -0.56312096118927,
                    0.615511417388916,
                    2.4813084602355957
                ],
                [
                    0.834226667881012,
                    -0.3721688985824585,
                    0.406794011592865,
                    1.639906883239746
                ],
                [
                    0.0,
                    0.7378178238868713,
                    0.6749679446220398,
                    2.7209951877593994
                ],
                [
                    0.0,
                    0.0,
                    0.0,
                    1.0
                ]
            ]
        },
        {
            "file_path": "./train/r_40",
            "rotation": 0.06283185307179587,
            "transform_matrix": [
                [
                    -0.20794375240802765,
                    0.6629313230514526,
                    -0.7191875576972961,
                    -2.8992574214935303
                ],
                [
                    -0.9780969023704529,
                    -0.14093944430351257,
                    0.15289953351020813,
                    0.6163831949234009
                ],
                [
                    -7.450259964514316e-09,
                    0.7352878451347351,
                    0.6777229905128479,
                    2.7321016788482666
                ],
                [
                    0.0,
                    0.0,
                    0.0,
                    1.0
                ]
            ]
        },
        {
            "file_path": "./train/r_41",
            "rotation": 0.06283185307179587,
            "transform_matrix": [
                [
                    0.7495464086532593,
                    -0.5697355270385742,
                    0.33692842721939087,
                    1.35825777053833
                ],
                [
                    0.661886990070343,
                    0.6451904773712158,
                    -0.38155078887939453,
                    -1.5381436347961426
                ],
                [
                    2.9801041634414105e-08,
                    0.5090387463569641,
                    0.860706627368927,
                    3.469762086868286
                ],
                [
                    0.0,
                    0.0,
                    0.0,
                    1.0
                ]
            ]
        },
        {
            "file_path": "./train/r_42",
            "rotation": 0.06283185307179587,
            "transform_matrix": [
                [
                    0.988494336605072,
                    0.056122492998838425,
                    -0.14015571773052216,
                    -0.5650091171264648
                ],
                [
                    -0.15097370743751526,
                    0.36745980381965637,
                    -0.9176640510559082,
                    -3.6993749141693115
                ],
                [
                    0.0,
                    0.9283391237258911,
                    0.3717074394226074,
                    1.498462438583374
                ],
                [
                    0.0,
                    0.0,
                    0.0,
                    1.0
                ]
            ]
        },
        {
            "file_path": "./train/r_43",
            "rotation": 0.06283185307179587,
            "transform_matrix": [
                [
                    0.9013407230377197,
                    -0.3469468355178833,
                    0.2591070234775543,
                    1.0445369482040405
                ],
                [
                    0.4330118000507355,
                    0.7221910953521729,
                    -0.5393471717834473,
                    -2.1742677688598633
                ],
                [
                    0.0,
                    0.598379373550415,
                    0.8011776208877563,
                    3.229783535003662
                ],
                [
                    0.0,
                    0.0,
                    0.0,
                    1.0
                ]
            ]
        },
        {
