{
    "camera_angle_x": 0.6911112070083618,
    "frames": [
        {
            "file_path": "./train/r_0",
            "rotation": 0.06283185307179587,
            "transform_matrix": [
                [
                    0.5939220190048218,
                    0.30588704347610474,
                    -0.7440515756607056,
                    -2.9994919300079346
                ],
                [
                    -0.8044692873954773,
                    0.22582969069480896,
                    -0.549316942691803,
                    -2.21445894241333
                ],
                [
                    1.4900522593563892e-08,
                    0.9248913526535034,
                    0.3802044689655304,
                    1.5327165126800537
                ],
                [
                    0.0,
                    0.0,
                    0.0,
                    1.0
                ]
            ]
        },
        {
            "file_path": "./train/r_1",
            "rotation": 0.06283185307179587,
            "transform_matrix": [
                [
                    -0.1282455027103424,
                    0.30923256278038025,
                    -0.9422593116760254,
                    -3.79852557182312
                ],
                [
                    -0.9916992783546448,
                    -0.03998963162302971,
                    0.12185197323560715,
                    0.4912213087081909
                ],
                [
                    0.0,
                    0.9501398801803589,
                    0.31179627776145935,
                    1.256942868232727
                ],
                [
                    0.0,
                    0.0,
                    0.0,
                    1.0
                ]
            ]
        },
        {
            "file_path": "./train/r_2",
            "rotation": 0.06283185307179587,
            "transform_matrix": [
                [
                    0.9671314358711243,
                    0.25046786665916443,
                    -0.04291292652487755,
                    -0.1729946732521057
                ],
                [
                    -0.2541080713272095,
                    0.9532768726348877,
                    -0.1633259505033493,
                    -0.6584150791168213
                ],
                [
                    0.0,
                    0.16887539625167847,
                    0.9855965971946716,
                    3.9732306003570557
                ],
                [
                    0.0,
                    0.0,
                    0.0,
                    1.0
                ]
            ]
        },
        {
            "file_path": "./train/r_3",
            "rotation": 0.06283185307179587,
            "transform_matrix": [
                [
                    0.24200543761253357,
                    -0.32332032918930054,
                    0.9147798418998718,
                    3.6877477169036865
                ],
                [
                    0.9702305793762207,
                    0.08064606040716171,
                    -0.22817429900169373,
                    -0.9198380708694458
                ],
                [
                    0.0,
                    0.9428415298461914,
                    0.33321431279182434,
                    1.343285322189331
                ],
                [
                    0.0,
                    0.0,
                    0.0,
                    1.0
                ]
            ]
        },
        {
            "file_path": "./train/r_4",
            "rotation": 0.06283185307179587,
            "transform_matrix": [
                [
                    0.9223325848579407,
                    -0.0732218474149704,
                    0.3792837858200073,
                    1.5290048122406006
                ],
                [
                    0.38628584146499634,
                    0.17483142018318176,
                    -0.9056138396263123,
                    -3.65079665184021
                ],
                [
                    0.0,
                    0.9818670153617859,
                    0.18953852355480194,
                    0.7640856504440308
                ],
                [
                    0.0,
                    0.0,
                    0.0,
                    1.0
                ]
            ]
        },
        {
            "file_path": "./train/r_5",
            "rotation": 0.06283185307179587,
            "transform_matrix": [
                [
                    0.9986714720726013,
                    0.04459230229258537,
                    -0.0241107065230608,
                    -0.09719737619161606
                ],
                [
                    -0.050691694021224976,
                    0.8785080909729004,
                    -0.4750024080276489,
                    -1.9148749113082886
                ],
                [
                    0.0,
                    0.4756312072277069,
                    0.8796072006225586,
                    3.5459563732147217
                ],
                [
                    0.0,
                    0.0,
                    0.0,
                    1.0
                ]
            ]
        },
        {
            "file_path": "./train/r_6",
            "rotation": 0.06283185307179587,
            "transform_matrix": [
                [
                    -0.6670382022857666,
                    -0.2975584864616394,
                    0.6829651594161987,
                    2.7532339096069336
                ],
                [
                    0.7449659109115601,
                    -0.26643216609954834,
                    0.6115230917930603,
                    2.4652299880981445
                ],
                [
                    0.0,
                    0.916767418384552,
                    0.39939409494400024,
                    1.6100754737854004
                ],
                [
                    0.0,
                    0.0,
                    0.0,
                    1.0
                ]
            ]
        },
        {
            "file_path": "./train/r_7",
            "rotation": 0.06283185307179587,
            "transform_matrix": [
                [
                    0.6176378130912781,
                    0.20982179045677185,
                    -0.757903516292572,
                    -3.055332899093628
                ],
                [
                    -0.7864080667495728,
                    0.16479212045669556,
                    -0.5952504873275757,
                    -2.3996307849884033
                ],
                [
                    0.0,
                    0.9637469053268433,
                    0.26678919792175293,
                    1.0755060911178589
                ],
                [
                    0.0,
                    0.0,
                    0.0,
                    1.0
                ]
            ]
        },
        {
            "file_path": "./train/r_8",
            "rotation": 0.06283185307179587,
            "transform_matrix": [
                [
                    -0.8976013660430908,
                    0.44005081057548523,
                    -0.024415362626314163,
                    -0.09842553734779358
                ],
                [
                    -0.44071099162101746,
                    -0.8962567448616028,
                    0.04972705617547035,
                    0.20046444237232208
                ],
                [
                    0.0,
                    0.05539991706609726,
                    0.9984229803085327,
                    4.024938106536865
                ],
                [
                    0.0,
                    0.0,
                    0.0,
                    1.0
                ]
            ]
        },
        {
            "file_path": "./train/r_9",
            "rotation": 0.06283185307179587,
            "transform_matrix": [
                [
                    -0.7508958578109741,
                    -0.5340021848678589,
                    0.3885014057159424,
                    1.5661638975143433
                ],
                [
                    0.6603555679321289,
                    -0.6072183847427368,
                    0.44176816940307617,
                    1.7808979749679565
                ],
                [
                    1.4900520817207052e-08,
                    0.5883175134658813,
                    0.8085944056510925,
                    3.2596828937530518
                ],
                [
                    0.0,
                    0.0,
                    0.0,
                    1.0
                ]
            ]
        },
        {
            "file_path": "./train/r_10",
            "rotation": 0.06283185307179587,
            "transform_matrix": [
                [
                    -0.4644966721534729,
                    0.6638771891593933,
                    -0.5860534310340881,
                    -2.3625543117523193
                ],
                [
                    -0.8855263590812683,
                    -0.3482321500778198,
                    0.30741026997566223,
                    1.239261507987976
                ],
                [
                    1.4900519929028633e-08,
                    0.6618090867996216,
                    0.7496384382247925,
                    3.0220136642456055
                ],
                [
                    0.0,
                    0.0,
                    0.0,
                    1.0
                ]
            ]
        },
        {
            "file_path": "./train/r_11",
            "rotation": 0.06283185307179587,
            "transform_matrix": [
                [
                    0.7977910041809082,
                    0.40313830971717834,
                    -0.4482588768005371,
                    -1.8070638179779053
                ],
                [
                    -0.6028627753257751,
                    0.5334881544113159,
                    -0.5931978821754456,
                    -2.3913559913635254
                ],
                [
                    -1.4900519929028633e-08,
                    0.743545413017273,
                    0.668653666973114,
                    2.695540428161621
                ],
                [
                    0.0,
                    0.0,
                    0.0,
                    1.0
                ]
            ]
        },
        {
            "file_path": "./train/r_12",
            "rotation": 0.06283185307179587,
            "transform_matrix": [
                [
                    0.34493714570999146,
                    -0.25945931673049927,
                    0.9020094871520996,
                    3.6362667083740234
                ],
                [
                    0.9385799765586853,
                    0.09535378217697144,
                    -0.3314971625804901,
                    -1.3363629579544067
                ],
                [
                    7.450260408603526e-09,
                    0.9610298275947571,
                    0.27641624212265015,
                    1.1143155097961426
                ],
                [
                    0.0,
                    0.0,
                    0.0,
                    1.0
                ]
            ]
        },
        {
            "file_path": "./train/r_13",
            "rotation": 0.06283185307179587,
            "transform_matrix": [
                [
                    0.8131611347198486,
                    0.21270251274108887,
                    -0.541705846786499,
                    -2.1837761402130127
                ],
                [
                    -0.581964910030365,
                    0.297202467918396,
                    -0.7569083571434021,
                    -3.051321268081665
                ],
                [
                    0.0,
                    0.9308159947395325,
                    0.3654612600803375,
                    1.4732823371887207
                ],
                [
                    0.0,
                    0.0,
                    0.0,
                    1.0
                ]
            ]
        },
        {
            "file_path": "./train/r_14",
            "rotation": 0.06283185307179587,
            "transform_matrix": [
                [
                    -0.9616982936859131,
                    -0.23848816752433777,
                    0.1348271518945694,
                    0.5435280799865723
                ],
                [
                    0.2739536464214325,
                    -0.8371987342834473,
                    0.47330281138420105,
                    1.908023476600647
                ],
                [
                    7.450261296781946e-09,
                    0.4921497702598572,
                    0.8704731464385986,
                    3.509134292602539
                ],
                [
                    0.0,
                    0.0,
                    0.0,
                    1.0
                ]
            ]
        },
        {
            "file_path": "./train/r_15",
            "rotation": 0.06283185307179587,
            "transform_matrix": [
                [
                    0.7637394666671753,
                    -0.2588878870010376,
                    0.5912692546844482,
                    2.3835809230804443
                ],
                [
                    0.6454579830169678,
                    0.3063296377658844,
                    -0.6996206045150757,
                    -2.8203771114349365
                ],
                [
                    0.0,
                    0.9160399436950684,
                    0.40106001496315,
                    1.6167912483215332
                ],
                [
                    0.0,
                    0.0,
                    0.0,
                    1.0
                ]
            ]
        },
        {
            "file_path": "./train/r_16",
            "rotation": 0.06283185307179587,
            "transform_matrix": [
                [
                    0.708225429058075,
                    -0.523406982421875,
                    0.47370612621307373,
                    1.90964937210083
                ],
                [
                    0.7059256434440613,
                    0.5251122117042542,
                    -0.47524943947792053,
                    -1.9158709049224854
                ],
                [
                    0.0,
                    0.6710382103919983,
                    0.7413890957832336,
                    2.9887585639953613
                ],
                [
                    0.0,
                    0.0,
                    0.0,
                    1.0
                ]
            ]
        },
        {
            "file_path": "./train/r_17",
            "rotation": 0.06283185307179587,
            "transform_matrix": [
                [
                    -0.9963581562042236,
                    -0.012010481208562851,
                    0.08390774577856064,
                    0.3382568955421448
                ],
                [
                    0.08476277440786362,
                    -0.1411791741847992,
                    0.9863074421882629,
                    3.9760968685150146
                ],
                [
                    -1.8625653241954865e-09,
                    0.9899061322212219,
                    0.14168398082256317,
                    0.5711700320243835
                ],
                [
                    0.0,
                    0.0,
                    0.0,
                    1.0
                ]
            ]
        },
        {
            "file_path": "./train/r_18",
            "rotation": 0.06283185307179587,
            "transform_matrix": [
                [
                    -0.3288234770298004,
                    0.8740077018737793,
                    -0.3577123284339905,
                    -1.4420441389083862
                ],
                [
                    -0.9443459510803223,
                    -0.30433154106140137,
                    0.1245562806725502,
                    0.5021231770515442
                ],
                [
                    0.0,
                    0.3787911832332611,
                    0.9254431128501892,
                    3.7307345867156982
                ],
                [
                    0.0,
                    0.0,
                    0.0,
                    1.0
                ]
            ]
        },
        {
            "file_path": "./train/r_19",
            "rotation": 0.06283185307179587,
            "transform_matrix": [
                [
                    -0.8553532958030701,
                    0.5147944688796997,
                    -0.05737415701150894,
                    -0.23129214346408844
                ],
                [
                    -0.5179623961448669,
                    -0.8501219153404236,
                    0.09474660456180573,
                    0.3819515109062195
                ],
                [
                    0.0,
                    0.11076779663562775,
                    0.9938051700592041,
                    4.006321907043457
                ],
                [
                    0.0,
                    0.0,
                    0.0,
                    1.0
                ]
            ]
        },
        {
            "file_path": "./train/r_20",
            "rotation": 0.06283185307179587,
            "transform_matrix": [
                [
                    -0.26388850808143616,
                    -0.286068320274353,
                    0.9211138486862183,
                    3.713282346725464
                ],
                [
                    0.9645087122917175,
                    -0.07826798409223557,
                    0.25201573967933655,
                    1.0159499645233154
                ],
                [
                    0.0,
                    0.9550020098686218,
                    0.29657137393951416,
                    1.1955668926239014
                ],
                [
                    0.0,
                    0.0,
                    0.0,
                    1.0
                ]
            ]
        },
        {
            "file_path": "./train/r_21",
            "rotation": 0.06283185307179587,
            "transform_matrix": [
                [
                    0.9800462126731873,
                    -0.04900014400482178,
                    0.19241347908973694,
                    0.7756755352020264
                ],
                [
                    0.19855394959449768,
                    0.2418607622385025,
                    -0.9497374892234802,
                    -3.828672170639038
                ],
                [
                    3.725130870435578e-09,
                    0.9690677523612976,
                    0.24676553905010223,
                    0.9947847127914429
                ],
                [
                    0.0,
                    0.0,
                    0.0,
                    1.0
                ]
            ]
        },
        {
            "file_path": "./train/r_22",
            "rotation": 0.06283185307179587,
            "transform_matrix": [
                [
                    0.982613742351532,
                    0.08994068205356598,
                    -0.1621594876050949,
                    -0.6537127494812012
                ],
                [
                    -0.185430109500885,
                    0.4766051769256592,
                    -0.8593002557754517,
                    -3.4640932083129883
                ],
                [
                    0.0,
                    0.8744988441467285,
                    0.48499974608421326,
                    1.9551770687103271
                ],
                [
                    0.0,
                    0.0,
                    0.0,
                    1.0
                ]
            ]
        },
        {
            "file_path": "./train/r_23",
            "rotation": 0.06283185307179587,
            "transform_matrix": [
                [
                    0.8222479820251465,
                    -0.28473860025405884,
                    0.49270009994506836,
                    1.9862195253372192
                ],
                [
                    0.5690540075302124,
                    0.4114297032356262,
                    -0.711921215057373,
                    -2.869964599609375
                ],
                [
                    0.0,
                    0.8658171892166138,
                    0.500332236289978,
                    2.016986846923828
                ],
                [
                    0.0,
                    0.0,
                    0.0,
                    1.0
                ]
            ]
        },
        {
            "file_path": "./train/r_24",
            "rotation": 0.06283185307179587,
            "transform_matrix": [
                [
                    0.9911637902259827,
                    0.08433493226766586,
                    -0.10196362435817719,
                    -0.41104549169540405
                ],
                [
                    -0.13231925666332245,
                    0.6317275762557983,
                    -0.7637788653373718,
                    -3.0790181159973145
                ],
                [
                    0.0,
                    0.7705827951431274,
                    0.6373088955879211,
                    2.569180488586426
                ],
                [
                    0.0,
                    0.0,
                    0.0,
                    1.0
                ]
            ]
        },
        {
            "file_path": "./train/r_25",
            "rotation": 0.06283185307179587,
            "transform_matrix": [
                [
                    0.911809504032135,
                    -0.16532152891159058,
                    0.3757513165473938,
                    1.5147645473480225
                ],
                [
                    0.4105091691017151,
                    0.36720675230026245,
                    -0.8346065878868103,
                    -3.3645455837249756
                ],
                [
                    1.4900522593563892e-08,
                    0.9153239130973816,
                    0.4026912450790405,
                    1.6233673095703125
                ],
                [
                    0.0,
                    0.0,
                    0.0,
                    1.0
                ]
            ]
        },
        {
            "file_path": "./train/r_26",
            "rotation": 0.06283185307179587,
            "transform_matrix": [
                [
                    0.14822280406951904,
                    0.4392429292201996,
                    -0.8860175013542175,
                    -3.571798324584961
                ],
                [
                    -0.9889106154441833,
                    0.06583589315414429,
                    -0.13280066847801208,
                    -0.535358726978302
                ],
                [
                    3.725130648390973e-09,
                    0.8959471583366394,
                    0.44413328170776367,
                    1.7904325723648071
                ],
                [
                    0.0,
                    0.0,
                    0.0,
                    1.0
                ]
            ]
        },
        {
            "file_path": "./train/r_27",
            "rotation": 0.06283185307179587,
            "transform_matrix": [
                [
                    -0.9778441786766052,
                    0.026716938242316246,
                    -0.20741626620292664,
                    -0.8361562490463257
                ],
                [
                    -0.2091294527053833,
                    -0.12492264807224274,
                    0.9698337912559509,
                    3.90968656539917
                ],
                [
                    0.0,
                    0.9918016791343689,
                    0.12774302065372467,
                    0.5149698257446289
                ],
                [
                    0.0,
                    0.0,
                    0.0,
                    1.0
                ]
            ]
        },
        {
            "file_path": "./train/r_28",
            "rotation": 0.06283185307179587,
            "transform_matrix": [
                [
                    0.9552061557769775,
                    0.2954089641571045,
                    -0.015348709188401699,
                    -0.061875179409980774
                ],
                [
                    -0.2957962453365326,
                    0.9539555907249451,
                    -0.0495651438832283,
                    -0.19981172680854797
                ],
                [
                    0.0,
                    0.05188821256160736,
                    0.9986116290092468,
                    4.025698184967041
                ],
                [
                    0.0,
                    0.0,
                    0.0,
                    1.0
                ]
            ]
        },
        {
            "file_path": "./train/r_29",
            "rotation": 0.06283185307179587,
            "transform_matrix": [
                [
                    -0.7327415347099304,
                    -0.5173264145851135,
                    0.4420388340950012,
                    1.7819890975952148
                ],
                [
                    0.6804438829421997,
                    -0.5570870637893677,
                    0.47601309418678284,
                    1.9189493656158447
                ],
                [
                    -1.4900522593563892e-08,
                    0.6496286392211914,
                    0.7602174878120422,
                    3.0646610260009766
                ],
                [
                    0.0,
                    0.0,
                    0.0,
                    1.0
                ]
            ]
        },
        {
            "file_path": "./train/r_30",
            "rotation": 0.06283185307179587,
            "transform_matrix": [
                [
                    -0.4546356201171875,
                    0.7851690053939819,
                    -0.42044901847839355,
                    -1.6949541568756104
                ],
                [
                    -0.8906292915344238,
                    -0.4008018374443054,
                    0.2146247923374176,
                    0.8652158975601196
                ],
                [
                    0.0,
                    0.4720776379108429,
                    0.8815193176269531,
                    3.5536646842956543
                ],
                [
                    0.0,
                    0.0,
                    0.0,
                    1.0
                ]
            ]
        },
        {
            "file_path": "./train/r_31",
            "rotation": 0.06283185307179587,
            "transform_matrix": [
                [
                    -0.990263044834137,
                    -0.09345602989196777,
                    0.10276107490062714,
                    0.41426023840904236
                ],
                [
                    0.13889984786510468,
                    -0.6662790179252625,
                    0.7326177358627319,
                    2.9533984661102295
                ],
                [
                    0.0,
                    0.7398163676261902,
                    0.672776997089386,
                    2.712162733078003
                ],
                [
                    0.0,
                    0.0,
                    0.0,
                    1.0
                ]
            ]
        },
        {
            "file_path": "./train/r_32",
            "rotation": 0.06283185307179587,
            "transform_matrix": [
                [
                    -0.9228898882865906,
                    0.18340890109539032,
                    -0.3384561836719513,
                    -1.3644165992736816
                ],
                [
                    -0.3849525451660156,
                    -0.4397067129611969,
                    0.811418890953064,
                    3.271068811416626
                ],
                [
                    0.0,
                    0.8792093396186829,
                    0.47640782594680786,
                    1.9205403327941895
                ],
                [
                    0.0,
                    0.0,
                    0.0,
                    1.0
                ]
            ]
        },
        {
            "file_path": "./train/r_33",
            "rotation": 0.06283185307179587,
            "transform_matrix": [
                [
                    0.9582784175872803,
                    -0.21284212172031403,
                    0.1905737668275833,
                    0.7682591676712036
                ],
                [
                    0.28568610548973083,
                    0.7139373421669006,
                    -0.6392425298690796,
                    -2.5769753456115723
                ],
                [
                    -1.4900519929028633e-08,
                    0.6670694351196289,
                    0.7449617981910706,
                    3.0031609535217285
                ],
                [
                    0.0,
                    0.0,
                    0.0,
                    1.0
                ]
            ]
        },
        {
            "file_path": "./train/r_34",
            "rotation": 0.06283185307179587,
            "transform_matrix": [
                [
                    0.992036759853363,
                    -0.027186501771211624,
                    0.12263080477714539,
                    0.4943610429763794
                ],
                [
                    0.12560778856277466,
                    0.21471606194972992,
                    -0.9685248136520386,
                    -3.904409885406494
                ],
                [
                    -1.862565213173184e-09,
                    0.9762929677963257,
                    0.216422438621521,
                    0.8724628686904907
                ],
                [
                    0.0,
                    0.0,
                    0.0,
                    1.0
                ]
            ]
        },
        {
            "file_path": "./train/r_35",
            "rotation": 0.06283185307179587,
            "transform_matrix": [
                [
                    0.9825069904327393,
                    -0.07269153743982315,
                    0.1712038815021515,
                    0.6901734471321106
                ],
                [
                    0.18599553406238556,
                    0.3839873671531677,
                    -0.9043712019920349,
                    -3.645787477493286
                ],
                [
                    0.0,
                    0.9204670190811157,
                    0.39079317450523376,
                    1.5754027366638184
                ],
                [
                    0.0,
                    0.0,
                    0.0,
                    1.0
                ]
            ]
        },
        {
            "file_path": "./train/r_36",
            "rotation": 0.06283185307179587,
            "transform_matrix": [
                [
                    -0.6837513446807861,
                    0.23905381560325623,
                    -0.689389169216156,
                    -2.7791314125061035
                ],
                [
                    -0.7296562790870667,
                    -0.22401419281959534,
                    0.6460175514221191,
                    2.604287624359131
                ],
                [
                    1.4900520817207052e-08,
                    0.9448074102401733,
                    0.32759925723075867,
                    1.3206493854522705
                ],
                [
                    0.0,
                    0.0,
                    0.0,
                    1.0
                ]
            ]
        },
        {
            "file_path": "./train/r_37",
            "rotation": 0.06283185307179587,
            "transform_matrix": [
                [
                    0.5623161196708679,
                    0.7659382224082947,
                    -0.3116059899330139,
                    -1.2561758756637573
                ],
                [
                    -0.8268705010414124,
                    0.5208789110183716,
                    -0.2119087427854538,
                    -0.8542667031288147
                ],
                [
                    0.0,
                    0.37684717774391174,
                    0.9262363910675049,
                    3.7339324951171875
                ],
                [
                    0.0,
                    0.0,
                    0.0,
                    1.0
                ]
            ]
        },
        {
            "file_path": "./train/r_38",
            "rotation": 0.06283185307179587,
            "transform_matrix": [
                [
                    -0.6373410224914551,
                    -0.5611973404884338,
                    0.5280084013938904,
                    2.1285579204559326
                ],
                [
                    0.7705262303352356,
                    -0.46419456601142883,
                    0.4367423355579376,
                    1.7606374025344849
                ],
                [
                    0.0,
                    0.68525230884552,
                    0.7282723188400269,
                    2.9358808994293213
                ],
                [
                    0.0,
                    0.0,
                    0.0,
                    1.0
                ]
            ]
        },
        {
            "file_path": "./train/r_39",
            "rotation": 0.06283185307179587,
            "transform_matrix": [
                [
                    -0.870392918586731,
                    0.42735201120376587,
                    -0.2443656325340271,
                    -0.9851100444793701
                ],
                [
                    -0.4922705590724945,
                    -0.7556092143058777,
                    0.43206748366355896,
                    1.7417917251586914
                ],
                [
                    0.0,
                    0.496401846408844,
                    0.868055522441864,
                    3.4993884563446045
                ],
                [
                    0.0,
                    0.0,
                    0.0,
                    1.0
                ]
            ]
        },
        {
            "file_path": "./train/r_40",
            "rotation": 0.06283185307179587,
            "transform_matrix": [
                [
                    0.0906483381986618,
                    0.7136024832725525,
                    -0.6946284174919128,
                    -2.8002521991729736
                ],
                [
                    -0.9958398938179016,
                    0.06495711207389832,
                    -0.06322994828224182,
                    -0.2548986077308655
                ],
                [
                    0.0,
                    0.697525680065155,
                    0.7165268063545227,
                    2.888531446456909
                ],
                [
                    0.0,
                    0.0,
                    0.0,
                    1.0
                ]
            ]
        },
        {
            "file_path": "./train/r_41",
            "rotation": 0.06283185307179587,
            "transform_matrix": [
                [
                    -0.9020073413848877,
                    0.40581315755844116,
                    -0.14705514907836914,
                    -0.592822790145874
                ],
                [
                    -0.43162137269973755,
                    -0.8480730056762695,
                    0.3073175847530365,
                    1.2388880252838135
                ],
                [
                    1.4900523481742312e-08,
                    0.3407018482685089,
                    0.9401319026947021,
                    3.789949655532837
                ],
                [
                    0.0,
                    0.0,
                    0.0,
                    1.0
                ]
            ]
        },
        {
            "file_path": "./train/r_42",
            "rotation": 0.06283185307179587,
            "transform_matrix": [
                [
                    -0.9484970569610596,
                    -0.06957833468914032,
                    0.30891284346580505,
                    1.24531888961792
                ],
                [
                    0.3166506290435791,
                    -0.20841529965400696,
                    0.925319254398346,
                    3.7302350997924805
                ],
                [
                    -7.450261740871156e-09,
                    0.9755571484565735,
                    0.21971479058265686,
                    0.8857351541519165
                ],
                [
                    0.0,
                    0.0,
                    0.0,
                    1.0
                ]
            ]
        },
        {
            "file_path": "./train/r_43",
            "rotation": 0.06283185307179587,
            "transform_matrix": [
                [
                    -0.30319109559059143,
                    0.94232177734375,
                    -0.14172685146331787,
                    -0.5713428258895874
                ],
                [
                    -0.9528847932815552,
                    -0.2998301386833191,
                    0.04509497806429863,
                    0.18179118633270264
                ],
                [
                    0.0,
                    0.14873367547988892,
                    0.9888363480567932,
                    3.9862914085388184
                ],
                [
                    0.0,
                    0.0,
                    0.0,
                    1.0
                ]
            ]
        },
        {
            "file_path": "./train/r_44",
            "rotation": 0.06283185307179587,
