{
    "camera_angle_x": 0.6911112070083618,
    "frames": [
        {
            "file_path": "./train/r_0",
            "rotation": 0.06283185307179587,
            "transform_matrix": [
                [
                    -0.8000703454017639,
                    -0.1598329395055771,
                    0.5781505703926086,
                    2.330695390701294
                ],
                [
                    0.5998346209526062,
                    -0.21318811178207397,
                    0.7711477875709534,
                    3.1087241172790527
                ],
                [
                    0.0,
                    0.9638434052467346,
                    0.26644062995910645,
                    1.0741007328033447
                ],
                [
                    0.0,
                    0.0,
                    0.0,
                    1.0
                ]
            ]
        },
        {
            "file_path": "./train/r_1",
            "rotation": 0.06283185307179587,
            "transform_matrix": [
                [
                    0.8430062532424927,
                    0.2064003348350525,
                    -0.49664634466171265,
                    -2.0021278858184814
                ],
                [
                    -0.5378239750862122,
                    0.3235199451446533,
                    -0.778462827205658,
                    -3.1382131576538086
                ],
                [
                    1.4900521705385472e-08,
                    0.923430323600769,
                    0.3837389349937439,
                    1.5469648838043213
                ],
                [
                    0.0,
                    0.0,
                    0.0,
                    1.0
                ]
            ]
        },
        {
            "file_path": "./train/r_2",
            "rotation": 0.06283185307179587,
            "transform_matrix": [
                [
                    -0.9993982315063477,
                    0.005385684315115213,
                    -0.03298918157815933,
                    -0.13298913836479187
                ],
                [
                    -0.03342582657933235,
                    -0.1610264927148819,
                    0.9863429665565491,
                    3.9762399196624756
                ],
                [
                    -4.6564124778214477e-10,
                    0.9869303703308105,
                    0.16111066937446594,
                    0.6494847536087036
                ],
                [
                    0.0,
                    0.0,
                    0.0,
                    1.0
                ]
            ]
        },
        {
            "file_path": "./train/r_3",
            "rotation": 0.06283185307179587,
            "transform_matrix": [
                [
                    0.8044167160987854,
                    -0.14978621900081635,
                    0.5747998952865601,
                    2.317188024520874
                ],
                [
                    0.5939933657646179,
                    0.20284828543663025,
                    -0.7784239053726196,
                    -3.138056755065918
                ],
                [
                    -7.450261740871156e-09,
                    0.9676810503005981,
                    0.25214824080467224,
                    1.016484022140503
                ],
                [
                    0.0,
                    0.0,
                    0.0,
                    1.0
                ]
            ]
        },
        {
            "file_path": "./train/r_4",
            "rotation": 0.06283185307179587,
            "transform_matrix": [
                [
                    0.5895968675613403,
                    -0.32952630519866943,
                    0.7373683452606201,
                    2.9725496768951416
                ],
                [
                    0.8076446056365967,
                    0.2405608594417572,
                    -0.5382937788963318,
                    -2.1700212955474854
                ],
                [
                    0.0,
                    0.9129801988601685,
                    0.40797674655914307,
                    1.6446747779846191
                ],
                [
                    0.0,
                    0.0,
                    0.0,
                    1.0
                ]
            ]
        },
        {
            "file_path": "./train/r_5",
            "rotation": 0.06283185307179587,
            "transform_matrix": [
                [
                    0.06706234067678452,
                    0.5674852728843689,
                    -0.820611834526062,
                    -3.308128833770752
                ],
                [
                    -0.9977058172225952,
                    0.03814440220594406,
                    -0.055158693343400955,
                    -0.2223609983921051
                ],
                [
                    3.725130870435578e-09,
                    0.8224934935569763,
                    0.5687451362609863,
                    2.2927796840667725
                ],
                [
                    0.0,
                    0.0,
                    0.0,
                    1.0
                ]
            ]
        },
        {
            "file_path": "./train/r_6",
            "rotation": 0.06283185307179587,
            "transform_matrix": [
                [
                    -0.7169519066810608,
                    -0.2810262143611908,
                    0.6379072666168213,
                    2.5715925693511963
                ],
                [
                    0.6970610618591309,
                    -0.28904539346694946,
                    0.6561101675033569,
                    2.6449739933013916
                ],
                [
                    -1.4900521705385472e-08,
                    0.9151321053504944,
                    0.4031267762184143,
                    1.625123143196106
                ],
                [
                    0.0,
                    0.0,
                    0.0,
                    1.0
                ]
            ]
        },
        {
            "file_path": "./train/r_7",
            "rotation": 0.06283185307179587,
            "transform_matrix": [
                [
                    -0.23093314468860626,
                    0.7772967219352722,
                    -0.5851844549179077,
                    -2.359051465988159
                ],
                [
                    -0.9729254841804504,
                    -0.18449878692626953,
                    0.13889910280704498,
                    0.5599433779716492
                ],
                [
                    0.0,
                    0.6014649271965027,
                    0.7988638877868652,
                    3.22045636177063
                ],
                [
                    0.0,
                    0.0,
                    0.0,
                    1.0
                ]
            ]
        },
        {
            "file_path": "./train/r_8",
            "rotation": 0.06283185307179587,
            "transform_matrix": [
                [
                    -0.9029567241668701,
                    0.29757028818130493,
                    -0.30990681052207947,
                    -1.2493258714675903
                ],
                [
                    -0.4296315312385559,
                    -0.6254035830497742,
                    0.6513312458992004,
                    2.6257083415985107
                ],
                [
                    -1.4900519929028633e-08,
                    0.7213267087936401,
                    0.6925625801086426,
                    2.791923999786377
                ],
                [
                    0.0,
                    0.0,
                    0.0,
                    1.0
                ]
            ]
        },
        {
            "file_path": "./train/r_9",
            "rotation": 0.06283185307179587,
            "transform_matrix": [
                [
                    0.45978695154190063,
                    -0.46028825640678406,
                    0.7593832015991211,
                    3.06129789352417
                ],
                [
                    0.8879809975624084,
                    0.23833228647708893,
                    -0.3932003974914551,
                    -1.5851069688796997
                ],
                [
                    -1.4900521705385472e-08,
                    0.8551739454269409,
                    0.5183126926422119,
                    2.0894715785980225
                ],
                [
                    0.0,
                    0.0,
                    0.0,
                    1.0
                ]
            ]
        },
        {
            "file_path": "./train/r_10",
            "rotation": 0.06283185307179587,
            "transform_matrix": [
                [
                    -0.995254635810852,
                    -0.06491303443908691,
                    0.07189655303955078,
                    0.28983625769615173
                ],
                [
                    0.09686322510242462,
                    -0.6669713854789734,
                    0.7387260794639587,
                    2.978023052215576
                ],
                [
                    -3.725130870435578e-09,
                    0.7422434091567993,
                    0.6700985431671143,
                    2.7013652324676514
                ],
                [
                    0.0,
                    0.0,
                    0.0,
                    1.0
                ]
            ]
        },
        {
            "file_path": "./train/r_11",
            "rotation": 0.06283185307179587,
            "transform_matrix": [
                [
                    -0.9319004416465759,
                    0.1703028529882431,
                    -0.32011744379997253,
                    -1.2904880046844482
                ],
                [
                    -0.362595796585083,
                    -0.4376920461654663,
                    0.8227276802062988,
                    3.3166582584381104
                ],
                [
                    0.0,
                    0.8828434348106384,
                    0.4696396291255951,
                    1.8932560682296753
                ],
                [
                    0.0,
                    0.0,
                    0.0,
                    1.0
                ]
            ]
        },
        {
            "file_path": "./train/r_12",
            "rotation": 0.06283185307179587,
            "transform_matrix": [
                [
                    0.9637179970741272,
                    0.0466463528573513,
                    -0.2626524567604065,
                    -1.058829665184021
                ],
                [
                    -0.2667617201805115,
                    0.16851717233657837,
                    -0.9488726258277893,
                    -3.825186014175415
                ],
                [
                    0.0,
                    0.984589159488678,
                    0.17484764754772186,
                    0.7048625349998474
                ],
                [
                    0.0,
                    0.0,
                    0.0,
                    1.0
                ]
            ]
        },
        {
            "file_path": "./train/r_13",
            "rotation": 0.06283185307179587,
            "transform_matrix": [
                [
                    -0.9042344689369202,
                    0.27545610070228577,
                    -0.3261968493461609,
                    -1.3149958848953247
                ],
                [
                    -0.42693600058555603,
                    -0.5834056735038757,
                    0.6908726692199707,
                    2.785111904144287
                ],
                [
                    0.0,
                    0.7640365362167358,
                    0.6451417803764343,
                    2.600757122039795
                ],
                [
                    0.0,
                    0.0,
                    0.0,
                    1.0
                ]
            ]
        },
        {
            "file_path": "./train/r_14",
            "rotation": 0.06283185307179587,
            "transform_matrix": [
                [
                    -0.9869877696037292,
                    0.0467369444668293,
                    -0.1535746157169342,
                    -0.6191046833992004
                ],
                [
                    -0.16052807867527008,
                    -0.28735655546188354,
                    0.9442353248596191,
                    3.8064913749694824
                ],
                [
                    0.0,
                    0.9566774964332581,
                    0.2911219000816345,
                    1.1735984086990356
                ],
                [
                    0.0,
                    0.0,
                    0.0,
                    1.0
                ]
            ]
        },
        {
            "file_path": "./train/r_15",
            "rotation": 0.06283185307179587,
            "transform_matrix": [
                [
                    0.971992552280426,
                    0.2214755266904831,
                    -0.07808414846658707,
                    -0.31478023529052734
                ],
                [
                    -0.23482933640480042,
                    0.9167191982269287,
                    -0.32320159673690796,
                    -1.3029210567474365
                ],
                [
                    0.0,
                    0.3325122892856598,
                    0.9430593848228455,
                    3.801750898361206
                ],
                [
                    0.0,
                    0.0,
                    0.0,
                    1.0
                ]
            ]
        },
        {
            "file_path": "./train/r_16",
            "rotation": 0.06283185307179587,
            "transform_matrix": [
                [
                    0.7080732583999634,
                    0.5235308408737183,
                    -0.4737966060638428,
                    -1.9100141525268555
                ],
                [
                    -0.706078052520752,
                    0.5250102281570435,
                    -0.47513547539711,
                    -1.9154115915298462
                ],
                [
                    -1.4900522593563892e-08,
                    0.6710213422775269,
                    0.7414042949676514,
                    2.9888198375701904
                ],
                [
                    0.0,
                    0.0,
                    0.0,
                    1.0
                ]
            ]
        },
        {
            "file_path": "./train/r_17",
            "rotation": 0.06283185307179587,
            "transform_matrix": [
                [
                    0.6013025045394897,
                    -0.21856430172920227,
                    0.7684950232505798,
                    3.0980305671691895
                ],
                [
                    0.798967719078064,
                    0.16449131071567535,
                    -0.5783687829971313,
                    -2.331575393676758
                ],
                [
                    0.0,
                    0.9618535041809082,
                    0.27353668212890625,
                    1.1027071475982666
                ],
                [
                    0.0,
                    0.0,
                    0.0,
                    1.0
                ]
            ]
        },
        {
            "file_path": "./train/r_18",
            "rotation": 0.06283185307179587,
            "transform_matrix": [
                [
                    0.6522563099861145,
                    0.7510077357292175,
                    -0.10249866545200348,
                    -0.4132024049758911
                ],
                [
                    -0.7579419016838074,
                    0.646289050579071,
                    -0.08820650726556778,
                    -0.3555864989757538
                ],
                [
                    -7.450260408603526e-09,
                    0.13523215055465698,
                    0.9907729029655457,
                    3.994098424911499
                ],
                [
                    0.0,
                    0.0,
                    0.0,
                    1.0
                ]
            ]
        },
        {
            "file_path": "./train/r_19",
            "rotation": 0.06283185307179587,
            "transform_matrix": [
                [
                    -0.4165583848953247,
                    0.8912186622619629,
                    -0.1793956309556961,
                    -0.7231967449188232
                ],
                [
                    -0.9090617895126343,
                    -0.4083821475505829,
                    0.08220426738262177,
                    0.3313896656036377
                ],
                [
                    7.450261740871156e-09,
                    0.19734008610248566,
                    0.980294406414032,
                    3.9518561363220215
                ],
                [
                    0.0,
                    0.0,
                    0.0,
                    1.0
                ]
            ]
        },
        {
            "file_path": "./train/r_20",
            "rotation": 0.06283185307179587,
            "transform_matrix": [
                [
                    -0.4091634750366211,
                    0.2090817540884018,
                    -0.8881385922431946,
                    -3.5803487300872803
                ],
                [
                    -0.912414014339447,
                    -0.09376072883605957,
                    0.3982773721218109,
                    1.6055735349655151
                ],
                [
                    0.0,
                    0.9733876585960388,
                    0.22913414239883423,
                    0.9237073063850403
                ],
                [
                    0.0,
                    0.0,
                    0.0,
                    1.0
                ]
            ]
        },
        {
            "file_path": "./train/r_21",
            "rotation": 0.06283185307179587,
            "transform_matrix": [
                [
                    0.7337222695350647,
                    -0.1443677693605423,
                    0.663872480392456,
                    2.6762661933898926
                ],
                [
                    0.67938631772995,
                    0.15591402351856232,
                    -0.7169677019119263,
                    -2.8903086185455322
                ],
                [
                    0.0,
                    0.9771585464477539,
                    0.21248050034046173,
                    0.8565716743469238
                ],
                [
                    0.0,
                    0.0,
                    0.0,
                    1.0
                ]
            ]
        },
        {
            "file_path": "./train/r_22",
            "rotation": 0.06283185307179587,
            "transform_matrix": [
                [
                    0.6712417602539062,
                    -0.19549641013145447,
                    0.7149366140365601,
                    2.8821208477020264
                ],
                [
                    0.7411805987358093,
                    0.17704908549785614,
                    -0.6474741697311401,
                    -2.6101596355438232
                ],
                [
                    -1.4900521705385472e-08,
                    0.9645851850509644,
                    0.2637426257133484,
                    1.0632245540618896
                ],
                [
                    0.0,
                    0.0,
                    0.0,
                    1.0
                ]
            ]
        },
        {
            "file_path": "./train/r_23",
            "rotation": 0.06283185307179587,
            "transform_matrix": [
                [
                    -0.407429963350296,
                    0.7239768505096436,
                    -0.5566085577011108,
                    -2.2438535690307617
                ],
                [
                    -0.9131895303726196,
                    -0.32301056385040283,
                    0.2483372837305069,
                    1.001120924949646
                ],
                [
                    0.0,
                    0.6095173954963684,
                    0.792737603187561,
                    3.1957592964172363
                ],
                [
                    0.0,
                    0.0,
                    0.0,
                    1.0
                ]
            ]
        },
        {
            "file_path": "./train/r_24",
            "rotation": 0.06283185307179587,
            "transform_matrix": [
                [
                    0.45097947120666504,
                    0.37579166889190674,
                    -0.809521496295929,
                    -3.263420343399048
                ],
                [
                    -0.8924860954284668,
                    0.18989019095897675,
                    -0.4090569019317627,
                    -1.64902925491333
                ],
                [
                    0.0,
                    0.9070348143577576,
                    0.4210282862186432,
                    1.6972894668579102
                ],
                [
                    0.0,
                    0.0,
                    0.0,
                    1.0
                ]
            ]
        },
        {
            "file_path": "./train/r_25",
            "rotation": 0.06283185307179587,
            "transform_matrix": [
                [
                    -0.6512002348899841,
                    0.28597864508628845,
                    -0.7029057741165161,
                    -2.833620548248291
                ],
                [
                    -0.7588495016098022,
                    -0.24541014432907104,
                    0.6031926870346069,
                    2.431647777557373
                ],
                [
                    1.4900523481742312e-08,
                    0.926271915435791,
                    0.3768284022808075,
                    1.5191066265106201
                ],
                [
                    0.0,
                    0.0,
                    0.0,
                    1.0
                ]
            ]
        },
        {
            "file_path": "./train/r_26",
            "rotation": 0.06283185307179587,
            "transform_matrix": [
                [
                    -0.9486921429634094,
                    -0.17056146264076233,
                    0.26609915494918823,
                    1.0727243423461914
                ],
                [
                    0.3160657584667206,
                    -0.5119513869285583,
                    0.7987140417098999,
                    3.2198524475097656
                ],
                [
                    0.0,
                    0.8419052362442017,
                    0.539596438407898,
                    2.1752727031707764
                ],
                [
                    0.0,
                    0.0,
                    0.0,
                    1.0
                ]
            ]
        },
        {
            "file_path": "./train/r_27",
            "rotation": 0.06283185307179587,
            "transform_matrix": [
                [
                    -0.04091859236359596,
                    0.5126726031303406,
                    -0.8575716018676758,
                    -3.4571239948272705
                ],
                [
                    -0.9991194605827332,
                    -0.020996328443288803,
                    0.03512154892086983,
                    0.1415853202342987
                ],
                [
                    0.0,
                    0.8583215475082397,
                    0.513083815574646,
                    2.068392276763916
                ],
                [
                    0.0,
                    0.0,
                    0.0,
                    1.0
                ]
            ]
        },
        {
            "file_path": "./train/r_28",
            "rotation": 0.06283185307179587,
            "transform_matrix": [
                [
                    -0.5508775115013123,
                    -0.4075082242488861,
                    0.7282853126525879,
                    2.9359331130981445
                ],
                [
                    0.8345345854759216,
                    -0.2689967453479767,
                    0.4807421565055847,
                    1.9380135536193848
                ],
                [
                    1.4900520817207052e-08,
                    0.8726785182952881,
                    0.4882672429084778,
                    1.9683494567871094
                ],
                [
                    0.0,
                    0.0,
                    0.0,
                    1.0
                ]
            ]
        },
        {
            "file_path": "./train/r_29",
            "rotation": 0.06283185307179587,
            "transform_matrix": [
                [
                    -0.8021097183227539,
                    0.49532467126846313,
                    -0.3334767520427704,
                    -1.3443433046340942
                ],
                [
                    -0.5971049070358276,
                    -0.6653850078582764,
                    0.4479697048664093,
                    1.8058980703353882
                ],
                [
                    -1.4900522593563892e-08,
                    0.5584855675697327,
                    0.8294780254364014,
                    3.3438708782196045
                ],
                [
                    0.0,
                    0.0,
                    0.0,
                    1.0
                ]
            ]
        },
        {
            "file_path": "./train/r_30",
            "rotation": 0.06283185307179587,
            "transform_matrix": [
                [
                    -0.789463996887207,
                    0.36450985074043274,
                    -0.4937655031681061,
                    -1.9905145168304443
                ],
                [
                    -0.6137270927429199,
                    -0.4688849151134491,
                    0.6351521015167236,
                    2.56048583984375
                ],
                [
                    0.0,
                    0.8045305609703064,
                    0.5938811898231506,
                    2.3941104412078857
                ],
                [
                    0.0,
                    0.0,
                    0.0,
                    1.0
                ]
            ]
        },
        {
            "file_path": "./train/r_31",
            "rotation": 0.06283185307179587,
            "transform_matrix": [
                [
                    -0.9313763976097107,
                    0.28176382184028625,
                    -0.23036371171474457,
                    -0.9286642074584961
                ],
                [
                    -0.36393967270851135,
                    -0.7210760116577148,
                    0.5895354151725769,
                    2.376591444015503
                ],
                [
                    0.0,
                    0.6329681277275085,
                    0.7741432785987854,
                    3.120800495147705
                ],
                [
                    0.0,
                    0.0,
                    0.0,
                    1.0
                ]
            ]
        },
        {
            "file_path": "./train/r_32",
            "rotation": 0.06283185307179587,
            "transform_matrix": [
                [
                    -0.9518006443977356,
                    -0.1530895233154297,
                    0.2656225860118866,
                    1.0708030462265015
                ],
                [
                    0.30657750368118286,
                    -0.47528183460235596,
                    0.8246520161628723,
                    3.324415922164917
                ],
                [
                    1.4900521705385472e-08,
                    0.8664067983627319,
                    0.4993106424808502,
                    2.012868642807007
                ],
                [
                    0.0,
                    0.0,
                    0.0,
                    1.0
                ]
            ]
        },
        {
            "file_path": "./train/r_33",
            "rotation": 0.06283185307179587,
            "transform_matrix": [
                [
                    -0.32691410183906555,
                    -0.8084131479263306,
                    0.4894484579563141,
                    1.9731112718582153
                ],
                [
                    0.9450087547302246,
                    -0.27966055274009705,
                    0.16931866109371185,
                    0.6825734972953796
                ],
                [
                    0.0,
                    0.5179267525672913,
                    0.8553880453109741,
                    3.448322057723999
                ],
                [
                    0.0,
                    0.0,
                    0.0,
                    1.0
                ]
            ]
        },
        {
            "file_path": "./train/r_34",
            "rotation": 0.06283185307179587,
            "transform_matrix": [
                [
                    0.1783025562763214,
                    0.25071147084236145,
                    -0.951458752155304,
                    -3.835611343383789
                ],
                [
                    -0.9839320778846741,
                    0.04543250799179077,
                    -0.17241792380809784,
                    -0.6950675845146179
                ],
                [
                    3.725130648390973e-09,
                    0.9669898748397827,
                    0.2547855079174042,
                    1.0271157026290894
                ],
                [
                    0.0,
                    0.0,
                    0.0,
                    1.0
                ]
            ]
        },
        {
            "file_path": "./train/r_35",
            "rotation": 0.06283185307179587,
            "transform_matrix": [
                [
                    0.996239960193634,
                    0.061051901429891586,
                    -0.0607723630964756,
                    -0.24499134719371796
                ],
                [
                    -0.08614128828048706,
                    0.7060765027999878,
                    -0.7028436064720154,
                    -2.8333702087402344
                ],
                [
                    0.0,
                    0.7054917216300964,
                    0.7086853384971619,
                    2.856920003890991
                ],
                [
                    0.0,
                    0.0,
                    0.0,
                    1.0
                ]
            ]
        },
        {
            "file_path": "./train/r_36",
            "rotation": 0.06283185307179587,
            "transform_matrix": [
                [
                    -0.7340688109397888,
                    0.5072802305221558,
                    -0.45138031244277954,
                    -1.8196473121643066
                ],
                [
                    -0.6790120601654053,
                    -0.5484123229980469,
                    0.4879798889160156,
                    1.9671909809112549
                ],
                [
                    0.0,
                    0.6647559404373169,
                    0.7470267415046692,
                    3.0114853382110596
                ],
                [
                    0.0,
                    0.0,
                    0.0,
                    1.0
                ]
            ]
        },
        {
            "file_path": "./train/r_37",
            "rotation": 0.06283185307179587,
            "transform_matrix": [
                [
                    0.6567159295082092,
                    0.47923973202705383,
                    -0.5822252035140991,
                    -2.3471217155456543
                ],
                [
                    -0.7540811896324158,
                    0.41736137866973877,
                    -0.5070496201515198,
                    -2.0440666675567627
                ],
                [
                    0.0,
                    0.7720935940742493,
                    0.6354777216911316,
                    2.561798334121704
                ],
                [
                    0.0,
                    0.0,
                    0.0,
                    1.0
                ]
            ]
        },
        {
            "file_path": "./train/r_38",
            "rotation": 0.06283185307179587,
            "transform_matrix": [
                [
                    0.3456313908100128,
                    0.3545863926410675,
                    -0.8687540888786316,
                    -3.502203941345215
                ],
                [
                    -0.9383245706558228,
                    0.13061170279979706,
                    -0.3200050890445709,
                    -1.2900350093841553
                ],
                [
                    -7.450259964514316e-09,
                    0.9258504509925842,
                    0.37786319851875305,
                    1.523277997970581
                ],
                [
                    0.0,
                    0.0,
                    0.0,
                    1.0
                ]
            ]
        },
        {
            "file_path": "./train/r_39",
            "rotation": 0.06283185307179587,
            "transform_matrix": [
                [
                    -0.9123594760894775,
                    0.06570816040039062,
                    -0.4039773941040039,
                    -1.6285521984100342
                ],
                [
                    -0.4092853367328644,
                    -0.14647352695465088,
                    0.90052729845047,
                    3.630291700363159
                ],
                [
                    -3.725130870435578e-09,
                    0.98702472448349,
                    0.1605309396982193,
                    0.6471476554870605
                ],
                [
                    0.0,
                    0.0,
                    0.0,
                    1.0
                ]
            ]
        },
        {
            "file_path": "./train/r_40",
            "rotation": 0.06283185307179587,
            "transform_matrix": [
                [
                    -0.95247882604599,
                    0.046163834631443024,
                    -0.30094483494758606,
                    -1.2131975889205933
                ],
                [
                    -0.3044642210006714,
                    -0.144417867064476,
                    0.9414688944816589,
                    3.7953391075134277
                ],
                [
                    0.0,
                    0.9884343147277832,
                    0.15161119401454926,
                    0.6111894845962524
                ],
                [
                    0.0,
                    0.0,
                    0.0,
                    1.0
                ]
            ]
        },
        {
            "file_path": "./train/r_41",
            "rotation": 0.06283185307179587,
            "transform_matrix": [
                [
                    -0.5774074196815491,
                    0.2081756740808487,
                    -0.7894194722175598,
                    -3.182382822036743
                ],
                [
                    -0.8164036870002747,
                    -0.1472337692975998,
                    0.5583226680755615,
                    2.250763416290283
                ],
                [
                    0.0,
                    0.9669411182403564,
                    0.2549709379673004,
                    1.0278631448745728
                ],
                [
                    0.0,
                    0.0,
                    0.0,
                    1.0
                ]
            ]
        },
        {
            "file_path": "./train/r_42",
            "rotation": 0.06283185307179587,
            "transform_matrix": [
                [
                    0.77232426404953,
                    0.5765705704689026,
                    -0.26649805903434753,
                    -1.074332356452942
                ],
                [
                    -0.6351609230041504,
                    0.7010812163352966,
                    -0.3240484297275543,
                    -1.3063349723815918
                ],
                [
                    0.0,
                    0.4195728898048401,
                    0.9076831936836243,
                    3.6591391563415527
                ],
                [
                    0.0,
                    0.0,
                    0.0,
                    1.0
                ]
            ]
        },
        {
            "file_path": "./train/r_43",
            "rotation": 0.06283185307179587,
            "transform_matrix": [
                [
                    -0.3008895516395569,
                    -0.781040608882904,
                    0.547176718711853,
                    2.2058310508728027
                ],
                [
                    0.9536139965057373,
                    -0.24643824994564056,
                    0.17264820635318756,
                    0.6959959268569946
                ],
                [
                    0.0,
                    0.5737888216972351,
                    0.8189674019813538,
                    3.301499605178833
                ],
                [
                    0.0,
                    0.0,
                    0.0,
                    1.0
                ]
            ]
        },
        {
            "file_path": "./train/r_44",
