{
    "camera_angle_x": 0.6911112070083618,
    "frames": [
        {
            "file_path": "./train/r_0",
            "rotation": 0.06283185307179587,
            "transform_matrix": [
                [
                    0.9931315183639526,
                    -0.09527606517076492,
                    0.06728412210941315,
                    0.2712421715259552
                ],
                [
                    0.11663608253002167,
                    0.8112555146217346,
                    -0.5729100704193115,
                    -2.3095695972442627
                ],
                [
                    -3.725129982257158e-09,
                    0.57686847448349,
                    0.8168014287948608,
                    3.2927675247192383
                ],
                [
                    0.0,
                    0.0,
                    0.0,
                    1.0
                ]
            ]
        },
        {
            "file_path": "./train/r_1",
            "rotation": 0.06283185307179587,
            "transform_matrix": [
                [
                    -0.07066864520311356,
                    0.4283367395401001,
                    -0.900813102722168,
                    -3.631443738937378
                ],
                [
                    -0.9974567890167236,
                    -0.030347157269716263,
                    0.06382155418395996,
                    0.2572835385799408
                ],
                [
                    0.0,
                    0.9031038284301758,
                    0.42939481139183044,
                    1.7310173511505127
                ],
                [
                    0.0,
                    0.0,
                    0.0,
                    1.0
                ]
            ]
        },
        {
            "file_path": "./train/r_2",
            "rotation": 0.06283185307179587,
            "transform_matrix": [
                [
                    0.8003594875335693,
                    0.23696497082710266,
                    -0.5506284236907959,
                    -2.2197458744049072
                ],
                [
                    -0.5994487404823303,
                    0.316385954618454,
                    -0.7351766228675842,
                    -2.963714122772217
                ],
                [
                    1.4900519929028633e-08,
                    0.9185518622398376,
                    0.39527344703674316,
                    1.5934640169143677
                ],
                [
                    0.0,
                    0.0,
                    0.0,
                    1.0
                ]
            ]
        },
        {
            "file_path": "./train/r_3",
            "rotation": 0.06283185307179587,
            "transform_matrix": [
                [
                    0.7696428298950195,
                    0.13004711270332336,
                    -0.6250235438346863,
                    -2.5196545124053955
                ],
                [
                    -0.6384075284004211,
                    0.1567804515361786,
                    -0.7535075545310974,
                    -3.037611484527588
                ],
                [
                    -7.450261296781946e-09,
                    0.9790289402008057,
                    0.2036893367767334,
                    0.8211319446563721
                ],
                [
                    0.0,
                    0.0,
                    0.0,
                    1.0
                ]
            ]
        },
        {
            "file_path": "./train/r_4",
            "rotation": 0.06283185307179587,
            "transform_matrix": [
                [
                    0.9197476506233215,
                    0.09539633244276047,
                    -0.3806299567222595,
                    -1.5344316959381104
                ],
                [
                    -0.3924008905887604,
                    0.22359925508499146,
                    -0.8921577334403992,
                    -3.5965511798858643
                ],
                [
                    0.0,
                    0.9699963331222534,
                    0.24309010803699493,
                    0.9799680113792419
                ],
                [
                    0.0,
                    0.0,
                    0.0,
                    1.0
                ]
            ]
        },
        {
            "file_path": "./train/r_5",
            "rotation": 0.06283185307179587,
            "transform_matrix": [
                [
                    0.1607641726732254,
                    -0.7118814587593079,
                    0.6836180686950684,
                    2.755866289138794
                ],
                [
                    0.9869494438171387,
                    0.11595835536718369,
                    -0.1113545373082161,
                    -0.44890299439430237
                ],
                [
                    0.0,
                    0.6926530003547668,
                    0.72123783826828,
                    2.907522678375244
                ],
                [
                    0.0,
                    0.0,
                    0.0,
                    1.0
                ]
            ]
        },
        {
            "file_path": "./train/r_6",
            "rotation": 0.06283185307179587,
            "transform_matrix": [
                [
                    0.9614576697349548,
                    0.23145906627178192,
                    -0.14813581109046936,
                    -0.5971792340278625
                ],
                [
                    -0.2747969925403595,
                    0.8098272085189819,
                    -0.518296480178833,
                    -2.0894062519073486
                ],
                [
                    0.0,
                    0.5390700697898865,
                    0.8422243595123291,
                    3.3952553272247314
                ],
                [
                    0.0,
                    0.0,
                    0.0,
                    1.0
                ]
            ]
        },
        {
            "file_path": "./train/r_7",
            "rotation": 0.06283185307179587,
            "transform_matrix": [
                [
                    -0.4698362350463867,
                    -0.5761797428131104,
                    0.6687387228012085,
                    2.6958835124969482
                ],
                [
                    0.88270503282547,
                    -0.30668243765830994,
                    0.35594868659973145,
                    1.434934377670288
                ],
                [
                    0.0,
                    0.7575966119766235,
                    0.6526915431022644,
                    2.631192684173584
                ],
                [
                    0.0,
                    0.0,
                    0.0,
                    1.0
                ]
            ]
        },
        {
            "file_path": "./train/r_8",
            "rotation": 0.06283185307179587,
            "transform_matrix": [
                [
                    -0.4871506690979004,
                    0.27749183773994446,
                    -0.8280125856399536,
                    -3.337963104248047
                ],
                [
                    -0.8732688426971436,
                    -0.15479807555675507,
                    0.4619045853614807,
                    1.8620736598968506
                ],
                [
                    0.0,
                    0.9481697082519531,
                    0.31773704290390015,
                    1.2808918952941895
                ],
                [
                    0.0,
                    0.0,
                    0.0,
                    1.0
                ]
            ]
        },
        {
            "file_path": "./train/r_9",
            "rotation": 0.06283185307179587,
            "transform_matrix": [
                [
                    -0.41777530312538147,
                    -0.4425711929798126,
                    0.7934264540672302,
                    3.1985363960266113
                ],
                [
                    0.9085031747817993,
                    -0.2035164088010788,
                    0.3648572266101837,
                    1.4708473682403564
                ],
                [
                    1.4900522593563892e-08,
                    0.873327910900116,
                    0.48710474371910095,
                    1.963663101196289
                ],
                [
                    0.0,
                    0.0,
                    0.0,
                    1.0
                ]
            ]
        },
        {
            "file_path": "./train/r_10",
            "rotation": 0.06283185307179587,
            "transform_matrix": [
                [
                    0.7262715101242065,
                    -0.687342643737793,
                    0.006299420725554228,
                    0.025394827127456665
                ],
                [
                    0.6873454451560974,
                    0.7262685298919678,
                    -0.006656172685325146,
                    -0.026832997798919678
                ],
                [
                    0.0,
                    0.00916355662047863,
                    0.999916672706604,
                    4.030959606170654
                ],
                [
                    0.0,
                    0.0,
                    0.0,
                    1.0
                ]
            ]
        },
        {
            "file_path": "./train/r_11",
            "rotation": 0.06283185307179587,
            "transform_matrix": [
                [
                    0.9775565266609192,
                    0.08627282083034515,
                    -0.19197678565979004,
                    -0.7739151120185852
                ],
                [
                    -0.21046949923038483,
                    0.40070685744285583,
                    -0.891664445400238,
                    -3.5945627689361572
                ],
                [
                    0.0,
                    0.912129819393158,
                    0.4098741412162781,
                    1.6523237228393555
                ],
                [
                    0.0,
                    0.0,
                    0.0,
                    1.0
                ]
            ]
        },
        {
            "file_path": "./train/r_12",
            "rotation": 0.06283185307179587,
            "transform_matrix": [
                [
                    -0.9378215074539185,
                    0.2158985584974289,
                    -0.27165552973747253,
                    -1.0951237678527832
                ],
                [
                    -0.34699445962905884,
                    -0.5835086703300476,
                    0.734203040599823,
                    2.959789514541626
                ],
                [
                    0.0,
                    0.782876193523407,
                    0.622146725654602,
                    2.508057117462158
                ],
                [
                    0.0,
                    0.0,
                    0.0,
                    1.0
                ]
            ]
        },
        {
            "file_path": "./train/r_13",
            "rotation": 0.06283185307179587,
            "transform_matrix": [
                [
                    -0.1512368768453598,
                    0.8849471807479858,
                    -0.44042035937309265,
                    -1.7754642963409424
                ],
                [
                    -0.9884541630744934,
                    -0.1353999525308609,
                    0.06738582253456116,
                    0.27165213227272034
                ],
                [
                    3.725130426346368e-09,
                    0.4455617070198059,
                    0.8952131867408752,
                    3.608868360519409
                ],
                [
                    0.0,
                    0.0,
                    0.0,
                    1.0
                ]
            ]
        },
        {
            "file_path": "./train/r_14",
            "rotation": 0.06283185307179587,
            "transform_matrix": [
                [
                    -0.7274513840675354,
                    -0.6014761328697205,
                    0.33012545108795166,
                    1.3308333158493042
                ],
                [
                    0.6860966682434082,
                    -0.6377303004264832,
                    0.35002389550209045,
                    1.411049723625183
                ],
                [
                    0.0,
                    0.4811614155769348,
                    0.8765943646430969,
                    3.533811092376709
                ],
                [
                    0.0,
                    0.0,
                    0.0,
                    1.0
                ]
            ]
        },
        {
            "file_path": "./train/r_15",
            "rotation": 0.06283185307179587,
            "transform_matrix": [
                [
                    0.4710463881492615,
                    -0.2286570817232132,
                    0.8519106507301331,
                    3.4343035221099854
                ],
                [
                    0.8820598721504211,
                    0.12210971862077713,
                    -0.45494577288627625,
                    -1.8340208530426025
                ],
                [
                    7.450261740871156e-09,
                    0.965813159942627,
                    0.2592102587223053,
                    1.0449531078338623
                ],
                [
                    0.0,
                    0.0,
                    0.0,
                    1.0
                ]
            ]
        },
        {
            "file_path": "./train/r_16",
            "rotation": 0.06283185307179587,
            "transform_matrix": [
                [
                    0.9517883062362671,
                    0.28752440214157104,
                    -0.10653319209814072,
                    -0.42946675419807434
                ],
                [
                    -0.3066158890724182,
                    0.8925250172615051,
                    -0.33069726824760437,
                    -1.333138346672058
                ],
                [
                    0.0,
                    0.3474460542201996,
                    0.9376606345176697,
                    3.77998685836792
                ],
                [
                    0.0,
                    0.0,
                    0.0,
                    1.0
                ]
            ]
        },
        {
            "file_path": "./train/r_17",
            "rotation": 0.06283185307179587,
            "transform_matrix": [
                [
                    0.9287709593772888,
                    0.16118593513965607,
                    -0.333646684885025,
                    -1.345028281211853
                ],
                [
                    -0.3705383539199829,
                    0.4040197432041168,
                    -0.836300253868103,
                    -3.371373414993286
                ],
                [
                    0.0,
                    0.9004315733909607,
                    0.43497028946876526,
                    1.7534937858581543
                ],
                [
                    0.0,
                    0.0,
                    0.0,
                    1.0
                ]
            ]
        },
        {
            "file_path": "./train/r_18",
            "rotation": 0.06283185307179587,
            "transform_matrix": [
                [
                    0.3532785475254059,
                    0.66816246509552,
                    -0.6547538042068481,
                    -2.6395061016082764
                ],
                [
                    -0.9354721903800964,
                    0.2523297369480133,
                    -0.2472659796476364,
                    -0.9968022108078003
                ],
                [
                    0.0,
                    0.6999132633209229,
                    0.7141948938369751,
                    2.8791306018829346
                ],
                [
                    0.0,
                    0.0,
                    0.0,
                    1.0
                ]
            ]
        },
        {
            "file_path": "./train/r_19",
            "rotation": 0.06283185307179587,
            "transform_matrix": [
                [
                    -0.7270348072052002,
                    0.4595031440258026,
                    -0.510106086730957,
                    -2.0563883781433105
                ],
                [
                    -0.68653804063797,
                    -0.48660778999328613,
                    0.540195643901825,
                    2.1776883602142334
                ],
                [
                    0.0,
                    0.7430073022842407,
                    0.6692516207695007,
                    2.697951078414917
                ],
                [
                    0.0,
                    0.0,
                    0.0,
                    1.0
                ]
            ]
        },
        {
            "file_path": "./train/r_20",
            "rotation": 0.06283185307179587,
            "transform_matrix": [
                [
                    -0.5775558352470398,
                    -0.7786902785301208,
                    0.24501262605190277,
                    0.9877182841300964
                ],
                [
                    0.81629878282547,
                    -0.5509466528892517,
                    0.17335376143455505,
                    0.6988402605056763
                ],
                [
                    -1.4900524369920731e-08,
                    0.30014872550964355,
                    0.9538525342941284,
                    3.845261335372925
                ],
                [
                    0.0,
                    0.0,
                    0.0,
                    1.0
                ]
            ]
        },
        {
            "file_path": "./train/r_21",
            "rotation": 0.06283185307179587,
            "transform_matrix": [
                [
                    0.6044856905937195,
                    0.24292230606079102,
                    -0.7586212754249573,
                    -3.0582265853881836
                ],
                [
                    -0.7965621948242188,
                    0.1843460351228714,
                    -0.5756936073303223,
                    -2.320791006088257
                ],
                [
                    0.0,
                    0.9523628950119019,
                    0.30493929982185364,
                    1.2293004989624023
                ],
                [
                    0.0,
                    0.0,
                    0.0,
                    1.0
                ]
            ]
        },
        {
            "file_path": "./train/r_22",
            "rotation": 0.06283185307179587,
            "transform_matrix": [
                [
                    0.755211353302002,
                    -0.5042245388031006,
                    0.41874513030052185,
                    1.6880853176116943
                ],
                [
                    0.6554158926010132,
                    0.5809991359710693,
                    -0.4825044274330139,
                    -1.9451178312301636
                ],
                [
                    0.0,
                    0.6388955116271973,
                    0.7692590355873108,
                    3.1011102199554443
                ],
                [
                    0.0,
                    0.0,
                    0.0,
                    1.0
                ]
            ]
        },
        {
            "file_path": "./train/r_23",
            "rotation": 0.06283185307179587,
            "transform_matrix": [
                [
                    -0.9011975526809692,
                    0.4128766357898712,
                    -0.13154102861881256,
                    -0.5302807688713074
                ],
                [
                    -0.4333095848560333,
                    -0.8587011098861694,
                    0.27357912063598633,
                    1.1028783321380615
                ],
                [
                    7.450261740871156e-09,
                    0.30357077717781067,
                    0.9527689218521118,
                    3.840893268585205
                ],
                [
                    0.0,
                    0.0,
                    0.0,
                    1.0
                ]
            ]
        },
        {
            "file_path": "./train/r_24",
            "rotation": 0.06283185307179587,
            "transform_matrix": [
                [
                    -0.9982683062553406,
                    0.033720895648002625,
                    -0.04730234667658806,
                    -0.19068971276283264
                ],
                [
                    -0.05809059739112854,
                    -0.5794828534126282,
                    0.8128757476806641,
                    3.2769417762756348
                ],
                [
                    -1.8625651021508816e-09,
                    0.8142802715301514,
                    0.5804421305656433,
                    2.339933395385742
                ],
                [
                    0.0,
                    0.0,
                    0.0,
                    1.0
                ]
            ]
        },
        {
            "file_path": "./train/r_25",
            "rotation": 0.06283185307179587,
            "transform_matrix": [
                [
                    0.30214062333106995,
                    -0.4346857964992523,
                    0.8483454585075378,
                    3.419931173324585
                ],
                [
                    0.9532183408737183,
                    0.13778191804885864,
                    -0.26889917254447937,
                    -1.0840120315551758
                ],
                [
                    -7.450261296781946e-09,
                    0.8899742960929871,
                    0.45598304271698,
                    1.8382023572921753
                ],
                [
                    0.0,
                    0.0,
                    0.0,
                    1.0
                ]
            ]
        },
        {
            "file_path": "./train/r_26",
            "rotation": 0.06283185307179587,
            "transform_matrix": [
                [
                    -0.9176487922668457,
                    0.2017195224761963,
                    -0.34226834774017334,
                    -1.3797848224639893
                ],
                [
                    -0.39728447794914246,
                    -0.46593236923217773,
                    0.7905724048614502,
                    3.1870310306549072
                ],
                [
                    0.0,
                    0.8615139722824097,
                    0.507705569267273,
                    2.0467112064361572
                ],
                [
                    0.0,
                    0.0,
                    0.0,
                    1.0
                ]
            ]
        },
        {
            "file_path": "./train/r_27",
            "rotation": 0.06283185307179587,
            "transform_matrix": [
                [
                    -0.18488121032714844,
                    0.31216615438461304,
                    -0.9318237900733948,
                    -3.7564570903778076
                ],
                [
                    -0.9827172756195068,
                    -0.058728646486997604,
                    0.17530648410320282,
                    0.7067122459411621
                ],
                [
                    -3.725130870435578e-09,
                    0.9482052326202393,
                    0.31763094663619995,
                    1.2804641723632812
                ],
                [
                    0.0,
                    0.0,
                    0.0,
                    1.0
                ]
            ]
        },
        {
            "file_path": "./train/r_28",
            "rotation": 0.06283185307179587,
            "transform_matrix": [
                [
                    -0.9944737553596497,
                    0.052575159817934036,
                    -0.09040060639381409,
                    -0.36443156003952026
                ],
                [
                    -0.10457620769739151,
                    -0.49996668100357056,
                    0.8596700429916382,
                    3.4655840396881104
                ],
                [
                    3.725130648390973e-09,
                    0.864441454410553,
                    0.5027052164077759,
                    2.026553153991699
                ],
                [
                    0.0,
                    0.0,
                    0.0,
                    1.0
                ]
            ]
        },
        {
            "file_path": "./train/r_29",
            "rotation": 0.06283185307179587,
            "transform_matrix": [
                [
                    -0.3737327754497528,
                    0.7561461925506592,
                    -0.5371454358100891,
                    -2.1653919219970703
                ],
                [
                    -0.927490234375,
                    -0.30468958616256714,
                    0.21644307672977448,
                    0.8725460171699524
                ],
                [
                    0.0,
                    0.5791348218917847,
                    0.8151960372924805,
                    3.2862961292266846
                ],
                [
                    0.0,
                    0.0,
                    0.0,
                    1.0
                ]
            ]
        },
        {
            "file_path": "./train/r_30",
            "rotation": 0.06283185307179587,
            "transform_matrix": [
                [
                    -0.6824923753738403,
                    -0.1721150428056717,
                    0.7102806568145752,
                    2.8633511066436768
                ],
                [
                    0.7308340072631836,
                    -0.16073034703731537,
                    0.663298487663269,
                    2.673952341079712
                ],
                [
                    0.0,
                    0.9718702435493469,
                    0.23548632860183716,
                    0.9493149518966675
                ],
                [
                    0.0,
                    0.0,
                    0.0,
                    1.0
                ]
            ]
        },
        {
            "file_path": "./train/r_31",
            "rotation": 0.06283185307179587,
            "transform_matrix": [
                [
                    -0.04742351546883583,
                    0.15325869619846344,
                    -0.9870066046714783,
                    -3.978914737701416
                ],
                [
                    -0.9988319277763367,
                    -0.00727656576782465,
                    0.04686205834150314,
                    0.18891479074954987
                ],
                [
                    -4.656412755377204e-10,
                    0.9881542325019836,
                    0.15342579782009125,
                    0.6185046434402466
                ],
                [
                    0.0,
                    0.0,
                    0.0,
                    1.0
                ]
            ]
        },
        {
            "file_path": "./train/r_32",
            "rotation": 0.06283185307179587,
            "transform_matrix": [
                [
                    -0.6670648455619812,
                    -0.18417710065841675,
                    0.7218182682991028,
                    2.909862756729126
                ],
                [
                    0.7449419498443604,
                    -0.16492301225662231,
                    0.6463584899902344,
                    2.6056621074676514
                ],
                [
                    0.0,
                    0.9689526557922363,
                    0.24721722304821014,
                    0.996605634689331
                ],
                [
                    0.0,
                    0.0,
                    0.0,
                    1.0
                ]
            ]
        },
        {
            "file_path": "./train/r_33",
            "rotation": 0.06283185307179587,
            "transform_matrix": [
                [
                    0.8841586112976074,
                    -0.358363538980484,
                    0.29960525035858154,
                    1.2077972888946533
                ],
                [
                    0.4670950174331665,
                    0.6783421039581299,
                    -0.5671191811561584,
                    -2.2862250804901123
                ],
                [
                    0.0,
                    0.6414181590080261,
                    0.7671570181846619,
                    3.0926365852355957
                ],
                [
                    0.0,
                    0.0,
                    0.0,
                    1.0
                ]
            ]
        },
        {
            "file_path": "./train/r_34",
            "rotation": 0.06283185307179587,
            "transform_matrix": [
                [
                    -0.8646779656410217,
                    -0.4748900234699249,
                    0.16353237628936768,
                    0.6592472791671753
                ],
                [
                    0.5022411942481995,
                    -0.8175892233848572,
                    0.28154370188713074,
                    1.1349858045578003
                ],
                [
                    1.4900521705385472e-08,
                    0.32560303807258606,
                    0.9454669952392578,
                    3.8114564418792725
                ],
                [
                    0.0,
                    0.0,
                    0.0,
                    1.0
                ]
            ]
        },
        {
            "file_path": "./train/r_35",
            "rotation": 0.06283185307179587,
            "transform_matrix": [
                [
                    0.8832699060440063,
                    0.23442904651165009,
                    -0.4059511125087738,
                    -1.6365087032318115
                ],
                [
                    -0.4687735140323639,
                    0.44171464443206787,
                    -0.7648990154266357,
                    -3.083533525466919
                ],
                [
                    0.0,
                    0.865979790687561,
                    0.5000507235527039,
                    2.0158519744873047
                ],
                [
                    0.0,
                    0.0,
                    0.0,
                    1.0
                ]
            ]
        },
        {
            "file_path": "./train/r_36",
            "rotation": 0.06283185307179587,
            "transform_matrix": [
                [
                    -0.37250518798828125,
                    0.6349141001701355,
                    -0.6768088936805725,
                    -2.7284164428710938
                ],
                [
                    -0.9279839396476746,
                    -0.25486302375793457,
                    0.27168014645576477,
                    1.0952228307724
                ],
                [
                    1.4900521705385472e-08,
                    0.7293277382850647,
                    0.6841323971748352,
                    2.757939577102661
                ],
                [
                    0.0,
                    0.0,
                    0.0,
                    1.0
                ]
            ]
        },
        {
            "file_path": "./train/r_37",
            "rotation": 0.06283185307179587,
            "transform_matrix": [
                [
                    0.29918748140335083,
                    -0.7926315665245056,
                    0.5312106609344482,
                    2.1414670944213867
                ],
                [
                    0.9541493654251099,
                    0.2485412061214447,
                    -0.16656887531280518,
                    -0.6714882850646973
                ],
                [
                    0.0,
                    0.5567336678504944,
                    0.8306548595428467,
                    3.3486149311065674
                ],
                [
                    0.0,
                    0.0,
                    0.0,
                    1.0
                ]
            ]
        },
        {
            "file_path": "./train/r_38",
            "rotation": 0.06283185307179587,
            "transform_matrix": [
                [
                    -0.6603966355323792,
                    -0.43943268060684204,
                    0.6088557243347168,
                    2.454477310180664
                ],
                [
                    0.7508599162101746,
                    -0.38649001717567444,
                    0.5355010628700256,
                    2.1587629318237305
                ],
                [
                    -1.4900522593563892e-08,
                    0.8108726143836975,
                    0.5851929187774658,
                    2.3590855598449707
                ],
                [
                    0.0,
                    0.0,
                    0.0,
                    1.0
                ]
            ]
        },
        {
            "file_path": "./train/r_39",
            "rotation": 0.06283185307179587,
            "transform_matrix": [
                [
                    0.8862577676773071,
                    0.14772391319274902,
                    -0.4389093816280365,
                    -1.7693732976913452
                ],
                [
                    -0.4630999267101288,
                    0.28270673751831055,
                    -0.8399630188941956,
                    -3.386139154434204
                ],
                [
                    1.4900523481742312e-08,
                    0.9477576613426208,
                    0.31896400451660156,
                    1.2858381271362305
                ],
                [
                    0.0,
                    0.0,
                    0.0,
                    1.0
                ]
            ]
        },
        {
            "file_path": "./train/r_40",
            "rotation": 0.06283185307179587,
            "transform_matrix": [
                [
                    0.19915688037872314,
                    -0.6925485134124756,
                    0.6933001279830933,
                    2.7948975563049316
                ],
                [
                    0.9799237847328186,
                    0.14075155556201935,
                    -0.1409042924642563,
                    -0.5680268406867981
                ],
                [
                    -7.450261296781946e-09,
                    0.7074993252754211,
                    0.7066811919212341,
                    2.8488407135009766
                ],
                [
                    0.0,
                    0.0,
                    0.0,
                    1.0
                ]
            ]
        },
        {
            "file_path": "./train/r_41",
            "rotation": 0.06283185307179587,
            "transform_matrix": [
                [
                    -0.3920598030090332,
                    -0.24946993589401245,
                    0.8854237794876099,
                    3.5694048404693604
                ],
                [
                    0.919893205165863,
                    -0.1063244491815567,
                    0.37736889719963074,
                    1.5212855339050293
                ],
                [
                    0.0,
                    0.9625226259231567,
                    0.27117300033569336,
                    1.0931785106658936
                ],
                [
                    0.0,
                    0.0,
                    0.0,
                    1.0
                ]
            ]
        },
        {
            "file_path": "./train/r_42",
            "rotation": 0.06283185307179587,
            "transform_matrix": [
                [
                    0.9464519023895264,
                    0.25751107931137085,
                    -0.19451530277729034,
                    -0.7841486930847168
                ],
                [
                    -0.3227119445800781,
                    0.7552303075790405,
                    -0.5704758763313293,
                    -2.2997570037841797
                ],
                [
                    -1.4900520817207052e-08,
                    0.6027481555938721,
                    0.797896146774292,
                    3.21655535697937
                ],
                [
                    0.0,
                    0.0,
                    0.0,
                    1.0
                ]
            ]
        },
        {
            "file_path": "./train/r_43",
            "rotation": 0.06283185307179587,
            "transform_matrix": [
                [
                    0.6387563347816467,
                    -0.41625916957855225,
                    0.6470296382904053,
                    2.608367443084717
                ],
                [
                    0.7693533897399902,
                    0.34559953212738037,
                    -0.537196934223175,
                    -2.1655995845794678
                ],
                [
                    1.4900523481742312e-08,
                    0.8409988880157471,
                    0.541007936000824,
                    2.180962562561035
                ],
                [
                    0.0,
                    0.0,
                    0.0,
                    1.0
                ]
            ]
        },
        {
            "file_path": "./train/r_44",
