{
    "camera_angle_x": 0.6911112070083618,
    "frames": [
        {
            "file_path": "./train/r_0",
            "rotation": 0.06283185307179587,
            "transform_matrix": [
                [
                    0.24714265763759613,
                    0.49898913502693176,
                    -0.8305814266204834,
                    -3.3483192920684814
                ],
                [
                    -0.9689348340034485,
                    0.12727533280849457,
                    -0.21185337007045746,
                    -0.8540434837341309
                ],
                [
                    0.0,
                    0.8572051525115967,
                    0.5149465203285217,
                    2.075901508331299
                ],
                [
                    0.0,
                    0.0,
                    0.0,
                    1.0
                ]
            ]
        },
        {
            "file_path": "./train/r_1",
            "rotation": 0.06283185307179587,
            "transform_matrix": [
                [
                    0.45762205123901367,
                    0.7013270258903503,
                    -0.5465115904808044,
                    -2.2031495571136475
                ],
                [
                    -0.8890985250473022,
                    0.3609754145145416,
                    -0.2812913954257965,
                    -1.1339685916900635
                ],
                [
                    0.0,
                    0.6146764755249023,
                    0.7887443900108337,
                    3.179661273956299
                ],
                [
                    0.0,
                    0.0,
                    0.0,
                    1.0
                ]
            ]
        },
        {
            "file_path": "./train/r_2",
            "rotation": 0.06283185307179587,
            "transform_matrix": [
                [
                    -0.957657516002655,
                    0.06198452040553093,
                    -0.2810066342353821,
                    -1.132820725440979
                ],
                [
                    -0.28776076436042786,
                    -0.20628225803375244,
                    0.9351799488067627,
                    3.769986629486084
                ],
                [
                    0.0,
                    0.9765221476554871,
                    0.21538588404655457,
                    0.8682841062545776
                ],
                [
                    0.0,
                    0.0,
                    0.0,
                    1.0
                ]
            ]
        },
        {
            "file_path": "./train/r_3",
            "rotation": 0.06283185307179587,
            "transform_matrix": [
                [
                    -0.8834297060966492,
                    -0.2748124897480011,
                    0.379408061504364,
                    1.5295060873031616
                ],
                [
                    0.4684722125530243,
                    -0.5182324647903442,
                    0.7154753804206848,
                    2.8842928409576416
                ],
                [
                    2.9801043410770944e-08,
                    0.8098785281181335,
                    0.586567759513855,
                    2.3646280765533447
                ],
                [
                    0.0,
                    0.0,
                    0.0,
                    1.0
                ]
            ]
        },
        {
            "file_path": "./train/r_4",
            "rotation": 0.06283185307179587,
            "transform_matrix": [
                [
                    0.896425724029541,
                    0.41927263140678406,
                    -0.1433839648962021,
                    -0.5780230760574341
                ],
                [
                    -0.44309717416763306,
                    0.8482264876365662,
                    -0.2900787591934204,
                    -1.1693930625915527
                ],
                [
                    0.0,
                    0.3235926032066345,
                    0.9461568593978882,
                    3.814237594604492
                ],
                [
                    0.0,
                    0.0,
                    0.0,
                    1.0
                ]
            ]
        },
        {
            "file_path": "./train/r_5",
            "rotation": 0.06283185307179587,
            "transform_matrix": [
                [
                    0.5802462100982666,
                    -0.16143693029880524,
                    0.7982297539710999,
                    3.217900037765503
                ],
                [
                    0.8143885135650635,
                    0.1150227040052414,
                    -0.5687331557273865,
                    -2.292731285095215
                ],
                [
                    -7.450261296781946e-09,
                    0.980151891708374,
                    0.19821520149707794,
                    0.799064040184021
                ],
                [
                    0.0,
                    0.0,
                    0.0,
                    1.0
                ]
            ]
        },
        {
            "file_path": "./train/r_6",
            "rotation": 0.06283185307179587,
            "transform_matrix": [
                [
                    -0.6523613929748535,
                    0.15805748105049133,
                    -0.7411883473396301,
                    -2.9879493713378906
                ],
                [
                    -0.7578513622283936,
                    -0.13605648279190063,
                    0.6380178332328796,
                    2.572038412094116
                ],
                [
                    7.450260408603526e-09,
                    0.9780063629150391,
                    0.20854346454143524,
                    0.8407003283500671
                ],
                [
                    0.0,
                    0.0,
                    0.0,
                    1.0
                ]
            ]
        },
        {
            "file_path": "./train/r_7",
            "rotation": 0.06283185307179587,
            "transform_matrix": [
                [
                    0.28670284152030945,
                    -0.12666083872318268,
                    0.949566662311554,
                    3.8279836177825928
                ],
                [
                    0.9579747319221497,
                    0.03790707513689995,
                    -0.2841864824295044,
                    -1.1456395387649536
                ],
                [
                    0.0,
                    0.9912164211273193,
                    0.13220682740211487,
                    0.5329647660255432
                ],
                [
                    0.0,
                    0.0,
                    0.0,
                    1.0
                ]
            ]
        },
        {
            "file_path": "./train/r_8",
            "rotation": 0.06283185307179587,
            "transform_matrix": [
                [
                    0.5158154368400574,
                    -0.2757857143878937,
                    0.8110479712486267,
                    3.269573926925659
                ],
                [
                    0.85664963722229,
                    0.16605913639068604,
                    -0.48835718631744385,
                    -1.9687120914459229
                ],
                [
                    0.0,
                    0.9467610716819763,
                    0.32190972566604614,
                    1.2977131605148315
                ],
                [
                    0.0,
                    0.0,
                    0.0,
                    1.0
                ]
            ]
        },
        {
            "file_path": "./train/r_9",
            "rotation": 0.06283185307179587,
            "transform_matrix": [
                [
                    0.16264067590236664,
                    -0.5280573964118958,
                    0.8334513306617737,
                    3.3598883152008057
                ],
                [
                    0.9866418242454529,
                    0.08704638481140137,
                    -0.13738834857940674,
                    -0.5538529753684998
                ],
                [
                    7.450260408603526e-09,
                    0.8447297215461731,
                    0.5351643562316895,
                    2.157405376434326
                ],
                [
                    0.0,
                    0.0,
                    0.0,
                    1.0
                ]
            ]
        },
        {
            "file_path": "./train/r_10",
            "rotation": 0.06283185307179587,
            "transform_matrix": [
                [
                    -0.9556671977043152,
                    0.19337530434131622,
                    -0.22186332941055298,
                    -0.8943965435028076
                ],
                [
                    -0.29430317878723145,
                    -0.6279321908950806,
                    0.720439076423645,
                    2.9043025970458984
                ],
                [
                    1.4900522593563892e-08,
                    0.7538547515869141,
                    0.6570096015930176,
                    2.648599863052368
                ],
                [
                    0.0,
                    0.0,
                    0.0,
                    1.0
                ]
            ]
        },
        {
            "file_path": "./train/r_11",
            "rotation": 0.06283185307179587,
            "transform_matrix": [
                [
                    0.9542564153671265,
                    0.19474107027053833,
                    -0.22668857872486115,
                    -0.9138486385345459
                ],
                [
                    -0.29884567856788635,
                    0.6218357086181641,
                    -0.7238485813140869,
                    -2.9180476665496826
                ],
                [
                    0.0,
                    0.7585421800613403,
                    0.651592493057251,
                    2.6267619132995605
                ],
                [
                    0.0,
                    0.0,
                    0.0,
                    1.0
                ]
            ]
        },
        {
            "file_path": "./train/r_12",
            "rotation": 0.06283185307179587,
            "transform_matrix": [
                [
                    0.6043197512626648,
                    -0.2875380516052246,
                    0.7429949641227722,
                    2.995232582092285
                ],
                [
                    0.7966880798339844,
                    0.2181091159582138,
                    -0.563591480255127,
                    -2.2720038890838623
                ],
                [
                    2.9801045187127784e-08,
                    0.9325986504554749,
                    0.36088812351226807,
                    1.454846739768982
                ],
                [
                    0.0,
                    0.0,
                    0.0,
                    1.0
                ]
            ]
        },
        {
            "file_path": "./train/r_13",
            "rotation": 0.06283185307179587,
            "transform_matrix": [
                [
                    -0.1473933458328247,
                    -0.7733471989631653,
                    0.6165793538093567,
                    2.4856138229370117
                ],
                [
                    0.9890345335006714,
                    -0.11525001376867294,
                    0.09188729524612427,
                    0.37042486667633057
                ],
                [
                    0.0,
                    0.6234113574028015,
                    0.7818592190742493,
                    3.1519057750701904
                ],
                [
                    0.0,
                    0.0,
                    0.0,
                    1.0
                ]
            ]
        },
        {
            "file_path": "./train/r_14",
            "rotation": 0.06283185307179587,
            "transform_matrix": [
                [
                    -0.9971282482147217,
                    0.05537012219429016,
                    -0.050830356776714325,
                    -0.2049121856689453
                ],
                [
                    -0.07516205310821533,
                    -0.7345609664916992,
                    0.6743347644805908,
                    2.718442678451538
                ],
                [
                    -3.725130204301763e-09,
                    0.6762723922729492,
                    0.736618161201477,
                    2.9695253372192383
                ],
                [
                    0.0,
                    0.0,
                    0.0,
                    1.0
                ]
            ]
        },
        {
            "file_path": "./train/r_15",
            "rotation": 0.06283185307179587,
            "transform_matrix": [
                [
                    -0.19784434139728546,
                    0.19853201508522034,
                    -0.9598764181137085,
                    -3.8695454597473145
                ],
                [
                    -0.9801896214485168,
                    -0.04007228836417198,
                    0.19374427199363708,
                    0.781040370464325
                ],
                [
                    0.0,
                    0.9792697429656982,
                    0.2025284469127655,
                    0.8164519667625427
                ],
                [
                    0.0,
                    0.0,
                    0.0,
                    1.0
                ]
            ]
        },
        {
            "file_path": "./train/r_16",
            "rotation": 0.06283185307179587,
            "transform_matrix": [
                [
                    -0.6754412055015564,
                    0.6588624715805054,
                    -0.33109933137893677,
                    -1.33475923538208
                ],
                [
                    -0.737355649471283,
                    -0.603538990020752,
                    0.3032975494861603,
                    1.222681999206543
                ],
                [
                    1.4900521705385472e-08,
                    0.4490332305431366,
                    0.8934770226478577,
                    3.601869821548462
                ],
                [
                    0.0,
                    0.0,
                    0.0,
                    1.0
                ]
            ]
        },
        {
            "file_path": "./train/r_17",
            "rotation": 0.06283185307179587,
            "transform_matrix": [
                [
                    0.788033664226532,
                    -0.21742472052574158,
                    0.5758891701698303,
                    2.3215789794921875
                ],
                [
                    0.6155624985694885,
                    0.2783437967300415,
                    -0.7372445464134216,
                    -2.972050189971924
                ],
                [
                    0.0,
                    0.9355432987213135,
                    0.35318514704704285,
                    1.4237935543060303
                ],
                [
                    0.0,
                    0.0,
                    0.0,
                    1.0
                ]
            ]
        },
        {
            "file_path": "./train/r_18",
            "rotation": 0.06283185307179587,
            "transform_matrix": [
                [
                    0.4244672954082489,
                    0.863836944103241,
                    -0.2712641656398773,
                    -1.0935460329055786
                ],
                [
                    -0.9053958654403687,
                    0.40498363971710205,
                    -0.12717393040657043,
                    -0.5126757025718689
                ],
                [
                    7.450260852692736e-09,
                    0.29960623383522034,
                    0.9540230631828308,
                    3.8459486961364746
                ],
                [
                    0.0,
                    0.0,
                    0.0,
                    1.0
                ]
            ]
        },
        {
            "file_path": "./train/r_19",
            "rotation": 0.06283185307179587,
            "transform_matrix": [
                [
                    -0.9378352165222168,
                    0.16134941577911377,
                    -0.307160884141922,
                    -1.2382563352584839
                ],
                [
                    -0.3469570279121399,
                    -0.4361323416233063,
                    0.8302651643753052,
                    3.347043991088867
                ],
                [
                    0.0,
                    0.88529372215271,
                    0.46500468254089355,
                    1.8745713233947754
                ],
                [
                    0.0,
                    0.0,
                    0.0,
                    1.0
                ]
            ]
        },
        {
            "file_path": "./train/r_20",
            "rotation": 0.06283185307179587,
            "transform_matrix": [
                [
                    0.060371335595846176,
                    0.1905580312013626,
                    -0.9797769784927368,
                    -3.949770450592041
                ],
                [
                    -0.9981330633163452,
                    0.011525760404765606,
                    -0.05926108360290527,
                    -0.23889893293380737
                ],
                [
                    0.0,
                    0.9816031455993652,
                    0.1908993422985077,
                    0.7695716619491577
                ],
                [
                    0.0,
                    0.0,
                    0.0,
                    1.0
                ]
            ]
        },
        {
            "file_path": "./train/r_21",
            "rotation": 0.06283185307179587,
            "transform_matrix": [
                [
                    0.3366888165473938,
                    0.9029238224029541,
                    -0.26710546016693115,
                    -1.0767810344696045
                ],
                [
                    -0.9415704607963562,
                    0.3228694796562195,
                    -0.09551215171813965,
                    -0.38503772020339966
                ],
                [
                    -7.450261740871156e-09,
                    0.28367894887924194,
                    0.9588792324066162,
                    3.865525722503662
                ],
                [
                    0.0,
                    0.0,
                    0.0,
                    1.0
                ]
            ]
        },
        {
            "file_path": "./train/r_22",
            "rotation": 0.06283185307179587,
            "transform_matrix": [
                [
                    0.11278973519802094,
                    0.2749415636062622,
                    -0.9547818899154663,
                    -3.8490078449249268
                ],
                [
                    -0.9935757517814636,
                    0.031211094930768013,
                    -0.10838589817285538,
                    -0.43693554401397705
                ],
                [
                    0.0,
                    0.9609488844871521,
                    0.27669739723205566,
                    1.1154489517211914
                ],
                [
                    0.0,
                    0.0,
                    0.0,
                    1.0
                ]
            ]
        },
        {
            "file_path": "./train/r_23",
            "rotation": 0.06283185307179587,
            "transform_matrix": [
                [
                    -0.9124746322631836,
                    0.1700000762939453,
                    -0.37203067541122437,
                    -1.4997656345367432
                ],
                [
                    -0.40902841091156006,
                    -0.3792420029640198,
                    0.8299388289451599,
                    3.345728874206543
                ],
                [
                    0.0,
                    0.9095413684844971,
                    0.4155862629413605,
                    1.6753511428833008
                ],
                [
                    0.0,
                    0.0,
                    0.0,
                    1.0
                ]
            ]
        },
        {
            "file_path": "./train/r_24",
            "rotation": 0.06283185307179587,
            "transform_matrix": [
                [
                    -0.27490296959877014,
                    -0.9412546157836914,
                    0.1960851401090622,
                    0.7904771566390991
                ],
                [
                    0.9614273905754089,
                    -0.2691349387168884,
                    0.05606704205274582,
                    0.22602280974388123
                ],
                [
                    0.0,
                    0.20395083725452423,
                    0.978940486907959,
                    3.9463982582092285
                ],
                [
                    0.0,
                    0.0,
                    0.0,
                    1.0
                ]
            ]
        },
        {
            "file_path": "./train/r_25",
            "rotation": 0.06283185307179587,
            "transform_matrix": [
                [
                    0.8512125611305237,
                    0.514286458492279,
                    -0.10431144386529922,
                    -0.4205102324485779
                ],
                [
                    -0.5247393846511841,
                    0.8342562317848206,
                    -0.16921010613441467,
                    -0.6821359395980835
                ],
                [
                    0.0,
                    0.19878584146499634,
                    0.980002224445343,
                    3.950678586959839
                ],
                [
                    0.0,
                    0.0,
                    0.0,
                    1.0
                ]
            ]
        },
        {
            "file_path": "./train/r_26",
            "rotation": 0.06283185307179587,
            "transform_matrix": [
                [
                    -0.528217077255249,
                    -0.5640090107917786,
                    0.6346811056137085,
                    2.558586835861206
                ],
                [
                    0.8490587472915649,
                    -0.3508817255496979,
                    0.3948483467102051,
                    1.591750144958496
                ],
                [
                    -1.4900520817207052e-08,
                    0.7475062608718872,
                    0.6642230153083801,
                    2.6776790618896484
                ],
                [
                    0.0,
                    0.0,
                    0.0,
                    1.0
                ]
            ]
        },
        {
            "file_path": "./train/r_27",
            "rotation": 0.06283185307179587,
            "transform_matrix": [
                [
                    0.7141344547271729,
                    -0.4336433708667755,
                    0.5494495630264282,
                    2.214993476867676
                ],
                [
                    0.6999472975730896,
                    0.44243285059928894,
                    -0.5605862736701965,
                    -2.2598891258239746
                ],
                [
                    0.0,
                    0.7849817872047424,
                    0.6194881200790405,
                    2.4973394870758057
                ],
                [
                    0.0,
                    0.0,
                    0.0,
                    1.0
                ]
            ]
        },
        {
            "file_path": "./train/r_28",
            "rotation": 0.06283185307179587,
            "transform_matrix": [
                [
                    0.7992485165596008,
                    -0.4066362679004669,
                    0.44246605038642883,
                    1.7837114334106445
                ],
                [
                    0.6009294390678406,
                    0.5408345460891724,
                    -0.5884889364242554,
                    -2.37237286567688
                ],
                [
                    0.0,
                    0.7362980246543884,
                    0.6766253113746643,
                    2.7276768684387207
                ],
                [
                    0.0,
                    0.0,
                    0.0,
                    1.0
                ]
            ]
        },
        {
            "file_path": "./train/r_29",
            "rotation": 0.06283185307179587,
            "transform_matrix": [
                [
                    -0.31757867336273193,
                    0.5945196747779846,
                    -0.7386696338653564,
                    -2.9777956008911133
                ],
                [
                    -0.9481866955757141,
                    -0.1991240382194519,
                    0.2474045604467392,
                    0.99736088514328
                ],
                [
                    1.4900521705385472e-08,
                    0.7790287733078003,
                    0.6269574165344238,
                    2.5274505615234375
                ],
                [
                    0.0,
                    0.0,
                    0.0,
                    1.0
                ]
            ]
        },
        {
            "file_path": "./train/r_30",
            "rotation": 0.06283185307179587,
            "transform_matrix": [
                [
                    0.6940940022468567,
                    0.10245786607265472,
                    -0.7124972939491272,
                    -2.8722872734069824
                ],
                [
                    -0.7198247313499451,
                    0.09879542887210846,
                    -0.6870285868644714,
                    -2.7696151733398438
                ],
                [
                    0.0,
                    0.9898139238357544,
                    0.1423259675502777,
                    0.573758065700531
                ],
                [
                    0.0,
                    0.0,
                    0.0,
                    1.0
                ]
            ]
        },
        {
            "file_path": "./train/r_31",
            "rotation": 0.06283185307179587,
            "transform_matrix": [
                [
                    -0.9028427004814148,
                    0.4202580153942108,
                    -0.09047559648752213,
                    -0.36473384499549866
                ],
                [
                    -0.42987117171287537,
                    -0.8826524615287781,
                    0.1900225728750229,
                    0.766037106513977
                ],
                [
                    0.0,
                    0.21046988666057587,
                    0.9775597453117371,
                    3.9408318996429443
                ],
                [
                    0.0,
                    0.0,
                    0.0,
                    1.0
                ]
            ]
        },
        {
            "file_path": "./train/r_32",
            "rotation": 0.06283185307179587,
            "transform_matrix": [
                [
                    0.8347232937812805,
                    -0.20116782188415527,
                    0.5125293731689453,
                    2.066157341003418
                ],
                [
                    0.5505913496017456,
                    0.30498018860816956,
                    -0.7770195007324219,
                    -3.132395029067993
                ],
                [
                    1.4900519929028633e-08,
                    0.9308643341064453,
                    0.3653378486633301,
                    1.4727847576141357
                ],
                [
                    0.0,
                    0.0,
                    0.0,
                    1.0
                ]
            ]
        },
        {
            "file_path": "./train/r_33",
            "rotation": 0.06283185307179587,
            "transform_matrix": [
                [
                    -0.9978645443916321,
                    -0.06201780587434769,
                    0.018300147727131844,
                    0.07377330213785172
                ],
                [
                    0.06465920060873032,
                    -0.9571008086204529,
                    0.2824203073978424,
                    1.1385196447372437
                ],
                [
                    0.0,
                    0.2830226719379425,
                    0.9590731263160706,
                    3.866307258605957
                ],
                [
                    0.0,
                    0.0,
                    0.0,
                    1.0
                ]
            ]
        },
        {
            "file_path": "./train/r_34",
            "rotation": 0.06283185307179587,
            "transform_matrix": [
                [
                    0.7742282152175903,
                    -0.3223100006580353,
                    0.5446191430091858,
                    2.1955206394195557
                ],
                [
                    0.632838785648346,
                    0.3943207859992981,
                    -0.6662983894348145,
                    -2.6860456466674805
                ],
                [
                    0.0,
                    0.8605912923812866,
                    0.5092679262161255,
                    2.053009510040283
                ],
                [
                    0.0,
                    0.0,
                    0.0,
                    1.0
                ]
            ]
        },
        {
            "file_path": "./train/r_35",
            "rotation": 0.06283185307179587,
            "transform_matrix": [
                [
                    -0.477021187543869,
                    0.4733593463897705,
                    -0.7404826879501343,
                    -2.985104560852051
                ],
                [
                    -0.8788429498672485,
                    -0.25693148374557495,
                    0.4019216001033783,
                    1.6202647686004639
                ],
                [
                    2.9801041634414105e-08,
                    0.842559814453125,
                    0.5385738611221313,
                    2.1711502075195312
                ],
                [
                    0.0,
                    0.0,
                    0.0,
                    1.0
                ]
            ]
        },
        {
            "file_path": "./train/r_36",
            "rotation": 0.06283185307179587,
            "transform_matrix": [
                [
                    0.1413029134273529,
                    0.1596490889787674,
                    -0.9769671559333801,
                    -3.938443183898926
                ],
                [
                    -0.9899231791496277,
                    0.02278851717710495,
                    -0.13945354521274567,
                    -0.5621784925460815
                ],
                [
                    0.0,
                    0.9869057536125183,
                    0.1612614393234253,
                    0.6500924825668335
                ],
                [
                    0.0,
                    0.0,
                    0.0,
                    1.0
                ]
            ]
        },
        {
            "file_path": "./train/r_37",
            "rotation": 0.06283185307179587,
            "transform_matrix": [
                [
                    -0.6682851314544678,
                    0.5925000905990601,
                    -0.44975546002388,
                    -1.8130972385406494
                ],
                [
                    -0.7438475489616394,
                    -0.5323119759559631,
                    0.4040677845478058,
                    1.6289167404174805
                ],
                [
                    -1.4900523481742312e-08,
                    0.6046298742294312,
                    0.7964712381362915,
                    3.210811138153076
                ],
                [
                    0.0,
                    0.0,
                    0.0,
                    1.0
                ]
            ]
        },
        {
            "file_path": "./train/r_38",
            "rotation": 0.06283185307179587,
            "transform_matrix": [
                [
                    0.6025654077529907,
                    0.46799564361572266,
                    -0.6463953852653503,
                    -2.6058108806610107
                ],
                [
                    -0.7980157732963562,
                    0.3533739447593689,
                    -0.4880799949169159,
                    -1.9675947427749634
                ],
                [
                    -1.4900522593563892e-08,
                    0.8099978566169739,
                    0.5864028334617615,
                    2.3639628887176514
                ],
                [
                    0.0,
                    0.0,
                    0.0,
                    1.0
                ]
            ]
        },
        {
            "file_path": "./train/r_39",
            "rotation": 0.06283185307179587,
            "transform_matrix": [
                [
                    -0.47876861691474915,
                    0.5226829051971436,
                    -0.7053507566452026,
                    -2.843477249145508
                ],
                [
                    -0.8778923749923706,
                    -0.2850510776042938,
                    0.38467106223106384,
                    1.5507227182388306
                ],
                [
                    -1.4900523481742312e-08,
                    0.8034540414810181,
                    0.5953367352485657,
                    2.3999783992767334
                ],
                [
                    0.0,
                    0.0,
                    0.0,
                    1.0
                ]
            ]
        },
        {
            "file_path": "./train/r_40",
            "rotation": 0.06283185307179587,
            "transform_matrix": [
                [
                    -0.3197259306907654,
                    -0.33480626344680786,
                    0.886343777179718,
                    3.5731136798858643
                ],
                [
                    0.9474647641181946,
                    -0.11298175901174545,
                    0.2991003692150116,
                    1.2057620286941528
                ],
                [
                    0.0,
                    0.9354836940765381,
                    0.3533426523208618,
                    1.4244287014007568
                ],
                [
                    0.0,
                    0.0,
                    0.0,
                    1.0
                ]
            ]
        },
        {
            "file_path": "./train/r_41",
            "rotation": 0.06283185307179587,
            "transform_matrix": [
                [
                    -0.9708328247070312,
                    0.20723453164100647,
                    -0.12022749334573746,
                    -0.48467254638671875
                ],
                [
                    -0.23957771062850952,
                    -0.8397696614265442,
                    0.48719391226768494,
                    1.9640225172042847
                ],
                [
                    -7.450259076335897e-09,
                    0.5018274188041687,
                    0.8649305701255798,
                    3.486790657043457
                ],
                [
                    0.0,
                    0.0,
                    0.0,
                    1.0
                ]
            ]
        },
        {
            "file_path": "./train/r_42",
            "rotation": 0.06283185307179587,
            "transform_matrix": [
                [
                    -0.5471868515014648,
                    -0.14143021404743195,
                    0.8249254822731018,
                    3.3255178928375244
                ],
                [
                    0.8369592428207397,
                    -0.09246418625116348,
                    0.5393194556236267,
                    2.1741557121276855
                ],
                [
                    0.0,
                    0.9856154322624207,
                    0.16896764934062958,
                    0.6811584234237671
                ],
                [
                    0.0,
                    0.0,
                    0.0,
                    1.0
                ]
            ]
        },
        {
            "file_path": "./train/r_43",
            "rotation": 0.06283185307179587,
            "transform_matrix": [
                [
                    -0.3013297915458679,
                    0.4647437036037445,
                    -0.8325541615486145,
                    -3.356271743774414
                ],
                [
                    -0.9534749388694763,
                    -0.14687447249889374,
                    0.2631147801876068,
                    1.0606935024261475
                ],
                [
                    -1.4900521705385472e-08,
                    0.8731729984283447,
                    0.48738235235214233,
                    1.9647823572158813
                ],
                [
                    0.0,
                    0.0,
                    0.0,
                    1.0
                ]
            ]
        },
        {
            "file_path": "./train/r_44",
