{
    "camera_angle_x": 0.6911112070083618,
    "frames": [
        {
            "file_path": "./train/r_0",
            "rotation": 0.06283185307179587,
            "transform_matrix": [
                [
                    -0.10486338287591934,
                    -0.15843108296394348,
                    0.981744647026062,
                    3.95770263671875
                ],
                [
                    0.994443416595459,
                    -0.016706449910998344,
                    0.10352430492639542,
                    0.4173370599746704
                ],
                [
                    0.0,
                    0.9872235655784607,
                    0.1593036949634552,
                    0.6422002911567688
                ],
                [
                    0.0,
                    0.0,
                    0.0,
                    1.0
                ]
            ]
        },
        {
            "file_path": "./train/r_1",
            "rotation": 0.06283185307179587,
            "transform_matrix": [
                [
                    0.8707036375999451,
                    -0.19558532536029816,
                    0.45115312933921814,
                    1.8187315464019775
                ],
                [
                    0.49172061681747437,
                    0.346328467130661,
                    -0.7988696098327637,
                    -3.2204794883728027
                ],
                [
                    0.0,
                    0.9174927473068237,
                    0.3977254629135132,
                    1.6033488512039185
                ],
                [
                    0.0,
                    0.0,
                    0.0,
                    1.0
                ]
            ]
        },
        {
            "file_path": "./train/r_2",
            "rotation": 0.06283185307179587,
            "transform_matrix": [
                [
                    0.6748641729354858,
                    0.7188661694526672,
                    -0.16656282544136047,
                    -0.6714639663696289
                ],
                [
                    -0.7378837466239929,
                    0.6574708223342896,
                    -0.15233741700649261,
                    -0.6141171455383301
                ],
                [
                    -7.450260408603526e-09,
                    0.2257290780544281,
                    0.9741496443748474,
                    3.9270849227905273
                ],
                [
                    0.0,
                    0.0,
                    0.0,
                    1.0
                ]
            ]
        },
        {
            "file_path": "./train/r_3",
            "rotation": 0.06283185307179587,
            "transform_matrix": [
                [
                    0.6009412407875061,
                    0.5081021785736084,
                    -0.6169576048851013,
                    -2.487138509750366
                ],
                [
                    -0.7992396354675293,
                    0.38203758001327515,
                    -0.463885098695755,
                    -1.8700579404830933
                ],
                [
                    -2.9801046963484623e-08,
                    0.7719257473945618,
                    0.6356816291809082,
                    2.5626206398010254
                ],
                [
                    0.0,
                    0.0,
                    0.0,
                    1.0
                ]
            ]
        },
        {
            "file_path": "./train/r_4",
            "rotation": 0.06283185307179587,
            "transform_matrix": [
                [
                    0.9942857027053833,
                    0.10629479587078094,
                    -0.0035287162754684687,
                    -0.014225296676158905
                ],
                [
                    -0.10634934157133102,
                    0.9937757849693298,
                    -0.032990824431180954,
                    -0.13299575448036194
                ],
                [
                    0.0,
                    0.03318081796169281,
                    0.9994081258773804,
                    4.028909206390381
                ],
                [
                    0.0,
                    0.0,
                    0.0,
                    1.0
                ]
            ]
        },
        {
            "file_path": "./train/r_5",
            "rotation": 0.06283185307179587,
            "transform_matrix": [
                [
                    0.3667360246181488,
                    0.38212671875953674,
                    -0.8481811881065369,
                    -3.41926908493042
                ],
                [
                    -0.9302788972854614,
                    0.15064260363578796,
                    -0.3343713581562042,
                    -1.3479496240615845
                ],
                [
                    -1.4900521705385472e-08,
                    0.9117433428764343,
                    0.4107331931591034,
                    1.6557868719100952
                ],
                [
                    0.0,
                    0.0,
                    0.0,
                    1.0
                ]
            ]
        },
        {
            "file_path": "./train/r_6",
            "rotation": 0.06283185307179587,
            "transform_matrix": [
                [
                    0.6653822064399719,
                    0.10882005095481873,
                    -0.7384724617004395,
                    -2.9770004749298096
                ],
                [
                    -0.74644535779953,
                    0.097002312541008,
                    -0.6582751274108887,
                    -2.6537015438079834
                ],
                [
                    0.0,
                    0.9893122315406799,
                    0.1457727998495102,
                    0.5876532196998596
                ],
                [
                    0.0,
                    0.0,
                    0.0,
                    1.0
                ]
            ]
        },
        {
            "file_path": "./train/r_7",
            "rotation": 0.06283185307179587,
            "transform_matrix": [
                [
                    0.9737074375152588,
                    0.1744498461484909,
                    -0.1462111920118332,
                    -0.58942049741745
                ],
                [
                    -0.2276139110326767,
                    0.746277391910553,
                    -0.6254755258560181,
                    -2.5214765071868896
                ],
                [
                    0.0,
                    0.6423606276512146,
                    0.7663681507110596,
                    3.089456081390381
                ],
                [
                    0.0,
                    0.0,
                    0.0,
                    1.0
                ]
            ]
        },
        {
            "file_path": "./train/r_8",
            "rotation": 0.06283185307179587,
            "transform_matrix": [
                [
                    -0.4668637216091156,
                    -0.7710047364234924,
                    0.4330700933933258,
                    1.7458335161209106
                ],
                [
                    0.8842807412147522,
                    -0.4070586860179901,
                    0.22864310443401337,
                    0.9217278957366943
                ],
                [
                    1.4900522593563892e-08,
                    0.48973947763442993,
                    0.8718313574790955,
                    3.5146098136901855
                ],
                [
                    0.0,
                    0.0,
                    0.0,
                    1.0
                ]
            ]
        },
        {
            "file_path": "./train/r_9",
            "rotation": 0.06283185307179587,
            "transform_matrix": [
                [
                    -0.3382740020751953,
                    -0.1343211829662323,
                    0.931368350982666,
                    3.7546205520629883
                ],
                [
                    0.9410020709037781,
                    -0.04828614741563797,
                    0.33481085300445557,
                    1.3497211933135986
                ],
                [
                    0.0,
                    0.9897557497024536,
                    0.1427314132452011,
                    0.5753923654556274
                ],
                [
                    0.0,
                    0.0,
                    0.0,
                    1.0
                ]
            ]
        },
        {
            "file_path": "./train/r_10",
            "rotation": 0.06283185307179587,
            "transform_matrix": [
                [
                    -0.673436164855957,
                    -0.5816725492477417,
                    0.45615914463996887,
                    1.8389122486114502
                ],
                [
                    0.7391872406005859,
                    -0.5299324989318848,
                    0.4155835807323456,
                    1.675340175628662
                ],
                [
                    0.0,
                    0.6171050071716309,
                    0.7868459224700928,
                    3.1720082759857178
                ],
                [
                    0.0,
                    0.0,
                    0.0,
                    1.0
                ]
            ]
        },
        {
            "file_path": "./train/r_11",
            "rotation": 0.06283185307179587,
            "transform_matrix": [
                [
                    -0.6140198111534119,
                    0.7234262228012085,
                    -0.31557610630989075,
                    -1.272180438041687
                ],
                [
                    -0.789236307144165,
                    -0.5628201365470886,
                    0.24551577866077423,
                    0.9897466897964478
                ],
                [
                    -1.4900523481742312e-08,
                    0.3998473584651947,
                    0.9165430068969727,
                    3.6948556900024414
                ],
                [
                    0.0,
                    0.0,
                    0.0,
                    1.0
                ]
            ]
        },
        {
            "file_path": "./train/r_12",
            "rotation": 0.06283185307179587,
            "transform_matrix": [
                [
                    0.37962326407432556,
                    -0.8912519812583923,
                    0.24805322289466858,
                    0.9999759197235107
                ],
                [
                    0.9250947833061218,
                    0.3657355010509491,
                    -0.10179149359464645,
                    -0.41035160422325134
                ],
                [
                    0.0,
                    0.2681363821029663,
                    0.963340699672699,
                    3.8835113048553467
                ],
                [
                    0.0,
                    0.0,
                    0.0,
                    1.0
                ]
            ]
        },
        {
            "file_path": "./train/r_13",
            "rotation": 0.06283185307179587,
            "transform_matrix": [
                [
                    0.7972602248191833,
                    0.41030141711235046,
                    -0.44266974925994873,
                    -1.7845325469970703
                ],
                [
                    -0.6035647392272949,
                    0.5419749617576599,
                    -0.584730863571167,
                    -2.3572230339050293
                ],
                [
                    0.0,
                    0.7334205508232117,
                    0.6797429919242859,
                    2.7402451038360596
                ],
                [
                    0.0,
                    0.0,
                    0.0,
                    1.0
                ]
            ]
        },
        {
            "file_path": "./train/r_14",
            "rotation": 0.06283185307179587,
            "transform_matrix": [
                [
                    0.4765712320804596,
                    -0.5553591251373291,
                    0.6814654469490051,
                    2.7471885681152344
                ],
                [
                    0.879086971282959,
                    0.3010716438293457,
                    -0.3694365322589874,
                    -1.4893076419830322
                ],
                [
                    1.4900520817207052e-08,
                    0.7751916646957397,
                    0.6316952705383301,
                    2.5465500354766846
                ],
                [
                    0.0,
                    0.0,
                    0.0,
                    1.0
                ]
            ]
        },
        {
            "file_path": "./train/r_15",
            "rotation": 0.06283185307179587,
            "transform_matrix": [
                [
                    0.6449252367019653,
                    -0.23734061419963837,
                    0.7264028787612915,
                    2.928344488143921
                ],
                [
                    0.764189600944519,
                    0.2002996951341629,
                    -0.6130357384681702,
                    -2.471328020095825
                ],
                [
                    0.0,
                    0.95054692029953,
                    0.3105536103248596,
                    1.2519333362579346
                ],
                [
                    0.0,
                    0.0,
                    0.0,
                    1.0
                ]
            ]
        },
        {
            "file_path": "./train/r_16",
            "rotation": 0.06283185307179587,
            "transform_matrix": [
                [
                    0.49618375301361084,
                    -0.6643266677856445,
                    0.5589457750320435,
                    2.2532753944396973
                ],
                [
                    0.8681681156158447,
                    0.379682332277298,
                    -0.31945401430130005,
                    -1.2878135442733765
                ],
                [
                    -1.4900522593563892e-08,
                    0.6438177824020386,
                    0.7651445269584656,
                    3.0845236778259277
                ],
                [
                    0.0,
                    0.0,
                    0.0,
                    1.0
                ]
            ]
        },
        {
            "file_path": "./train/r_17",
            "rotation": 0.06283185307179587,
            "transform_matrix": [
                [
                    -0.7587869763374329,
                    -0.5389568209648132,
                    0.365656316280365,
                    1.4740686416625977
                ],
                [
                    0.6512730121612549,
                    -0.6279292702674866,
                    0.42601993680000305,
                    1.7174122333526611
                ],
                [
                    -2.9801043410770944e-08,
                    0.5614449381828308,
                    0.8274780511856079,
                    3.335808277130127
                ],
                [
                    0.0,
                    0.0,
                    0.0,
                    1.0
                ]
            ]
        },
        {
            "file_path": "./train/r_18",
            "rotation": 0.06283185307179587,
            "transform_matrix": [
                [
                    -0.8321479558944702,
                    -0.3214486241340637,
                    0.45180007815361023,
                    1.8213396072387695
                ],
                [
                    0.5544763207435608,
                    -0.48242416977882385,
                    0.6780532598495483,
                    2.7334330081939697
                ],
                [
                    0.0,
                    0.8148176074028015,
                    0.5796877145767212,
                    2.336892604827881
                ],
                [
                    0.0,
                    0.0,
                    0.0,
                    1.0
                ]
            ]
        },
        {
            "file_path": "./train/r_19",
            "rotation": 0.06283185307179587,
            "transform_matrix": [
                [
                    0.8450645804405212,
                    0.16179674863815308,
                    -0.5095142722129822,
                    -2.054002523422241
                ],
                [
                    -0.534584105014801,
                    0.25576651096343994,
                    -0.8054344058036804,
                    -3.246943950653076
                ],
                [
                    1.4900521705385472e-08,
                    0.9530977010726929,
                    0.30263516306877136,
                    1.2200117111206055
                ],
                [
                    0.0,
                    0.0,
                    0.0,
                    1.0
                ]
            ]
        },
        {
            "file_path": "./train/r_20",
            "rotation": 0.06283185307179587,
            "transform_matrix": [
                [
                    -0.6587139368057251,
                    0.13537350296974182,
                    -0.740058958530426,
                    -2.983396291732788
                ],
                [
                    -0.7523364424705505,
                    -0.11852731555700302,
                    0.647964358329773,
                    2.612135648727417
                ],
                [
                    0.0,
                    0.9836743474006653,
                    0.1799231916666031,
                    0.7253235578536987
                ],
                [
                    0.0,
                    0.0,
                    0.0,
                    1.0
                ]
            ]
        },
        {
            "file_path": "./train/r_21",
            "rotation": 0.06283185307179587,
            "transform_matrix": [
                [
                    -0.355863481760025,
                    0.8031358122825623,
                    -0.47780516743659973,
                    -1.9261738061904907
                ],
                [
                    -0.9344921112060547,
                    -0.30584174394607544,
                    0.18195274472236633,
                    0.7335052490234375
                ],
                [
                    0.0,
                    0.5112958550453186,
                    0.8593676090240479,
                    3.464364767074585
                ],
                [
                    0.0,
                    0.0,
                    0.0,
                    1.0
                ]
            ]
        },
        {
            "file_path": "./train/r_22",
            "rotation": 0.06283185307179587,
            "transform_matrix": [
                [
                    -0.7879459857940674,
                    -0.3247849941253662,
                    0.5230478048324585,
                    2.108560085296631
                ],
                [
                    0.6156747937202454,
                    -0.4156626760959625,
                    0.6694011092185974,
                    2.6985533237457275
                ],
                [
                    1.4900523481742312e-08,
                    0.8495463132858276,
                    0.527485191822052,
                    2.126448631286621
                ],
                [
                    0.0,
                    0.0,
                    0.0,
                    1.0
                ]
            ]
        },
        {
            "file_path": "./train/r_23",
            "rotation": 0.06283185307179587,
            "transform_matrix": [
                [
                    0.5368685126304626,
                    0.11433910578489304,
                    -0.8358326554298401,
                    -3.36948823928833
                ],
                [
                    -0.8436151146888733,
                    0.0727643072605133,
                    -0.5319158434867859,
                    -2.1443099975585938
                ],
                [
                    0.0,
                    0.9907683730125427,
                    0.1355239450931549,
                    0.5463370680809021
                ],
                [
                    0.0,
                    0.0,
                    0.0,
                    1.0
                ]
            ]
        },
        {
            "file_path": "./train/r_24",
            "rotation": 0.06283185307179587,
            "transform_matrix": [
                [
                    0.9892532825469971,
                    0.12375778704881668,
                    -0.07731347531080246,
                    -0.31167346239089966
                ],
                [
                    -0.14591841399669647,
                    0.8390154242515564,
                    -0.5241464376449585,
                    -2.1129891872406006
                ],
                [
                    -7.450260852692736e-09,
                    0.529836893081665,
                    0.8480628132820129,
                    3.4187917709350586
                ],
                [
                    0.0,
                    0.0,
                    0.0,
                    1.0
                ]
            ]
        },
        {
            "file_path": "./train/r_25",
            "rotation": 0.06283185307179587,
            "transform_matrix": [
                [
                    -0.07624664157629013,
                    -0.9369843602180481,
                    0.3409217596054077,
                    1.3743562698364258
                ],
                [
                    0.9970459342002869,
                    -0.0716535821557045,
                    0.026071157306432724,
                    0.10510052740573883
                ],
                [
                    0.0,
                    0.34192976355552673,
                    0.9396861791610718,
                    3.7881522178649902
                ],
                [
                    0.0,
                    0.0,
                    0.0,
                    1.0
                ]
            ]
        },
        {
            "file_path": "./train/r_26",
            "rotation": 0.06283185307179587,
            "transform_matrix": [
                [
                    0.20208658277988434,
                    0.6563657522201538,
                    -0.7268379330635071,
                    -2.930098533630371
                ],
                [
                    -0.9793238639831543,
                    0.13544316589832306,
                    -0.14998531341552734,
                    -0.6046351194381714
                ],
                [
                    7.450261296781946e-09,
                    0.7421784996986389,
                    0.6701704263687134,
                    2.7016549110412598
                ],
                [
                    0.0,
                    0.0,
                    0.0,
                    1.0
                ]
            ]
        },
        {
            "file_path": "./train/r_27",
            "rotation": 0.06283185307179587,
            "transform_matrix": [
                [
                    0.31616029143333435,
                    0.35063499212265015,
                    -0.8814894556999207,
                    -3.553544521331787
                ],
                [
                    -0.9486606121063232,
                    0.11685618758201599,
                    -0.29377415776252747,
                    -1.1842904090881348
                ],
                [
                    -7.450262184960366e-09,
                    0.929187536239624,
                    0.36958134174346924,
                    1.489891529083252
                ],
                [
                    0.0,
                    0.0,
                    0.0,
                    1.0
                ]
            ]
        },
        {
            "file_path": "./train/r_28",
            "rotation": 0.06283185307179587,
            "transform_matrix": [
                [
                    0.9727118015289307,
                    0.13489006459712982,
                    -0.18855242431163788,
                    -0.7601105570793152
                ],
                [
                    -0.23183150589466095,
                    0.5659676790237427,
                    -0.7911226749420166,
                    -3.189249277114868
                ],
                [
                    7.450260408603526e-09,
                    0.8133113384246826,
                    0.5817990899085999,
                    2.3454039096832275
                ],
                [
                    0.0,
                    0.0,
                    0.0,
                    1.0
                ]
            ]
        },
        {
            "file_path": "./train/r_29",
            "rotation": 0.06283185307179587,
            "transform_matrix": [
                [
                    -0.9714148640632629,
                    -0.17656481266021729,
                    0.1584131419658661,
                    0.6386101841926575
                ],
                [
                    0.23720751702785492,
                    -0.7230701446533203,
                    0.6487351655960083,
                    2.6152431964874268
                ],
                [
                    1.4900520817207052e-08,
                    0.6678206920623779,
                    0.7442885041236877,
                    3.0004467964172363
                ],
                [
                    0.0,
                    0.0,
                    0.0,
                    1.0
                ]
            ]
        },
        {
            "file_path": "./train/r_30",
            "rotation": 0.06283185307179587,
            "transform_matrix": [
                [
                    0.880114734172821,
                    -0.3694239556789398,
                    0.2980749309062958,
                    1.2016280889511108
                ],
                [
                    0.47467049956321716,
                    0.6849708557128906,
                    -0.5526784062385559,
                    -2.2280099391937256
                ],
                [
                    1.4900522593563892e-08,
                    0.6279575228691101,
                    0.7782129049301147,
                    3.1372060775756836
                ],
                [
                    0.0,
                    0.0,
                    0.0,
                    1.0
                ]
            ]
        },
        {
            "file_path": "./train/r_31",
            "rotation": 0.06283185307179587,
            "transform_matrix": [
                [
                    0.28453323245048523,
                    -0.7439666390419006,
                    0.6045757532119751,
                    2.437223434448242
                ],
                [
                    0.9586213231086731,
                    0.22082047164440155,
                    -0.17944717407226562,
                    -0.7234045267105103
                ],
                [
                    0.0,
                    0.6306679248809814,
                    0.7760182619094849,
                    3.128358840942383
                ],
                [
                    0.0,
                    0.0,
                    0.0,
                    1.0
                ]
            ]
        },
        {
            "file_path": "./train/r_32",
            "rotation": 0.06283185307179587,
            "transform_matrix": [
                [
                    0.8038216829299927,
                    0.5353041887283325,
                    -0.259337842464447,
                    -1.0454672574996948
                ],
                [
                    -0.5947980880737305,
                    0.7234204411506653,
                    -0.35047420859336853,
                    -1.4128648042678833
                ],
                [
                    0.0,
                    0.4360070526599884,
                    0.8999052047729492,
                    3.6277830600738525
                ],
                [
                    0.0,
                    0.0,
                    0.0,
                    1.0
                ]
            ]
        },
        {
            "file_path": "./train/r_33",
            "rotation": 0.06283185307179587,
            "transform_matrix": [
                [
                    0.6957449913024902,
                    -0.1780446618795395,
                    0.6958140134811401,
                    2.8050317764282227
                ],
                [
                    0.7182291150093079,
                    0.17247100174427032,
                    -0.6740316152572632,
                    -2.7172205448150635
                ],
                [
                    -7.450260852692736e-09,
                    0.968784749507904,
                    0.24787431955337524,
                    0.999254584312439
                ],
                [
                    0.0,
                    0.0,
                    0.0,
                    1.0
                ]
            ]
        },
        {
            "file_path": "./train/r_34",
            "rotation": 0.06283185307179587,
            "transform_matrix": [
                [
                    -0.1581043004989624,
                    -0.9855396747589111,
                    0.06084543839097023,
                    0.24528594315052032
                ],
                [
                    0.9873790144920349,
                    -0.157809779047966,
                    0.009742891415953636,
                    0.039276473224163055
                ],
                [
                    -9.312827176088945e-10,
                    0.06162288039922714,
                    0.9980581998825073,
                    4.023467540740967
                ],
                [
                    0.0,
                    0.0,
                    0.0,
                    1.0
                ]
            ]
        },
        {
            "file_path": "./train/r_35",
            "rotation": 0.06283185307179587,
            "transform_matrix": [
                [
                    0.6914519667625427,
                    0.3146592378616333,
                    -0.6502358913421631,
                    -2.621293067932129
                ],
                [
                    -0.7223630547523499,
                    0.3011944890022278,
                    -0.62241131067276,
                    -2.5091238021850586
                ],
                [
                    1.4900523481742312e-08,
                    0.9001450538635254,
                    0.4355626404285431,
                    1.7558817863464355
                ],
                [
                    0.0,
                    0.0,
                    0.0,
                    1.0
                ]
            ]
        },
        {
            "file_path": "./train/r_36",
            "rotation": 0.06283185307179587,
            "transform_matrix": [
                [
                    0.890158474445343,
                    -0.30558717250823975,
                    0.3378698527812958,
                    1.3620531558990479
                ],
                [
                    0.4555569589138031,
                    0.5971174836158752,
                    -0.6601977944374084,
                    -2.661452531814575
                ],
                [
                    -1.4900521705385472e-08,
                    0.7416583895683289,
                    0.6707459688186646,
                    2.703975200653076
                ],
                [
                    0.0,
                    0.0,
                    0.0,
                    1.0
                ]
            ]
        },
        {
            "file_path": "./train/r_37",
            "rotation": 0.06283185307179587,
            "transform_matrix": [
                [
                    -0.9691673517227173,
                    -0.09296967089176178,
                    0.2280050367116928,
                    0.9191555976867676
                ],
                [
                    0.24622921645641327,
                    -0.3659321069717407,
                    0.8974363207817078,
                    3.617830753326416
                ],
                [
                    0.0,
                    0.9259807467460632,
                    0.37754377722740173,
                    1.5219905376434326
                ],
                [
                    0.0,
                    0.0,
                    0.0,
                    1.0
                ]
            ]
        },
        {
            "file_path": "./train/r_38",
            "rotation": 0.06283185307179587,
            "transform_matrix": [
                [
                    -0.6462473273277283,
                    -0.5173020958900452,
                    0.560979962348938,
                    2.2614758014678955
                ],
                [
                    0.7630717754364014,
                    -0.4381043314933777,
                    0.475095272064209,
                    1.915249228477478
                ],
                [
                    -1.4900520817207052e-08,
                    0.7351551055908203,
                    0.6778668761253357,
                    2.7326812744140625
                ],
                [
                    0.0,
                    0.0,
                    0.0,
                    1.0
                ]
            ]
        },
        {
            "file_path": "./train/r_39",
            "rotation": 0.06283185307179587,
            "transform_matrix": [
                [
                    0.429190993309021,
                    0.8130431175231934,
                    -0.39334580302238464,
                    -1.585693120956421
                ],
                [
                    -0.9031662940979004,
                    0.38636380434036255,
                    -0.18692068755626678,
                    -0.7535325288772583
                ],
                [
                    1.4900521705385472e-08,
                    0.43551573157310486,
                    0.9001428484916687,
                    3.62874174118042
                ],
                [
                    0.0,
                    0.0,
                    0.0,
                    1.0
                ]
            ]
        },
        {
            "file_path": "./train/r_40",
            "rotation": 0.06283185307179587,
            "transform_matrix": [
                [
                    0.9445776343345642,
                    0.052252501249313354,
                    -0.3239714205265045,
                    -1.3060245513916016
                ],
                [
                    -0.32815736532211304,
                    0.15040509402751923,
                    -0.9325286746025085,
                    -3.75929856300354
                ],
                [
                    -3.725130426346368e-09,
                    0.9872375130653381,
                    0.15921740233898163,
                    0.6418523788452148
                ],
                [
                    0.0,
                    0.0,
                    0.0,
                    1.0
                ]
            ]
        },
        {
            "file_path": "./train/r_41",
            "rotation": 0.06283185307179587,
            "transform_matrix": [
                [
                    0.9992838501930237,
                    0.01386410091072321,
                    -0.03396754711866379,
                    -0.13693322241306305
                ],
                [
                    -0.03668772801756859,
                    0.37762415409088135,
                    -0.9251928329467773,
                    -3.7297255992889404
                ],
                [
                    0.0,
                    0.9258497357368469,
                    0.3778648376464844,
                    1.5232847929000854
                ],
                [
                    0.0,
                    0.0,
                    0.0,
                    1.0
                ]
            ]
        },
        {
            "file_path": "./train/r_42",
            "rotation": 0.06283185307179587,
            "transform_matrix": [
                [
                    0.7855286002159119,
                    0.4016079306602478,
                    -0.47072622179985046,
                    -1.8976364135742188
                ],
                [
                    -0.618756115436554,
                    0.5098527073860168,
                    -0.5976003408432007,
                    -2.4091033935546875
                ],
                [
                    1.4900523481742312e-08,
                    0.7607569694519043,
                    0.6490054726600647,
                    2.616332769393921
                ],
                [
                    0.0,
                    0.0,
                    0.0,
                    1.0
                ]
            ]
        },
        {
            "file_path": "./train/r_43",
            "rotation": 0.06283185307179587,
            "transform_matrix": [
                [
                    0.8819124698638916,
                    0.11410052329301834,
                    -0.4573043882846832,
                    -1.8435289859771729
                ],
                [
                    -0.4713221490383148,
                    0.21349871158599854,
                    -0.8556832075119019,
                    -3.4495115280151367
                ],
                [
                    -7.450261296781946e-09,
                    0.9702521562576294,
                    0.2420669049024582,
                    0.9758431315422058
                ],
                [
                    0.0,
                    0.0,
                    0.0,
                    1.0
