{
    "camera_angle_x": 0.6911112070083618,
    "frames": [
        {
            "file_path": "./train/r_0",
            "rotation": 0.06283185307179587,
            "transform_matrix": [
                [
                    -0.5471307635307312,
                    0.6541288495063782,
                    -0.5222172737121582,
                    -2.1052119731903076
                ],
                [
                    -0.8369958996772766,
                    -0.427593469619751,
                    0.3413650095462799,
                    1.3761430978775024
                ],
                [
                    1.4900523481742312e-08,
                    0.623914361000061,
                    0.7814579606056213,
                    3.1502878665924072
                ],
                [
                    0.0,
                    0.0,
                    0.0,
                    1.0
                ]
            ]
        },
        {
            "file_path": "./train/r_1",
            "rotation": 0.06283185307179587,
            "transform_matrix": [
                [
                    -0.6550177335739136,
                    0.19040191173553467,
                    -0.731175422668457,
                    -2.9475841522216797
                ],
                [
                    -0.7555568218231201,
                    -0.16506588459014893,
                    0.6338807940483093,
                    2.555360794067383
                ],
                [
                    -7.450261740871156e-09,
                    0.9677243232727051,
                    0.251982182264328,
                    1.0158145427703857
                ],
                [
                    0.0,
                    0.0,
                    0.0,
                    1.0
                ]
            ]
        },
        {
            "file_path": "./train/r_2",
            "rotation": 0.06283185307179587,
            "transform_matrix": [
                [
                    0.6641823053359985,
                    -0.26216381788253784,
                    0.7000378370285034,
                    2.822059392929077
                ],
                [
                    0.7475132942199707,
                    0.23293845355510712,
                    -0.6219993233680725,
                    -2.507462978363037
                ],
                [
                    0.0,
                    0.9364826679229736,
                    0.35068684816360474,
                    1.413722276687622
                ],
                [
                    0.0,
                    0.0,
                    0.0,
                    1.0
                ]
            ]
        },
        {
            "file_path": "./train/r_3",
            "rotation": 0.06283185307179587,
            "transform_matrix": [
                [
                    -0.582047164440155,
                    0.6729357242584229,
                    -0.45642924308776855,
                    -1.8400012254714966
                ],
                [
                    -0.8131021857261658,
                    -0.48171111941337585,
                    0.32672813534736633,
                    1.3171377182006836
                ],
                [
                    0.0,
                    0.5613391995429993,
                    0.8275495767593384,
                    3.336097002029419
                ],
                [
                    0.0,
                    0.0,
                    0.0,
                    1.0
                ]
            ]
        },
        {
            "file_path": "./train/r_4",
            "rotation": 0.06283185307179587,
            "transform_matrix": [
                [
                    -0.2692194879055023,
                    -0.2463332712650299,
                    0.931000828742981,
                    3.753139019012451
                ],
                [
                    0.9630343914031982,
                    -0.06886329501867294,
                    0.26026439666748047,
                    1.049202561378479
                ],
                [
                    7.450261740871156e-09,
                    0.9667304158210754,
                    0.25576847791671753,
                    1.0310782194137573
                ],
                [
                    0.0,
                    0.0,
                    0.0,
                    1.0
                ]
            ]
        },
        {
            "file_path": "./train/r_5",
            "rotation": 0.06283185307179587,
            "transform_matrix": [
                [
                    0.9202508926391602,
                    0.3304189443588257,
                    -0.20948533713817596,
                    -0.8444972634315491
                ],
                [
                    -0.39121901988983154,
                    0.7772329449653625,
                    -0.4927650988101959,
                    -1.9864815473556519
                ],
                [
                    -1.4900520817207052e-08,
                    0.5354647040367126,
                    0.844521164894104,
                    3.4045140743255615
                ],
                [
                    0.0,
                    0.0,
                    0.0,
                    1.0
                ]
            ]
        },
        {
            "file_path": "./train/r_6",
            "rotation": 0.06283185307179587,
            "transform_matrix": [
                [
                    0.6065382361412048,
                    -0.22649355232715607,
                    0.7620577812194824,
                    3.07207989692688
                ],
                [
                    0.7950004935264587,
                    0.1728011816740036,
                    -0.581404983997345,
                    -2.3438150882720947
                ],
                [
                    -1.4900523481742312e-08,
                    0.9585564136505127,
                    0.2848748564720154,
                    1.1484146118164062
                ],
                [
                    0.0,
                    0.0,
                    0.0,
                    1.0
                ]
            ]
        },
        {
            "file_path": "./train/r_7",
            "rotation": 0.06283185307179587,
            "transform_matrix": [
                [
                    0.5652524828910828,
                    0.6724920868873596,
                    -0.4776957929134369,
                    -1.9257328510284424
                ],
                [
                    -0.8248658776283264,
                    0.46083587408065796,
                    -0.32734861969947815,
                    -1.3196390867233276
                ],
                [
                    0.0,
                    0.5791154503822327,
                    0.8152097463607788,
                    3.286351442337036
                ],
                [
                    0.0,
                    0.0,
                    0.0,
                    1.0
                ]
            ]
        },
        {
            "file_path": "./train/r_8",
            "rotation": 0.06283185307179587,
            "transform_matrix": [
                [
                    0.9779089093208313,
                    -0.04140089452266693,
                    0.20468176901340485,
                    0.8251326680183411
                ],
                [
                    0.20882625877857208,
                    0.19387556612491608,
                    -0.9585008025169373,
                    -3.863999843597412
                ],
                [
                    0.0,
                    0.9801470637321472,
                    0.1982395052909851,
                    0.7991620302200317
                ],
                [
                    0.0,
                    0.0,
                    0.0,
                    1.0
                ]
            ]
        },
        {
            "file_path": "./train/r_9",
            "rotation": 0.06283185307179587,
            "transform_matrix": [
                [
                    0.07471606135368347,
                    0.6804371476173401,
                    -0.728954017162323,
                    -2.938628673553467
                ],
                [
                    -0.9971618056297302,
                    0.05098428577184677,
                    -0.05461959168314934,
                    -0.220187708735466
                ],
                [
                    -3.725130204301763e-09,
                    0.731023907661438,
                    0.6823197603225708,
                    2.7506322860717773
                ],
                [
                    0.0,
                    0.0,
                    0.0,
                    1.0
                ]
            ]
        },
        {
            "file_path": "./train/r_10",
            "rotation": 0.06283185307179587,
            "transform_matrix": [
                [
                    -0.96293044090271,
                    0.2171018123626709,
                    -0.15984226763248444,
                    -0.6443713903427124
                ],
                [
                    -0.2695905566215515,
                    -0.775449812412262,
                    0.5709286332130432,
                    2.301582098007202
                ],
                [
                    -7.450260408603526e-09,
                    0.5929034352302551,
                    0.8052380084991455,
                    3.246152400970459
                ],
                [
                    0.0,
                    0.0,
                    0.0,
                    1.0
                ]
            ]
        },
        {
            "file_path": "./train/r_11",
            "rotation": 0.06283185307179587,
            "transform_matrix": [
                [
                    -0.9898950457572937,
                    -0.03449445590376854,
                    0.13723093271255493,
                    0.553218424320221
                ],
                [
                    0.14149926602840424,
                    -0.24131496250629425,
                    0.9600347280502319,
                    3.8701834678649902
                ],
                [
                    0.0,
                    0.9698284268379211,
                    0.24375903606414795,
                    0.9826647043228149
                ],
                [
                    0.0,
                    0.0,
                    0.0,
                    1.0
                ]
            ]
        },
        {
            "file_path": "./train/r_12",
            "rotation": 0.06283185307179587,
            "transform_matrix": [
                [
                    0.58380126953125,
                    -0.774000883102417,
                    0.2450685054063797,
                    0.9879435896873474
                ],
                [
                    0.8118438124656677,
                    0.5565882325172424,
                    -0.17623008787631989,
                    -0.7104355692863464
                ],
                [
                    0.0,
                    0.3018644452095032,
                    0.9533109068870544,
                    3.843078136444092
                ],
                [
                    0.0,
                    0.0,
                    0.0,
                    1.0
                ]
            ]
        },
        {
            "file_path": "./train/r_13",
            "rotation": 0.06283185307179587,
            "transform_matrix": [
                [
                    0.9213695526123047,
                    -0.08784601092338562,
                    0.3785187602043152,
                    1.5259208679199219
                ],
                [
                    0.38857731223106384,
                    0.2082948237657547,
                    -0.8975194096565247,
                    -3.6181654930114746
                ],
                [
                    -7.450260408603526e-09,
                    0.9741079211235046,
                    0.22605298459529877,
                    0.9112862944602966
                ],
                [
                    0.0,
                    0.0,
                    0.0,
                    1.0
                ]
            ]
        },
        {
            "file_path": "./train/r_14",
            "rotation": 0.06283185307179587,
            "transform_matrix": [
                [
                    -0.5935528874397278,
                    0.2813062369823456,
                    -0.7539786100387573,
                    -3.039510726928711
                ],
                [
                    -0.8047416806221008,
                    -0.20748288929462433,
                    0.5561116337776184,
                    2.2418501377105713
                ],
                [
                    0.0,
                    0.9369139075279236,
                    0.34953323006629944,
                    1.409071683883667
                ],
                [
                    0.0,
                    0.0,
                    0.0,
                    1.0
                ]
            ]
        },
        {
            "file_path": "./train/r_15",
            "rotation": 0.06283185307179587,
            "transform_matrix": [
                [
                    -0.9101659655570984,
                    0.2536875605583191,
                    -0.3273528516292572,
                    -1.3196561336517334
                ],
                [
                    -0.41414010524749756,
                    -0.5575354695320129,
                    0.7194314002990723,
                    2.900240659713745
                ],
                [
                    -2.9801039858057266e-08,
                    0.7904345989227295,
                    0.6125161051750183,
                    2.469233274459839
                ],
                [
                    0.0,
                    0.0,
                    0.0,
                    1.0
                ]
            ]
        },
        {
            "file_path": "./train/r_16",
            "rotation": 0.06283185307179587,
            "transform_matrix": [
                [
                    -0.1261492818593979,
                    0.41548019647598267,
                    -0.9007732272148132,
                    -3.6312830448150635
                ],
                [
                    -0.991968035697937,
                    -0.052836913615465164,
                    0.11455197632312775,
                    0.46179285645484924
                ],
                [
                    3.725130648390973e-09,
                    0.9080607295036316,
                    0.418811172246933,
                    1.6883515119552612
                ],
                [
                    0.0,
                    0.0,
                    0.0,
                    1.0
                ]
            ]
        },
        {
            "file_path": "./train/r_17",
            "rotation": 0.06283185307179587,
            "transform_matrix": [
                [
                    -0.9986176490783691,
                    0.02280350774526596,
                    -0.046443596482276917,
                    -0.18722786009311676
                ],
                [
                    -0.05173935741186142,
                    -0.4401288330554962,
                    0.896404504776001,
                    3.61367130279541
                ],
                [
                    1.862565213173184e-09,
                    0.8976393938064575,
                    0.44070321321487427,
                    1.7766048908233643
                ],
                [
                    0.0,
                    0.0,
                    0.0,
                    1.0
                ]
            ]
        },
        {
            "file_path": "./train/r_18",
            "rotation": 0.06283185307179587,
            "transform_matrix": [
                [
                    -0.999449610710144,
                    -0.019352108240127563,
                    0.025302713736891747,
                    0.10200271755456924
                ],
                [
                    0.03185437619686127,
                    -0.6071837544441223,
                    0.7938874363899231,
                    3.200394868850708
                ],
                [
                    9.312827176088945e-10,
                    0.7943192720413208,
                    0.6074700355529785,
                    2.4488911628723145
                ],
                [
                    0.0,
                    0.0,
                    0.0,
                    1.0
                ]
            ]
        },
        {
            "file_path": "./train/r_19",
            "rotation": 0.06283185307179587,
            "transform_matrix": [
                [
                    0.9978542327880859,
                    0.02769746072590351,
                    -0.05860278755426407,
                    -0.23624515533447266
                ],
                [
                    -0.06481796503067017,
                    0.42639461159706116,
                    -0.9021733999252319,
                    -3.636927366256714
                ],
                [
                    0.0,
                    0.9041074514389038,
                    0.4272777736186981,
                    1.7224829196929932
                ],
                [
                    0.0,
                    0.0,
                    0.0,
                    1.0
                ]
            ]
        },
        {
            "file_path": "./train/r_20",
            "rotation": 0.06283185307179587,
            "transform_matrix": [
                [
                    -0.5201126933097839,
                    0.8534684777259827,
                    -0.03230608254671097,
                    -0.13023534417152405
                ],
                [
                    -0.8540474772453308,
                    -0.5197600722312927,
                    0.01967431791126728,
                    0.07931298017501831
                ],
                [
                    0.0,
                    0.037828076630830765,
                    0.9992430210113525,
                    4.028243541717529
                ],
                [
                    0.0,
                    0.0,
                    0.0,
                    1.0
                ]
            ]
        },
        {
            "file_path": "./train/r_21",
            "rotation": 0.06283185307179587,
            "transform_matrix": [
                [
                    -0.044041719287633896,
                    -0.46504515409469604,
                    0.884152889251709,
                    3.564281702041626
                ],
                [
                    0.9989867210388184,
                    -0.020502159371972084,
                    0.03897910937666893,
                    0.15713630616664886
                ],
                [
                    -1.862564991128579e-09,
                    0.8850439786911011,
                    0.4654799699783325,
                    1.8764872550964355
                ],
                [
                    0.0,
                    0.0,
                    0.0,
                    1.0
                ]
            ]
        },
        {
            "file_path": "./train/r_22",
            "rotation": 0.06283185307179587,
            "transform_matrix": [
                [
                    0.14301063120365143,
                    0.4923394024372101,
                    -0.858536422252655,
                    -3.4610140323638916
                ],
                [
                    -0.9896777868270874,
                    0.07114413380622864,
                    -0.12406040728092194,
                    -0.5001241564750671
                ],
                [
                    0.0,
                    0.8674851059913635,
                    0.4974350035190582,
                    2.00530743598938
                ],
                [
                    0.0,
                    0.0,
                    0.0,
                    1.0
                ]
            ]
        },
        {
            "file_path": "./train/r_23",
            "rotation": 0.06283185307179587,
            "transform_matrix": [
                [
                    0.44845297932624817,
                    0.7711566090583801,
                    -0.45184871554374695,
                    -1.8215354681015015
                ],
                [
                    -0.8937584161758423,
                    0.386936217546463,
                    -0.22672000527381897,
                    -0.9139752984046936
                ],
                [
                    -1.4900520817207052e-08,
                    0.5055568814277649,
                    0.8627561926841736,
                    3.478024959564209
                ],
                [
                    0.0,
                    0.0,
                    0.0,
                    1.0
                ]
            ]
        },
        {
            "file_path": "./train/r_24",
            "rotation": 0.06283185307179587,
            "transform_matrix": [
                [
                    -0.4883649945259094,
                    0.49724239110946655,
                    -0.7170664072036743,
                    -2.8907065391540527
                ],
                [
                    -0.8725903630256653,
                    -0.2782929837703705,
                    0.40132248401641846,
                    1.6178494691848755
                ],
                [
                    0.0,
                    0.8217621445655823,
                    0.5698011517524719,
                    2.29703688621521
                ],
                [
                    0.0,
                    0.0,
                    0.0,
                    1.0
                ]
            ]
        },
        {
            "file_path": "./train/r_25",
            "rotation": 0.06283185307179587,
            "transform_matrix": [
                [
                    0.8108298182487488,
                    0.15185515582561493,
                    -0.5651654005050659,
                    -2.278348445892334
                ],
                [
                    -0.5852085947990417,
                    0.21040137112140656,
                    -0.7830591797828674,
                    -3.156742811203003
                ],
                [
                    0.0,
                    0.965743899345398,
                    0.2594683766365051,
                    1.0459935665130615
                ],
                [
                    0.0,
                    0.0,
                    0.0,
                    1.0
                ]
            ]
        },
        {
            "file_path": "./train/r_26",
            "rotation": 0.06283185307179587,
            "transform_matrix": [
                [
                    -0.03981464356184006,
                    -0.3372730314731598,
                    0.9405249953269958,
                    3.791534185409546
                ],
                [
                    0.9991641640663147,
                    -0.013439638540148735,
                    0.037477992475032806,
                    0.15108487010002136
                ],
                [
                    -9.312826620977432e-10,
                    0.9413055181503296,
                    0.33752843737602234,
                    1.360676884651184
                ],
                [
                    0.0,
                    0.0,
                    0.0,
                    1.0
                ]
            ]
        },
        {
            "file_path": "./train/r_27",
            "rotation": 0.06283185307179587,
            "transform_matrix": [
                [
                    0.7286362051963806,
                    0.2769797444343567,
                    -0.6263328194618225,
                    -2.524932622909546
                ],
                [
                    -0.6848383545875549,
                    0.29469355940818787,
                    -0.6663890480995178,
                    -2.686411142349243
                ],
                [
                    -1.4900521705385472e-08,
                    0.9145644307136536,
                    0.4044133722782135,
                    1.630309820175171
                ],
                [
                    0.0,
                    0.0,
                    0.0,
                    1.0
                ]
            ]
        },
        {
            "file_path": "./train/r_28",
            "rotation": 0.06283185307179587,
            "transform_matrix": [
                [
                    -0.05571293085813522,
                    -0.4214003384113312,
                    0.9051232933998108,
                    3.6488189697265625
                ],
                [
                    0.9984038472175598,
                    -0.02351498045027256,
                    0.05050768703222275,
                    0.20361138880252838
                ],
                [
                    0.0,
                    0.9065642356872559,
                    0.4220406711101532,
                    1.7013704776763916
                ],
                [
                    0.0,
                    0.0,
                    0.0,
                    1.0
                ]
            ]
        },
        {
            "file_path": "./train/r_29",
            "rotation": 0.06283185307179587,
            "transform_matrix": [
                [
                    -0.30584824085235596,
                    0.2018793374300003,
                    -0.9303879141807556,
                    -3.750668525695801
                ],
                [
                    -0.9520351886749268,
                    -0.06485521793365479,
                    0.29889392852783203,
                    1.2049297094345093
                ],
                [
                    -3.7251297602125533e-09,
                    0.977255642414093,
                    0.21203351020812988,
                    0.854769766330719
                ],
                [
                    0.0,
                    0.0,
                    0.0,
                    1.0
                ]
            ]
        },
        {
            "file_path": "./train/r_30",
            "rotation": 0.06283185307179587,
            "transform_matrix": [
                [
                    0.41918301582336426,
                    0.655216634273529,
                    -0.6284302473068237,
                    -2.533388137817383
                ],
                [
                    -0.9078543782234192,
                    0.30253276228904724,
                    -0.2901647090911865,
                    -1.1697396039962769
                ],
                [
                    0.0,
                    0.6922100782394409,
                    0.7216628789901733,
                    2.909236192703247
                ],
                [
                    0.0,
                    0.0,
                    0.0,
                    1.0
                ]
            ]
        },
        {
            "file_path": "./train/r_31",
            "rotation": 0.06283185307179587,
            "transform_matrix": [
                [
                    0.01809925213456154,
                    0.23045815527439117,
                    -0.9728733897209167,
                    -3.9219400882720947
                ],
                [
                    -0.9997932314872742,
                    0.00417198333889246,
                    -0.017611922696232796,
                    -0.07099886983633041
                ],
                [
                    0.0,
                    0.9730679988861084,
                    0.23048755526542664,
                    0.9291634559631348
                ],
                [
                    0.0,
                    0.0,
                    0.0,
                    1.0
                ]
            ]
        },
        {
            "file_path": "./train/r_32",
            "rotation": 0.06283185307179587,
            "transform_matrix": [
                [
                    -0.9970127940177917,
                    0.06832504272460938,
                    -0.03481077402830124,
                    -0.14033252000808716
                ],
                [
                    -0.07667948305606842,
                    -0.8883853554725647,
                    0.4526215195655823,
                    1.8246510028839111
                ],
                [
                    0.0,
                    0.4539746344089508,
                    0.8909767270088196,
                    3.591790199279785
                ],
                [
                    0.0,
                    0.0,
                    0.0,
                    1.0
                ]
            ]
        },
        {
            "file_path": "./train/r_33",
            "rotation": 0.06283185307179587,
            "transform_matrix": [
                [
                    -0.23582807183265686,
                    -0.8889056444168091,
                    0.39269140362739563,
                    1.583055019378662
                ],
                [
                    0.9717506170272827,
                    -0.2157229483127594,
                    0.09529981017112732,
                    0.3841816782951355
                ],
                [
                    7.450260852692736e-09,
                    0.40410444140434265,
                    0.9146741628646851,
                    3.687321662902832
                ],
                [
                    0.0,
                    0.0,
                    0.0,
                    1.0
                ]
            ]
        },
        {
            "file_path": "./train/r_34",
            "rotation": 0.06283185307179587,
            "transform_matrix": [
                [
                    -0.8153080940246582,
                    -0.4824167788028717,
                    0.3201232850551605,
                    1.2905116081237793
                ],
                [
                    0.5789533257484436,
                    -0.6793610453605652,
                    0.4508120119571686,
                    1.8173564672470093
                ],
                [
                    1.4900522593563892e-08,
                    0.5529308915138245,
                    0.8331908583641052,
                    3.3588383197784424
                ],
                [
                    0.0,
                    0.0,
                    0.0,
                    1.0
                ]
            ]
        },
        {
            "file_path": "./train/r_35",
            "rotation": 0.06283185307179587,
            "transform_matrix": [
                [
                    0.5428506731987,
                    0.6552383303642273,
                    -0.5252841114997864,
                    -2.117575168609619
                ],
                [
                    -0.8397780656814575,
                    0.423560231924057,
                    -0.3395549952983856,
                    -1.3688464164733887
                ],
                [
                    0.0,
                    0.6254993677139282,
                    0.7801899909973145,
                    3.1451761722564697
                ],
                [
                    0.0,
                    0.0,
                    0.0,
                    1.0
                ]
            ]
        },
        {
            "file_path": "./train/r_36",
            "rotation": 0.06283185307179587,
            "transform_matrix": [
                [
                    0.026148909702897072,
                    0.508746325969696,
                    -0.8604821562767029,
                    -3.468857765197754
                ],
                [
                    -0.9996150732040405,
                    0.013308284804224968,
                    -0.02250933274626732,
                    -0.09074176847934723
                ],
                [
                    1.862565213173184e-09,
                    0.8608077764511108,
                    0.5089018940925598,
                    2.0515339374542236
                ],
                [
                    0.0,
                    0.0,
                    0.0,
                    1.0
                ]
            ]
        },
        {
            "file_path": "./train/r_37",
            "rotation": 0.06283185307179587,
            "transform_matrix": [
                [
                    -0.4857409596443176,
                    0.4906635582447052,
                    -0.7233526706695557,
                    -2.916048526763916
                ],
                [
                    -0.8740537166595459,
                    -0.2726781666278839,
                    0.4019913375377655,
                    1.6205459833145142
                ],
                [
                    1.4900520817207052e-08,
                    0.8275783061981201,
                    0.5613209009170532,
                    2.262850522994995
                ],
                [
                    0.0,
                    0.0,
                    0.0,
                    1.0
                ]
            ]
        },
        {
            "file_path": "./train/r_38",
            "rotation": 0.06283185307179587,
            "transform_matrix": [
                [
                    -0.29257556796073914,
                    0.4538796544075012,
                    -0.8416203856468201,
                    -3.392820358276367
                ],
                [
                    -0.9561975598335266,
                    -0.1388772577047348,
                    0.2575174570083618,
                    1.0381289720535278
                ],
                [
                    7.450260852692736e-09,
                    0.8801683187484741,
                    0.4746338427066803,
                    1.9133893251419067
                ],
                [
                    0.0,
                    0.0,
                    0.0,
                    1.0
                ]
            ]
        },
        {
            "file_path": "./train/r_39",
            "rotation": 0.06283185307179587,
            "transform_matrix": [
                [
                    0.610241711139679,
                    -0.46013006567955017,
                    0.6448386907577515,
                    2.5995352268218994
                ],
                [
                    0.7921611070632935,
                    0.3544613718986511,
                    -0.4967517852783203,
                    -2.0025532245635986
                ],
                [
                    1.4900521705385472e-08,
                    0.8140192627906799,
                    0.5808081030845642,
                    2.341409206390381
                ],
                [
                    0.0,
                    0.0,
                    0.0,
                    1.0
                ]
            ]
        },
        {
            "file_path": "./train/r_40",
            "rotation": 0.06283185307179587,
            "transform_matrix": [
                [
                    -0.439849853515625,
                    -0.43355831503868103,
                    0.7864412069320679,
                    3.1703765392303467
                ],
                [
                    0.8980234861373901,
                    -0.2123558521270752,
                    0.38519707322120667,
                    1.5528430938720703
                ],
                [
                    0.0,
                    0.8757409453392029,
                    0.4827534854412079,
                    1.9461218118667603
                ],
                [
                    0.0,
                    0.0,
                    0.0,
                    1.0
                ]
            ]
        },
        {
            "file_path": "./train/r_41",
            "rotation": 0.06283185307179587,
            "transform_matrix": [
                [
                    0.8095501065254211,
                    0.5345420837402344,
                    -0.24254745244979858,
                    -0.9777804613113403
                ],
                [
                    -0.5869775414466858,
                    0.7372319102287292,
                    -0.33451759815216064,
                    -1.3485393524169922
                ],
                [
                    0.0,
                    0.41321149468421936,
                    0.910596489906311,
                    3.6708836555480957
                ],
                [
                    0.0,
                    0.0,
                    0.0,
                    1.0
                ]
            ]
        },
        {
            "file_path": "./train/r_42",
            "rotation": 0.06283185307179587,
            "transform_matrix": [
                [
                    -0.990658164024353,
                    0.1358565092086792,
                    -0.00742496969178319,
                    -0.029932241886854172
                ],
                [
                    -0.136054128408432,
                    -0.9892191886901855,
                    0.0540638230741024,
                    0.21794721484184265
                ],
                [
                    -4.6564135880444724e-10,
                    0.05457313731312752,
                    0.9984685778617859,
                    4.025121212005615
                ],
                [
                    0.0,
                    0.0,
                    0.0,
                    1.0
                ]
            ]
        },
        {
            "file_path": "./train/r_43",
            "rotation": 0.06283185307179587,
            "transform_matrix": [
                [
                    -0.04219583794474602,
                    0.9316062331199646,
                    -0.3609841763973236,
                    -1.4552338123321533
                ],
                [
                    -0.9990664720535278,
                    -0.03934663534164429,
                    0.015246262773871422,
                    0.06146219000220299
                ],
                [
                    0.0,
                    0.3613191246986389,
                    0.9324029684066772,
                    3.758791923522949
                ],
                [
                    0.0,
                    0.0,
                    0.0,
                    1.0
