{
    "camera_angle_x": 0.6911112070083618,
    "frames": [
        {
            "file_path": "./train/r_0",
            "rotation": 0.06283185307179587,
            "transform_matrix": [
                [
                    0.9736583828926086,
                    0.1657458245754242,
                    -0.15631359815597534,
                    -0.6301462650299072
                ],
                [
                    -0.22782327234745026,
                    0.708355188369751,
                    -0.6680442690849304,
                    -2.6930837631225586
                ],
                [
                    -7.4502595204251065e-09,
                    0.686113178730011,
                    0.7274615168571472,
                    2.932612180709839
                ],
                [
                    0.0,
                    0.0,
                    0.0,
                    1.0
                ]
            ]
        },
        {
            "file_path": "./train/r_1",
            "rotation": 0.06283185307179587,
            "transform_matrix": [
                [
                    0.982674777507782,
                    -0.17302799224853516,
                    0.06578904390335083,
                    0.26521503925323486
                ],
                [
                    0.18510699272155762,
                    0.9185511469841003,
                    -0.3492533564567566,
                    -1.4079433679580688
                ],
                [
                    3.725130870435578e-09,
                    0.3554084897041321,
                    0.9346717596054077,
                    3.7679378986358643
                ],
                [
                    0.0,
                    0.0,
                    0.0,
                    1.0
                ]
            ]
        },
        {
            "file_path": "./train/r_2",
            "rotation": 0.06283185307179587,
            "transform_matrix": [
                [
                    -0.9631907343864441,
                    0.20872808992862701,
                    -0.16915614902973175,
                    -0.6819184422492981
                ],
                [
                    -0.2686592936515808,
                    -0.74832683801651,
                    0.6064544916152954,
                    2.4447972774505615
                ],
                [
                    -1.4900522593563892e-08,
                    0.629626452922821,
                    0.7768632769584656,
                    3.131765365600586
                ],
                [
                    0.0,
                    0.0,
                    0.0,
                    1.0
                ]
            ]
        },
        {
            "file_path": "./train/r_3",
            "rotation": 0.06283185307179587,
            "transform_matrix": [
                [
                    0.4038527309894562,
                    -0.2657032012939453,
                    0.8753437995910645,
                    3.5287694931030273
                ],
                [
                    0.9147771000862122,
                    0.11730175465345383,
                    -0.3864438235759735,
                    -1.5578693151474
                ],
                [
                    0.0,
                    0.9568867087364197,
                    0.290433794260025,
                    1.1708245277404785
                ],
                [
                    0.0,
                    0.0,
                    0.0,
                    1.0
                ]
            ]
        },
        {
            "file_path": "./train/r_4",
            "rotation": 0.06283185307179587,
            "transform_matrix": [
                [
                    0.9993274211883545,
                    0.0074838194996118546,
                    -0.03468041121959686,
                    -0.13980698585510254
                ],
                [
                    -0.03547859191894531,
                    0.21079716086387634,
                    -0.9768451452255249,
                    -3.9379513263702393
                ],
                [
                    4.656412755377204e-10,
                    0.9774960279464722,
                    0.21092231571674347,
                    0.8502901792526245
                ],
                [
                    0.0,
                    0.0,
                    0.0,
                    1.0
                ]
            ]
        },
        {
            "file_path": "./train/r_5",
            "rotation": 0.06283185307179587,
            "transform_matrix": [
                [
                    -0.1991734355688095,
                    0.6738521456718445,
                    -0.711479663848877,
                    -2.868185043334961
                ],
                [
                    -0.979920506477356,
                    -0.1369635909795761,
                    0.14461158215999603,
                    0.5829720497131348
                ],
                [
                    0.0,
                    0.726053774356842,
                    0.6876055598258972,
                    2.7719411849975586
                ],
                [
                    0.0,
                    0.0,
                    0.0,
                    1.0
                ]
            ]
        },
        {
            "file_path": "./train/r_6",
            "rotation": 0.06283185307179587,
            "transform_matrix": [
                [
                    0.9097715020179749,
                    0.2363632321357727,
                    -0.34112605452537537,
                    -1.3751797676086426
                ],
                [
                    -0.4150058925151825,
                    0.5181528925895691,
                    -0.7478128671646118,
                    -3.0146541595458984
                ],
                [
                    1.4900519929028633e-08,
                    0.8219731450080872,
                    0.5694966912269592,
                    2.295809268951416
                ],
                [
                    0.0,
                    0.0,
                    0.0,
                    1.0
                ]
            ]
        },
        {
            "file_path": "./train/r_7",
            "rotation": 0.06283185307179587,
            "transform_matrix": [
                [
                    0.9341633319854736,
                    -0.25590604543685913,
                    0.24853621423244476,
                    1.001922845840454
                ],
                [
                    0.3567253649234772,
                    0.6701459288597107,
                    -0.6508464217185974,
                    -2.6237540245056152
                ],
                [
                    0.0,
                    0.6967111229896545,
                    0.7173187732696533,
                    2.8917236328125
                ],
                [
                    0.0,
                    0.0,
                    0.0,
                    1.0
                ]
            ]
        },
        {
            "file_path": "./train/r_8",
            "rotation": 0.06283185307179587,
            "transform_matrix": [
                [
                    0.6579000949859619,
                    0.3475903272628784,
                    -0.6680368781089783,
                    -2.693053960800171
                ],
                [
                    -0.7530482411384583,
                    0.30367201566696167,
                    -0.5836299657821655,
                    -2.3527846336364746
                ],
                [
                    -1.4900520817207052e-08,
                    0.8871043920516968,
                    0.46154114603996277,
                    1.8606088161468506
                ],
                [
                    0.0,
                    0.0,
                    0.0,
                    1.0
                ]
            ]
        },
        {
            "file_path": "./train/r_9",
            "rotation": 0.06283185307179587,
            "transform_matrix": [
                [
                    -0.862542986869812,
                    -0.30965155363082886,
                    0.40007200837135315,
                    1.6128085851669312
                ],
                [
                    0.50589919090271,
                    -0.5279466509819031,
                    0.6821107864379883,
                    2.7497901916503906
                ],
                [
                    0.0,
                    0.7908084988594055,
                    0.6120331883430481,
                    2.4672865867614746
                ],
                [
                    0.0,
                    0.0,
                    0.0,
                    1.0
                ]
            ]
        },
        {
            "file_path": "./train/r_10",
            "rotation": 0.06283185307179587,
            "transform_matrix": [
                [
                    0.92529296875,
                    0.2569239139556885,
                    -0.2788236141204834,
                    -1.1240203380584717
                ],
                [
                    -0.37914013862609863,
                    0.6270237565040588,
                    -0.6804700493812561,
                    -2.743175745010376
                ],
                [
                    0.0,
                    0.735405445098877,
                    0.677595317363739,
                    2.7315866947174072
                ],
                [
                    0.0,
                    0.0,
                    0.0,
                    1.0
                ]
            ]
        },
        {
            "file_path": "./train/r_11",
            "rotation": 0.06283185307179587,
            "transform_matrix": [
                [
                    -0.29047590494155884,
                    0.8909976482391357,
                    -0.34888631105422974,
                    -1.406463861465454
                ],
                [
                    -0.9568374156951904,
                    -0.27048832178115845,
                    0.10591462254524231,
                    0.4269731342792511
                ],
                [
                    0.0,
                    0.36462196707725525,
                    0.9311164021492004,
                    3.753605365753174
                ],
                [
                    0.0,
                    0.0,
                    0.0,
                    1.0
                ]
            ]
        },
        {
            "file_path": "./train/r_12",
            "rotation": 0.06283185307179587,
            "transform_matrix": [
                [
                    0.9996455907821655,
                    0.01952403038740158,
                    -0.015546896494925022,
                    -0.0626741349697113
                ],
                [
                    -0.024957243353128433,
                    0.7820218205451965,
                    -0.6227204203605652,
                    -2.5103700160980225
                ],
                [
                    9.31282606586592e-10,
                    0.622937023639679,
                    0.78223717212677,
                    3.1534290313720703
                ],
                [
                    0.0,
                    0.0,
                    0.0,
                    1.0
                ]
            ]
        },
        {
            "file_path": "./train/r_13",
            "rotation": 0.06283185307179587,
            "transform_matrix": [
                [
                    -0.5306603312492371,
                    -0.7922678589820862,
                    0.3011202812194824,
                    1.2139047384262085
                ],
                [
                    0.8475340008735657,
                    -0.4960568845272064,
                    0.18853826820850372,
                    0.7600533962249756
                ],
                [
                    -2.9801043410770944e-08,
                    0.35528746247291565,
                    0.9347178339958191,
                    3.7681236267089844
                ],
                [
                    0.0,
                    0.0,
                    0.0,
                    1.0
                ]
            ]
        },
        {
            "file_path": "./train/r_14",
            "rotation": 0.06283185307179587,
            "transform_matrix": [
                [
                    0.9991312026977539,
                    -0.018899956718087196,
                    0.03596895933151245,
                    0.14500150084495544
                ],
                [
                    0.040631793439388275,
                    0.46474772691726685,
                    -0.8844724893569946,
                    -3.565570116043091
                ],
                [
                    1.8625651021508816e-09,
                    0.8852357268333435,
                    0.465114951133728,
                    1.8750159740447998
                ],
                [
                    0.0,
                    0.0,
                    0.0,
                    1.0
                ]
            ]
        },
        {
            "file_path": "./train/r_15",
            "rotation": 0.06283185307179587,
            "transform_matrix": [
                [
                    0.7166392207145691,
                    0.16211804747581482,
                    -0.6782798767089844,
                    -2.734346628189087
                ],
                [
                    -0.6973825693130493,
                    0.16659457981586456,
                    -0.6970090866088867,
                    -2.809849500656128
                ],
                [
                    0.0,
                    0.9726015329360962,
                    0.2324480563402176,
                    0.9370667934417725
                ],
                [
                    0.0,
                    0.0,
                    0.0,
                    1.0
                ]
            ]
        },
        {
            "file_path": "./train/r_16",
            "rotation": 0.06283185307179587,
            "transform_matrix": [
                [
                    0.436126172542572,
                    -0.24539580941200256,
                    0.865734338760376,
                    3.4900310039520264
                ],
                [
                    0.8998379111289978,
                    0.1189364567399025,
                    -0.41959714889526367,
                    -1.691520094871521
                ],
                [
                    7.450261740871156e-09,
                    0.9620940089225769,
                    0.2726895213127136,
                    1.0992920398712158
                ],
                [
                    0.0,
                    0.0,
                    0.0,
                    1.0
                ]
            ]
        },
        {
            "file_path": "./train/r_17",
            "rotation": 0.06283185307179587,
            "transform_matrix": [
                [
                    -0.9970691800117493,
                    -0.03289584442973137,
                    0.06844886392354965,
                    0.27593758702278137
                ],
                [
                    0.07594265043735504,
                    -0.4318974018096924,
                    0.8986814022064209,
                    3.622850179672241
                ],
                [
                    0.0,
                    0.9013170003890991,
                    0.4331326484680176,
                    1.7460856437683105
                ],
                [
                    0.0,
                    0.0,
                    0.0,
                    1.0
                ]
            ]
        },
        {
            "file_path": "./train/r_18",
            "rotation": 0.06283185307179587,
            "transform_matrix": [
                [
                    -0.7157700061798096,
                    -0.5698546171188354,
                    0.40358206629753113,
                    1.6269584894180298
                ],
                [
                    0.6982747316360474,
                    -0.5841322541236877,
                    0.4136938154697418,
                    1.6677219867706299
                ],
                [
                    -1.4900521705385472e-08,
                    0.5779663920402527,
                    0.8160247206687927,
                    3.2896368503570557
                ],
                [
                    0.0,
                    0.0,
                    0.0,
                    1.0
                ]
            ]
        },
        {
            "file_path": "./train/r_19",
            "rotation": 0.06283185307179587,
            "transform_matrix": [
                [
                    -0.8084554076194763,
                    -0.1487337350845337,
                    0.5693813562393188,
                    2.295344591140747
                ],
                [
                    0.5884846448898315,
                    -0.20432919263839722,
                    0.782211422920227,
                    3.153325319290161
                ],
                [
                    0.0,
                    0.9675317406654358,
                    0.2527202069759369,
                    1.0187897682189941
                ],
                [
                    0.0,
                    0.0,
                    0.0,
                    1.0
                ]
            ]
        },
        {
            "file_path": "./train/r_20",
            "rotation": 0.06283185307179587,
            "transform_matrix": [
                [
                    0.8983392119407654,
                    0.33662354946136475,
                    -0.28212448954582214,
                    -1.1373271942138672
                ],
                [
                    -0.43920475244522095,
                    0.6885220408439636,
                    -0.5770509243011475,
                    -2.3262627124786377
                ],
                [
                    1.4900521705385472e-08,
                    0.6423487067222595,
                    0.7663781046867371,
                    3.089496612548828
                ],
                [
                    0.0,
                    0.0,
                    0.0,
                    1.0
                ]
            ]
        },
        {
            "file_path": "./train/r_21",
            "rotation": 0.06283185307179587,
            "transform_matrix": [
                [
                    -0.7466765642166138,
                    -0.665000319480896,
                    0.014009668491780758,
                    0.056477099657058716
                ],
                [
                    0.6651228070259094,
                    -0.7465391755104065,
                    0.015727460384368896,
                    0.06340202689170837
                ],
                [
                    -9.31282606586592e-10,
                    0.021062050014734268,
                    0.9997369647026062,
                    4.030234336853027
                ],
                [
                    0.0,
                    0.0,
                    0.0,
                    1.0
                ]
            ]
        },
        {
            "file_path": "./train/r_22",
            "rotation": 0.06283185307179587,
            "transform_matrix": [
                [
                    -0.8596658110618591,
                    -0.08276298642158508,
                    0.5040242671966553,
                    2.0318703651428223
                ],
                [
                    0.510772705078125,
                    -0.13929583132266998,
                    0.848307728767395,
                    3.41977858543396
                ],
                [
                    -7.450259964514316e-09,
                    0.986781120300293,
                    0.16202205419540405,
                    0.6531586647033691
                ],
                [
                    0.0,
                    0.0,
                    0.0,
                    1.0
                ]
            ]
        },
        {
            "file_path": "./train/r_23",
            "rotation": 0.06283185307179587,
            "transform_matrix": [
                [
                    -0.24752594530582428,
                    -0.5526629686355591,
                    0.7957600355148315,
                    3.2079432010650635
                ],
                [
                    0.9688370227813721,
                    -0.14119859039783478,
                    0.2033068984746933,
                    0.8195900917053223
                ],
                [
                    -7.450260852692736e-09,
                    0.8213503956794739,
                    0.5703945159912109,
                    2.2994284629821777
                ],
                [
                    0.0,
                    0.0,
                    0.0,
                    1.0
                ]
            ]
        },
        {
            "file_path": "./train/r_24",
            "rotation": 0.06283185307179587,
            "transform_matrix": [
                [
                    0.9231580495834351,
                    0.18389026820659637,
                    -0.33746209740638733,
                    -1.3604093790054321
                ],
                [
                    -0.38430899381637573,
                    0.4417273998260498,
                    -0.8106260895729065,
                    -3.2678730487823486
                ],
                [
                    0.0,
                    0.8780952095985413,
                    0.47845807671546936,
                    1.9288057088851929
                ],
                [
                    0.0,
                    0.0,
                    0.0,
                    1.0
                ]
            ]
        },
        {
            "file_path": "./train/r_25",
            "rotation": 0.06283185307179587,
            "transform_matrix": [
                [
                    0.13624343276023865,
                    -0.404636949300766,
                    0.9042322039604187,
                    3.6452271938323975
                ],
                [
                    0.9906320571899414,
                    0.05565045401453972,
                    -0.12436070293188095,
                    -0.5013347268104553
                ],
                [
                    -3.725129982257158e-09,
                    0.9127770066261292,
                    0.4084310531616211,
                    1.6465061902999878
                ],
                [
                    0.0,
                    0.0,
                    0.0,
                    1.0
                ]
            ]
        },
        {
            "file_path": "./train/r_26",
            "rotation": 0.06283185307179587,
            "transform_matrix": [
                [
                    -0.6938202977180481,
                    -0.12113242596387863,
                    0.7098290324211121,
                    2.861530303955078
                ],
                [
                    0.720088541507721,
                    -0.11671362817287445,
                    0.6839351058006287,
                    2.7571442127227783
                ],
                [
                    7.450260408603526e-09,
                    0.9857458472251892,
                    0.16820546984672546,
                    0.6780859231948853
                ],
                [
                    0.0,
                    0.0,
                    0.0,
                    1.0
                ]
            ]
        },
        {
            "file_path": "./train/r_27",
            "rotation": 0.06283185307179587,
            "transform_matrix": [
                [
                    -0.3135966956615448,
                    -0.35434579849243164,
                    0.8809212446212769,
                    3.5512540340423584
                ],
                [
                    0.9495110511779785,
                    -0.11703041940927505,
                    0.290943443775177,
                    1.1728789806365967
                ],
                [
                    0.0,
                    0.9277570247650146,
                    0.3731580674648285,
                    1.5043103694915771
                ],
                [
                    0.0,
                    0.0,
                    0.0,
                    1.0
                ]
            ]
        },
        {
            "file_path": "./train/r_28",
            "rotation": 0.06283185307179587,
            "transform_matrix": [
                [
                    0.9988711476325989,
                    0.04479997977614403,
                    -0.012793457135558128,
                    -0.05157420411705971
                ],
                [
                    -0.04658924788236618,
                    0.9605093598365784,
                    -0.27429109811782837,
                    -1.1057484149932861
                ],
                [
                    0.0,
                    0.27459943294525146,
                    0.9615187644958496,
                    3.8761658668518066
                ],
                [
                    0.0,
                    0.0,
                    0.0,
                    1.0
                ]
            ]
        },
        {
            "file_path": "./train/r_29",
            "rotation": 0.06283185307179587,
            "transform_matrix": [
                [
                    -0.4252792000770569,
                    -0.15872439742088318,
                    0.8909897208213806,
                    3.5918428897857666
                ],
                [
                    0.90501469373703,
                    -0.07458683103322983,
                    0.41868865489959717,
                    1.687857747077942
                ],
                [
                    -7.450260408603526e-09,
                    0.9844964742660522,
                    0.1753692924976349,
                    0.7069655060768127
                ],
                [
                    0.0,
                    0.0,
                    0.0,
                    1.0
                ]
            ]
        },
        {
            "file_path": "./train/r_30",
            "rotation": 0.06283185307179587,
            "transform_matrix": [
                [
                    -0.46012645959854126,
                    0.852216362953186,
                    -0.2489585429430008,
                    -1.0036253929138184
                ],
                [
                    -0.8878051042556763,
                    -0.44168180227279663,
                    0.1290287971496582,
                    0.5201531648635864
                ],
                [
                    0.0,
                    0.28041842579841614,
                    0.9598378539085388,
                    3.869389772415161
                ],
                [
                    0.0,
                    0.0,
                    0.0,
                    1.0
                ]
            ]
        },
        {
            "file_path": "./train/r_31",
            "rotation": 0.06283185307179587,
            "transform_matrix": [
                [
                    0.8615676164627075,
                    -0.07286212593317032,
                    0.5023022890090942,
                    2.0249290466308594
                ],
                [
                    0.5075581669807434,
                    0.1236816868185997,
                    -0.8526459336280823,
                    -3.437268018722534
                ],
                [
                    0.0,
                    0.9896382689476013,
                    0.14354285597801208,
                    0.5786636471748352
                ],
                [
                    0.0,
                    0.0,
                    0.0,
                    1.0
                ]
            ]
        },
        {
            "file_path": "./train/r_32",
            "rotation": 0.06283185307179587,
            "transform_matrix": [
                [
                    -0.7439758777618408,
                    0.5560317635536194,
                    -0.37049517035484314,
                    -1.4935755729675293
                ],
                [
                    -0.6681423187255859,
                    -0.6191408634185791,
                    0.4125460684299469,
                    1.6630951166152954
                ],
                [
                    0.0,
                    0.5545117259025574,
                    0.8321396708488464,
                    3.3546009063720703
                ],
                [
                    0.0,
                    0.0,
                    0.0,
                    1.0
                ]
            ]
        },
        {
            "file_path": "./train/r_33",
            "rotation": 0.06283185307179587,
            "transform_matrix": [
                [
                    0.7696864604949951,
                    0.1939026415348053,
                    -0.6081964373588562,
                    -2.45181941986084
                ],
                [
                    -0.6383549571037292,
                    0.23379501700401306,
                    -0.7333231568336487,
                    -2.956242322921753
                ],
                [
                    0.0,
                    0.952749490737915,
                    0.3037295639514923,
                    1.2244236469268799
                ],
                [
                    0.0,
                    0.0,
                    0.0,
                    1.0
                ]
            ]
        },
        {
            "file_path": "./train/r_34",
            "rotation": 0.06283185307179587,
            "transform_matrix": [
                [
                    0.9169671535491943,
                    -0.38535329699516296,
                    0.10295474529266357,
                    0.4150409698486328
                ],
                [
                    0.39885541796684265,
                    0.8859259486198425,
                    -0.2366926074028015,
                    -0.954177737236023
                ],
                [
                    0.0,
                    0.2581237852573395,
                    0.966071605682373,
                    3.8945200443267822
                ],
                [
                    0.0,
                    0.0,
                    0.0,
                    1.0
                ]
            ]
        },
        {
            "file_path": "./train/r_35",
            "rotation": 0.06283185307179587,
            "transform_matrix": [
                [
                    -0.25914090871810913,
                    -0.7757746577262878,
                    0.5753090381622314,
                    2.3192408084869385
                ],
                [
                    0.9657952189445496,
                    -0.2081548422574997,
                    0.15436618030071259,
                    0.6222956776618958
                ],
                [
                    -7.450261740871156e-09,
                    0.5956803560256958,
                    0.8031860589981079,
                    3.2378804683685303
                ],
                [
                    0.0,
                    0.0,
                    0.0,
                    1.0
                ]
            ]
        },
        {
            "file_path": "./train/r_36",
            "rotation": 0.06283185307179587,
            "transform_matrix": [
                [
                    0.9994332194328308,
                    0.016493134200572968,
                    -0.027847519144415855,
                    -0.1122615784406662
                ],
                [
                    -0.032364871352910995,
                    0.5093110799789429,
                    -0.8599365949630737,
                    -3.466658592224121
                ],
                [
                    0.0,
                    0.8604185581207275,
                    0.5095595121383667,
                    2.054184913635254
                ],
                [
                    0.0,
                    0.0,
                    0.0,
                    1.0
                ]
            ]
        },
        {
            "file_path": "./train/r_37",
            "rotation": 0.06283185307179587,
            "transform_matrix": [
                [
                    -0.9822238087654114,
                    -0.17378532886505127,
                    0.07036659121513367,
                    0.28366851806640625
                ],
                [
                    0.18748462200164795,
                    -0.9104537963867188,
                    0.3686475455760956,
                    1.4861270189285278
                ],
                [
                    0.0,
                    0.3753167390823364,
                    0.9268576502799988,
                    3.736436605453491
                ],
                [
                    0.0,
                    0.0,
                    0.0,
                    1.0
                ]
            ]
        },
        {
            "file_path": "./train/r_38",
            "rotation": 0.06283185307179587,
            "transform_matrix": [
                [
                    -0.4693235456943512,
                    -0.30256763100624084,
                    0.8295248746871948,
                    3.344059944152832
                ],
                [
                    0.8829776644706726,
                    -0.1608218401670456,
                    0.4409120976924896,
                    1.7774468660354614
                ],
                [
                    0.0,
                    0.9394566416740417,
                    0.342640221118927,
                    1.3812839984893799
                ],
                [
                    0.0,
                    0.0,
                    0.0,
                    1.0
                ]
            ]
        },
        {
            "file_path": "./train/r_39",
            "rotation": 0.06283185307179587,
            "transform_matrix": [
                [
                    0.13227775692939758,
                    -0.4475749433040619,
                    0.8843705058097839,
                    3.5651583671569824
                ],
                [
                    0.9911693930625916,
                    0.05973167344927788,
                    -0.11802477389574051,
                    -0.47579267621040344
                ],
                [
                    0.0,
                    0.8922436833381653,
                    0.45152679085731506,
                    1.8202377557754517
                ],
                [
                    0.0,
                    0.0,
                    0.0,
                    1.0
                ]
            ]
        },
        {
            "file_path": "./train/r_40",
            "rotation": 0.06283185307179587,
            "transform_matrix": [
                [
                    0.9909161925315857,
                    0.027656203135848045,
                    -0.13128075003623962,
                    -0.5292314887046814
                ],
                [
                    -0.1341618150472641,
                    0.20426812767982483,
                    -0.9696367979049683,
                    -3.9088923931121826
                ],
                [
                    1.862565435217789e-09,
                    0.9785189628601074,
                    0.20612438023090363,
                    0.8309482336044312
                ],
                [
                    0.0,
                    0.0,
                    0.0,
                    1.0
                ]
            ]
        },
        {
            "file_path": "./train/r_41",
            "rotation": 0.06283185307179587,
            "transform_matrix": [
                [
                    0.8953863978385925,
                    0.34372639656066895,
                    -0.28294631838798523,
                    -1.140640139579773
                ],
                [
                    -0.44519346952438354,
                    0.6913127899169922,
                    -0.5690701603889465,
                    -2.2940897941589355
                ],
                [
                    -1.4900520817207052e-08,
                    0.6355538368225098,
                    0.772022008895874,
                    3.1122488975524902
                ],
                [
                    0.0,
                    0.0,
                    0.0,
                    1.0
                ]
            ]
        },
        {
            "file_path": "./train/r_42",
            "rotation": 0.06283185307179587,
            "transform_matrix": [
                [
                    0.90789395570755,
                    0.11018111556768417,
                    -0.4043564796447754,
                    -1.6300803422927856
                ],
                [
                    -0.41909733414649963,
                    0.23868624866008759,
                    -0.8759608268737793,
                    -3.531256675720215
                ],
                [
                    -7.450260408603526e-09,
                    0.9648206233978271,
                    0.26288020610809326,
                    1.0597476959228516
                ],
                [
                    0.0,
                    0.0,
                    0.0,
                    1.0
                ]
            ]
        },
        {
            "file_path": "./train/r_43",
            "rotation": 0.06283185307179587,
            "transform_matrix": [
                [
                    0.8390870690345764,
                    0.30453169345855713,
                    -0.45068302750587463,
                    -1.8168364763259888
                ],
                [
                    -0.543918251991272,
                    0.46979227662086487,
                    -0.6952558159828186,
                    -2.802781581878662
                ],
                [
                    -1.4900520817207052e-08,
                    0.8285804390907288,
                    0.5598406791687012,
                    2.256883144378662
                ],
                [
                    0.0,
                    0.0,
                    0.0,
                    1.0
                ]
            ]
