{
    "camera_angle_x": 0.6911112070083618,
    "frames": [
        {
            "file_path": "./train/r_0",
            "rotation": 0.06283185307179587,
            "transform_matrix": [
                [
                    -0.8216241598129272,
                    -0.38251709938049316,
                    0.42254018783569336,
                    1.7033840417861938
                ],
                [
                    0.5699542760848999,
                    -0.5514219999313354,
                    0.6091176867485046,
                    2.455533027648926
                ],
                [
                    1.4900521705385472e-08,
                    0.7413530945777893,
                    0.6710834503173828,
                    2.7053351402282715
                ],
                [
                    0.0,
                    0.0,
                    0.0,
                    1.0
                ]
            ]
        },
        {
            "file_path": "./train/r_1",
            "rotation": 0.06283185307179587,
            "transform_matrix": [
                [
                    -0.24951550364494324,
                    0.8007685542106628,
                    -0.5444956421852112,
                    -2.1950228214263916
                ],
                [
                    -0.9683265686035156,
                    -0.20633965730667114,
                    0.14030399918556213,
                    0.5656068921089172
                ],
                [
                    -7.450261740871156e-09,
                    0.5623020529747009,
                    0.8268958330154419,
                    3.333461284637451
                ],
                [
                    0.0,
                    0.0,
                    0.0,
                    1.0
                ]
            ]
        },
        {
            "file_path": "./train/r_2",
            "rotation": 0.06283185307179587,
            "transform_matrix": [
                [
                    0.18160267174243927,
                    0.6206299066543579,
                    -0.7627477645874023,
                    -3.074861764907837
                ],
                [
                    -0.9833283424377441,
                    0.1146189346909523,
                    -0.1408655047416687,
                    -0.5678704380989075
                ],
                [
                    0.0,
                    0.7756744623184204,
                    0.6311023235321045,
                    2.5441598892211914
                ],
                [
                    0.0,
                    0.0,
                    0.0,
                    1.0
                ]
            ]
        },
        {
            "file_path": "./train/r_3",
            "rotation": 0.06283185307179587,
            "transform_matrix": [
                [
                    -0.9776164293289185,
                    -0.10630082339048386,
                    0.1813325732946396,
                    0.7310051321983337
                ],
                [
                    0.21019136905670166,
                    -0.4944134056568146,
                    0.843392014503479,
                    3.3999619483947754
                ],
                [
                    0.0,
                    0.862696647644043,
                    0.5056935548782349,
                    2.038599729537964
                ],
                [
                    0.0,
                    0.0,
                    0.0,
                    1.0
                ]
            ]
        },
        {
            "file_path": "./train/r_4",
            "rotation": 0.06283185307179587,
            "transform_matrix": [
                [
                    0.7751941084861755,
                    0.2033061683177948,
                    -0.5980461239814758,
                    -2.410900831222534
                ],
                [
                    -0.6316552758216858,
                    0.2495059370994568,
                    -0.7339475750923157,
                    -2.9587595462799072
                ],
                [
                    0.0,
                    0.9467858076095581,
                    0.32183703780174255,
                    1.2974202632904053
                ],
                [
                    0.0,
                    0.0,
                    0.0,
                    1.0
                ]
            ]
        },
        {
            "file_path": "./train/r_5",
            "rotation": 0.06283185307179587,
            "transform_matrix": [
                [
                    0.8788407444953918,
                    -0.2122889757156372,
                    0.42718908190727234,
                    1.7221252918243408
                ],
                [
                    0.47702527046203613,
                    0.39110758900642395,
                    -0.7870257496833801,
                    -3.1727333068847656
                ],
                [
                    0.0,
                    0.8955211639404297,
                    0.44499143958091736,
                    1.7938919067382812
                ],
                [
                    0.0,
                    0.0,
                    0.0,
                    1.0
                ]
            ]
        },
        {
            "file_path": "./train/r_6",
            "rotation": 0.06283185307179587,
            "transform_matrix": [
                [
                    -0.5800007581710815,
                    -0.2361265867948532,
                    0.7795920968055725,
                    3.142765998840332
                ],
                [
                    0.8145633339881897,
                    -0.16813130676746368,
                    0.5550999045372009,
                    2.237771511077881
                ],
                [
                    0.0,
                    0.957061231136322,
                    0.28985828161239624,
                    1.168504238128662
                ],
                [
                    0.0,
                    0.0,
                    0.0,
                    1.0
                ]
            ]
        },
        {
            "file_path": "./train/r_7",
            "rotation": 0.06283185307179587,
            "transform_matrix": [
                [
                    0.8159081935882568,
                    0.5022929310798645,
                    -0.28623276948928833,
                    -1.1538889408111572
                ],
                [
                    -0.5781072974205017,
                    0.7089080810546875,
                    -0.403972864151001,
                    -1.628533959388733
                ],
                [
                    0.0,
                    0.4951171278953552,
                    0.8687888979911804,
                    3.5023446083068848
                ],
                [
                    0.0,
                    0.0,
                    0.0,
                    1.0
                ]
            ]
        },
        {
            "file_path": "./train/r_8",
            "rotation": 0.06283185307179587,
            "transform_matrix": [
                [
                    -0.6734055280685425,
                    -0.1945437788963318,
                    0.713159441947937,
                    2.8749563694000244
                ],
                [
                    0.7392153143882751,
                    -0.17722423374652863,
                    0.6496694087982178,
                    2.619009256362915
                ],
                [
                    -1.4900523481742312e-08,
                    0.9647456407546997,
                    0.2631552815437317,
                    1.060856580734253
                ],
                [
                    0.0,
                    0.0,
                    0.0,
                    1.0
                ]
            ]
        },
        {
            "file_path": "./train/r_9",
            "rotation": 0.06283185307179587,
            "transform_matrix": [
                [
                    -0.9158253073692322,
                    0.39574146270751953,
                    -0.06766626238822937,
                    -0.27278268337249756
                ],
                [
                    -0.40147000551223755,
                    -0.9027574062347412,
                    0.15435892343521118,
                    0.622266411781311
                ],
                [
                    7.450259964514316e-09,
                    0.16854551434516907,
                    0.9856531023979187,
                    3.9734585285186768
                ],
                [
                    0.0,
                    0.0,
                    0.0,
                    1.0
                ]
            ]
        },
        {
            "file_path": "./train/r_10",
            "rotation": 0.06283185307179587,
            "transform_matrix": [
                [
                    0.2339518815279007,
                    -0.8707666993141174,
                    0.4324396252632141,
                    1.7432918548583984
                ],
                [
                    0.9722040295600891,
                    0.2095419317483902,
                    -0.10406258702278137,
                    -0.4195070266723633
                ],
                [
                    7.450261296781946e-09,
                    0.44480037689208984,
                    0.8955915570259094,
                    3.610394239425659
                ],
                [
                    0.0,
                    0.0,
                    0.0,
                    1.0
                ]
            ]
        },
        {
            "file_path": "./train/r_11",
            "rotation": 0.06283185307179587,
            "transform_matrix": [
                [
                    0.23529574275016785,
                    0.2881810665130615,
                    -0.9281760454177856,
                    -3.7417519092559814
                ],
                [
                    -0.9718796014785767,
                    0.0697697326540947,
                    -0.2247149497270584,
                    -0.9058923721313477
                ],
                [
                    0.0,
                    0.9550255537033081,
                    0.29649579524993896,
                    1.1952621936798096
                ],
                [
                    0.0,
                    0.0,
                    0.0,
                    1.0
                ]
            ]
        },
        {
            "file_path": "./train/r_12",
            "rotation": 0.06283185307179587,
            "transform_matrix": [
                [
                    -0.11208321154117584,
                    0.5780941843986511,
                    -0.8081992268562317,
                    -3.258090019226074
                ],
                [
                    -0.9936557412147522,
                    -0.06520836055278778,
                    0.09116394817829132,
                    0.36750882863998413
                ],
                [
                    3.725130426346368e-09,
                    0.8133540749549866,
                    0.5817391872406006,
                    2.3451626300811768
                ],
                [
                    0.0,
                    0.0,
                    0.0,
                    1.0
                ]
            ]
        },
        {
            "file_path": "./train/r_13",
            "rotation": 0.06283185307179587,
            "transform_matrix": [
                [
                    -0.9666871428489685,
                    0.14602746069431305,
                    -0.21001896262168884,
                    -0.8466484546661377
                ],
                [
                    -0.25579333305358887,
                    -0.5518629550933838,
                    0.7936978340148926,
                    3.1996304988861084
                ],
                [
                    0.0,
                    0.8210439085960388,
                    0.5708354115486145,
                    2.301206350326538
                ],
                [
                    0.0,
                    0.0,
                    0.0,
                    1.0
                ]
            ]
        },
        {
            "file_path": "./train/r_14",
            "rotation": 0.06283185307179587,
            "transform_matrix": [
                [
                    0.05471264198422432,
                    -0.9075490832328796,
                    0.41633936762809753,
                    1.678386926651001
                ],
                [
                    0.9984591007232666,
                    0.04973103478550911,
                    -0.022814180701971054,
                    -0.09197069704532623
                ],
                [
                    0.0,
                    0.4169791042804718,
                    0.9088776111602783,
                    3.663954019546509
                ],
                [
                    0.0,
                    0.0,
                    0.0,
                    1.0
                ]
            ]
        },
        {
            "file_path": "./train/r_15",
            "rotation": 0.06283185307179587,
            "transform_matrix": [
                [
                    -0.21062180399894714,
                    -0.9045950174331665,
                    0.37057122588157654,
                    1.493882179260254
                ],
                [
                    0.9775237441062927,
                    -0.1949082463979721,
                    0.07984498888254166,
                    0.3218787610530853
                ],
                [
                    7.450260852692736e-09,
                    0.3790893256664276,
                    0.925321102142334,
                    3.7302427291870117
                ],
                [
                    0.0,
                    0.0,
                    0.0,
                    1.0
                ]
            ]
        },
        {
            "file_path": "./train/r_16",
            "rotation": 0.06283185307179587,
            "transform_matrix": [
                [
                    -0.9848011136054993,
                    0.08003169298171997,
                    -0.15387120842933655,
                    -0.6203003525733948
                ],
                [
                    -0.17343834042549133,
                    -0.4544283449649811,
                    0.8736968636512756,
                    3.522130250930786
                ],
                [
                    0.0,
                    0.8871751427650452,
                    0.4614051878452301,
                    1.860060691833496
                ],
                [
                    0.0,
                    0.0,
                    0.0,
                    1.0
                ]
            ]
        },
        {
            "file_path": "./train/r_17",
            "rotation": 0.06283185307179587,
            "transform_matrix": [
                [
                    0.1156463623046875,
                    0.509531557559967,
                    -0.8526076078414917,
                    -3.437112808227539
                ],
                [
                    -0.9932473301887512,
                    0.05932608246803284,
                    -0.09927131980657578,
                    -0.4001919627189636
                ],
                [
                    0.0,
                    0.8583984971046448,
                    0.5129551887512207,
                    2.067873477935791
                ],
                [
                    0.0,
                    0.0,
                    0.0,
                    1.0
                ]
            ]
        },
        {
            "file_path": "./train/r_18",
            "rotation": 0.06283185307179587,
            "transform_matrix": [
                [
                    0.24857738614082336,
                    0.8313164710998535,
                    -0.4970809519290924,
                    -2.003880262374878
                ],
                [
                    -0.9685677289962769,
                    0.21335263550281525,
                    -0.12757299840450287,
                    -0.5142844915390015
                ],
                [
                    -7.450260852692736e-09,
                    0.5132089853286743,
                    0.8582265973091125,
                    3.4597651958465576
                ],
                [
                    0.0,
                    0.0,
                    0.0,
                    1.0
                ]
            ]
        },
        {
            "file_path": "./train/r_19",
            "rotation": 0.06283185307179587,
            "transform_matrix": [
                [
                    0.35778507590293884,
                    0.19030924141407013,
                    -0.9141618013381958,
                    -3.6852564811706543
                ],
                [
                    -0.9337581396102905,
                    0.07292017340660095,
                    -0.3502764105796814,
                    -1.4120677709579468
                ],
                [
                    0.0,
                    0.9790071249008179,
                    0.20379386842250824,
                    0.8215533494949341
                ],
                [
                    0.0,
                    0.0,
                    0.0,
                    1.0
                ]
            ]
        },
        {
            "file_path": "./train/r_20",
            "rotation": 0.06283185307179587,
            "transform_matrix": [
                [
                    0.5331870317459106,
                    -0.31744328141212463,
                    0.7841334342956543,
                    3.1610734462738037
                ],
                [
                    0.845946729183197,
                    0.2000795304775238,
                    -0.4942270517349243,
                    -1.9923752546310425
                ],
                [
                    1.4900522593563892e-08,
                    0.9269238710403442,
                    0.3752223551273346,
                    1.512632131576538
                ],
                [
                    0.0,
                    0.0,
                    0.0,
                    1.0
                ]
            ]
        },
        {
            "file_path": "./train/r_21",
            "rotation": 0.06283185307179587,
            "transform_matrix": [
                [
                    -0.9988150596618652,
                    0.042046599090099335,
                    -0.022691529244184494,
                    -0.09147626161575317
                ],
                [
                    -0.04777746647596359,
                    -0.8790079951286316,
                    0.4743793308734894,
                    1.9123632907867432
                ],
                [
                    1.862565213173184e-09,
                    0.47493886947631836,
                    0.8799810409545898,
                    3.547463893890381
                ],
                [
                    0.0,
                    0.0,
                    0.0,
                    1.0
                ]
            ]
        },
        {
            "file_path": "./train/r_22",
            "rotation": 0.06283185307179587,
            "transform_matrix": [
                [
                    0.342160165309906,
                    0.44737687706947327,
                    -0.8262637853622437,
                    -3.330913543701172
                ],
                [
                    -0.9395960569381714,
                    0.16291527450084686,
                    -0.3008894622325897,
                    -1.2129743099212646
                ],
                [
                    1.4900523481742312e-08,
                    0.8793761730194092,
                    0.47609978914260864,
                    1.9192988872528076
                ],
                [
                    0.0,
                    0.0,
                    0.0,
                    1.0
                ]
            ]
        },
        {
            "file_path": "./train/r_23",
            "rotation": 0.06283185307179587,
            "transform_matrix": [
                [
                    -0.40595850348472595,
                    -0.7551947832107544,
                    0.5146230459213257,
                    2.0745973587036133
                ],
                [
                    0.9138444662094116,
                    -0.33548131585121155,
                    0.2286117672920227,
                    0.9216015338897705
                ],
                [
                    0.0,
                    0.563136875629425,
                    0.8263276219367981,
                    3.3311705589294434
                ],
                [
                    0.0,
                    0.0,
                    0.0,
                    1.0
                ]
            ]
        },
        {
            "file_path": "./train/r_24",
            "rotation": 0.06283185307179587,
            "transform_matrix": [
                [
                    -0.614870548248291,
                    -0.1987956315279007,
                    0.7631077170372009,
                    3.076313018798828
                ],
                [
                    0.788573682308197,
                    -0.15500591695308685,
                    0.5950141549110413,
                    2.3986780643463135
                ],
                [
                    0.0,
                    0.9677000641822815,
                    0.2520752251148224,
                    1.0161898136138916
                ],
                [
                    0.0,
                    0.0,
                    0.0,
                    1.0
                ]
            ]
        },
        {
            "file_path": "./train/r_25",
            "rotation": 0.06283185307179587,
            "transform_matrix": [
                [
                    0.9063321948051453,
                    0.2184363305568695,
                    -0.3616153597831726,
                    -1.4577783346176147
                ],
                [
                    -0.4224642813205719,
                    0.4686215817928314,
                    -0.7757901549339294,
                    -3.127439498901367
                ],
                [
                    1.4900520817207052e-08,
                    0.8559610843658447,
                    0.517011821269989,
                    2.0842273235321045
                ],
                [
                    0.0,
                    0.0,
                    0.0,
                    1.0
                ]
            ]
        },
        {
            "file_path": "./train/r_26",
            "rotation": 0.06283185307179587,
            "transform_matrix": [
                [
                    0.9645802974700928,
                    -0.1583835929632187,
                    0.21075060963630676,
                    0.8495979905128479
                ],
                [
                    0.26362690329551697,
                    0.5795072317123413,
                    -0.7711120843887329,
                    -3.1085805892944336
                ],
                [
                    0.0,
                    0.7994223833084106,
                    0.6007393598556519,
                    2.421757698059082
                ],
                [
                    0.0,
                    0.0,
                    0.0,
                    1.0
                ]
            ]
        },
        {
            "file_path": "./train/r_27",
            "rotation": 0.06283185307179587,
            "transform_matrix": [
                [
                    0.17172536253929138,
                    0.813714325428009,
                    -0.5552880167961121,
                    -2.238530158996582
                ],
                [
                    -0.9851013422012329,
                    0.14184874296188354,
                    -0.09679922461509705,
                    -0.390226274728775
                ],
                [
                    0.0,
                    0.563682496547699,
                    0.8259554505348206,
                    3.3296704292297363
                ],
                [
                    0.0,
                    0.0,
                    0.0,
                    1.0
                ]
            ]
        },
        {
            "file_path": "./train/r_28",
            "rotation": 0.06283185307179587,
            "transform_matrix": [
                [
                    -0.9908992648124695,
                    -0.11026063561439514,
                    0.07665673643350601,
                    0.30902597308158875
                ],
                [
                    0.13428597152233124,
                    -0.8136157393455505,
                    0.5656518340110779,
                    2.2803099155426025
                ],
                [
                    -3.725130204301763e-09,
                    0.5708432197570801,
                    0.8210230469703674,
                    3.309786796569824
                ],
                [
                    0.0,
                    0.0,
                    0.0,
                    1.0
                ]
            ]
        },
        {
            "file_path": "./train/r_29",
            "rotation": 0.06283185307179587,
            "transform_matrix": [
                [
                    -0.9558945894241333,
                    -0.18561580777168274,
                    0.22744108736515045,
                    0.9168822169303894
                ],
                [
                    0.2935641407966614,
                    -0.6043964624404907,
                    0.7405866980552673,
                    2.9855237007141113
                ],
                [
                    0.0,
                    0.7747527360916138,
                    0.6322335600852966,
                    2.548720359802246
                ],
                [
                    0.0,
                    0.0,
                    0.0,
                    1.0
                ]
            ]
        },
        {
            "file_path": "./train/r_30",
            "rotation": 0.06283185307179587,
            "transform_matrix": [
                [
                    -0.5199204087257385,
                    -0.614507794380188,
                    0.5933017134666443,
                    2.3917744159698486
                ],
                [
                    0.8541644811630249,
                    -0.3740440011024475,
                    0.36113613843917847,
                    1.4558465480804443
                ],
                [
                    -1.4900520817207052e-08,
                    0.6945943236351013,
                    0.7193685173988342,
                    2.89998722076416
                ],
                [
                    0.0,
                    0.0,
                    0.0,
                    1.0
                ]
            ]
        },
        {
            "file_path": "./train/r_31",
            "rotation": 0.06283185307179587,
            "transform_matrix": [
                [
                    0.037436604499816895,
                    -0.840522825717926,
                    0.5404521822929382,
                    2.1787221431732178
                ],
                [
                    0.9992560148239136,
                    0.03148974850773811,
                    -0.02024776116013527,
                    -0.08162468671798706
                ],
                [
                    0.0,
                    0.5408509373664856,
                    0.8410820960998535,
                    3.3906497955322266
                ],
                [
                    0.0,
                    0.0,
                    0.0,
                    1.0
                ]
            ]
        },
        {
            "file_path": "./train/r_32",
            "rotation": 0.06283185307179587,
            "transform_matrix": [
                [
                    -0.3268907070159912,
                    0.867530345916748,
                    -0.37484005093574524,
                    -1.5110909938812256
                ],
                [
                    -0.9450168609619141,
                    -0.3000873625278473,
                    0.12966091930866241,
                    0.5227014422416687
                ],
                [
                    1.4900523481742312e-08,
                    0.39664632081985474,
                    0.9179326891899109,
                    3.700457811355591
                ],
                [
                    0.0,
                    0.0,
                    0.0,
                    1.0
                ]
            ]
        },
        {
            "file_path": "./train/r_33",
            "rotation": 0.06283185307179587,
            "transform_matrix": [
                [
                    -0.9987779855728149,
                    -0.042663924396038055,
                    0.023164458572864532,
                    0.09338277578353882
                ],
                [
                    0.0485454685986042,
                    -0.8777706623077393,
                    0.4765872061252594,
                    1.9212640523910522
                ],
                [
                    0.0,
                    0.4771672189235687,
                    0.878774881362915,
                    3.5426013469696045
                ],
                [
                    0.0,
                    0.0,
                    0.0,
                    1.0
                ]
            ]
        },
        {
            "file_path": "./train/r_34",
            "rotation": 0.06283185307179587,
            "transform_matrix": [
                [
                    0.9948884844779968,
                    -0.09976513683795929,
                    0.012601007707417011,
                    0.050798386335372925
                ],
                [
                    0.10055402666330338,
                    0.9870830774307251,
                    -0.12467523664236069,
                    -0.5026026964187622
                ],
                [
                    0.0,
                    0.12531480193138123,
                    0.9920759201049805,
                    3.9993512630462646
                ],
                [
                    0.0,
                    0.0,
                    0.0,
                    1.0
                ]
            ]
        },
        {
            "file_path": "./train/r_35",
            "rotation": 0.06283185307179587,
            "transform_matrix": [
                [
                    0.9861552119255066,
                    0.09851844608783722,
                    -0.13306818902492523,
                    -0.5364372134208679
                ],
                [
                    -0.16556641459465027,
                    0.5868005752563477,
                    -0.7925875782966614,
                    -3.1951546669006348
                ],
                [
                    -7.450261740871156e-09,
                    0.8037095665931702,
                    0.5949917435646057,
                    2.398587465286255
                ],
                [
                    0.0,
                    0.0,
                    0.0,
                    1.0
                ]
            ]
        },
        {
            "file_path": "./train/r_36",
            "rotation": 0.06283185307179587,
            "transform_matrix": [
                [
                    0.49377790093421936,
                    0.44651514291763306,
                    -0.7461492419242859,
                    -3.0079479217529297
                ],
                [
                    -0.8695387244224548,
                    0.2535589337348938,
                    -0.4237096905708313,
                    -1.7080988883972168
                ],
                [
                    1.4900521705385472e-08,
                    0.8580920100212097,
                    0.5134674906730652,
                    2.069939136505127
                ],
                [
                    0.0,
                    0.0,
                    0.0,
                    1.0
                ]
            ]
        },
        {
            "file_path": "./train/r_37",
            "rotation": 0.06283185307179587,
            "transform_matrix": [
                [
                    -0.07399607449769974,
                    0.319458544254303,
                    -0.9446669220924377,
                    -3.8082315921783447
                ],
                [
                    -0.9972155094146729,
                    -0.023704683408141136,
                    0.07009682804346085,
                    0.28258103132247925
                ],
                [
                    0.0,
                    0.9472984075546265,
                    0.32032516598701477,
                    1.291325330734253
                ],
                [
                    0.0,
                    0.0,
                    0.0,
                    1.0
                ]
            ]
        },
        {
            "file_path": "./train/r_38",
            "rotation": 0.06283185307179587,
            "transform_matrix": [
                [
                    0.050041429698467255,
                    0.49459490180015564,
                    -0.8676444888114929,
                    -3.4977312088012695
                ],
                [
                    -0.9987042546272278,
                    0.024782348424196243,
                    -0.043474502861499786,
                    -0.1752585619688034
                ],
                [
                    0.0,
                    0.8687644600868225,
                    0.4951974153518677,
                    1.9962869882583618
                ],
                [
                    0.0,
                    0.0,
                    0.0,
                    1.0
                ]
            ]
        },
        {
            "file_path": "./train/r_39",
            "rotation": 0.06283185307179587,
            "transform_matrix": [
                [
                    0.5100346803665161,
                    0.31372347474098206,
                    -0.8008533120155334,
                    -3.228476047515869
                ],
                [
                    -0.8601039052009583,
                    0.18603546917438507,
                    -0.4748995304107666,
                    -1.9144601821899414
                ],
                [
                    -1.4900519929028633e-08,
                    0.9311060309410095,
                    0.36472177505493164,
                    1.4703011512756348
                ],
                [
                    0.0,
                    0.0,
                    0.0,
                    1.0
                ]
            ]
        },
        {
            "file_path": "./train/r_40",
            "rotation": 0.06283185307179587,
            "transform_matrix": [
                [
                    0.9687500596046448,
                    0.23240560293197632,
                    -0.08619369566440582,
                    -0.347472220659256
                ],
                [
                    -0.24786607921123505,
                    0.9083248972892761,
                    -0.3368760347366333,
                    -1.3580467700958252
                ],
                [
                    0.0,
                    0.34774062037467957,
                    0.9375513792037964,
                    3.7795464992523193
                ],
                [
                    0.0,
                    0.0,
                    0.0,
                    1.0
                ]
            ]
        },
        {
            "file_path": "./train/r_41",
            "rotation": 0.06283185307179587,
            "transform_matrix": [
                [
                    -0.9322621822357178,
                    0.05224050581455231,
                    -0.35787278413772583,
                    -1.4426908493041992
                ],
                [
                    -0.36166471242904663,
                    -0.13466021418571472,
                    0.9224877953529358,
                    3.718820571899414
                ],
                [
                    0.0,
                    0.9895087480545044,
                    0.1444331407546997,
                    0.5822526216506958
                ],
                [
                    0.0,
                    0.0,
                    0.0,
                    1.0
                ]
            ]
        },
        {
            "file_path": "./train/r_42",
            "rotation": 0.06283185307179587,
            "transform_matrix": [
                [
                    0.9275562167167664,
                    -0.32937514781951904,
                    0.1762779951095581,
                    0.7106285691261292
                ],
                [
                    0.37356868386268616,
                    0.8178253173828125,
                    -0.43769127130508423,
                    -1.7644625902175903
                ],
                [
                    1.4900520817207052e-08,
                    0.4718725085258484,
                    0.881629228591919,
                    3.554107189178467
                ],
                [
                    0.0,
                    0.0,
                    0.0,
                    1.0
                ]
            ]
        },
        {
            "file_path": "./train/r_43",
            "rotation": 0.06283185307179587,
            "transform_matrix": [
                [
                    -0.9548523426055908,
                    -0.21392400562763214,
                    0.20593984425067902,
                    0.8302043676376343
                ],
                [
                    0.29693618416786194,
                    -0.6879116296768188,
                    0.6622371077537537,
                    2.669673442840576
                ],
                [
                    0.0,
                    0.6935446262359619,
                    0.7203805446624756,
                    2.904066801071167
                ],
                [
                    0.0,
                    0.0,
                    0.0,
                    1.0
                ]
            ]
        },
        {
