{
    "camera_angle_x": 0.6911112070083618,
    "frames": [
        {
            "file_path": "./train/r_0",
            "rotation": 0.06283185307179587,
            "transform_matrix": [
                [
                    -0.030919505283236504,
                    -0.29617172479629517,
                    0.9545941352844238,
                    3.8482511043548584
                ],
                [
                    0.9994789361953735,
                    -0.009162258356809616,
                    0.0295309666544199,
                    0.11904805153608322
                ],
                [
                    9.31282606586592e-10,
                    0.9550855159759521,
                    0.2963026463985443,
                    1.1944835186004639
                ],
                [
                    0.0,
                    0.0,
                    0.0,
                    1.0
                ]
            ]
        },
        {
            "file_path": "./train/r_1",
            "rotation": 0.06283185307179587,
            "transform_matrix": [
                [
                    0.9016942381858826,
                    -0.35453298687934875,
                    0.24734170734882355,
                    0.9971074461936951
                ],
                [
                    0.4322752356529236,
                    0.7395296096801758,
                    -0.515936553478241,
                    -2.079892635345459
                ],
                [
                    0.0,
                    0.5721819400787354,
                    0.8200908303260803,
                    3.306028366088867
                ],
                [
                    0.0,
                    0.0,
                    0.0,
                    1.0
                ]
            ]
        },
        {
            "file_path": "./train/r_2",
            "rotation": 0.06283185307179587,
            "transform_matrix": [
                [
                    0.7214031219482422,
                    -0.5851162672042847,
                    0.370347261428833,
                    1.4929791688919067
                ],
                [
                    0.6924533843994141,
                    0.6095784306526184,
                    -0.38583049178123474,
                    -1.5553966760635376
                ],
                [
                    1.4900521705385472e-08,
                    0.5348297953605652,
                    0.8449231386184692,
                    3.406134843826294
                ],
                [
                    0.0,
                    0.0,
                    0.0,
                    1.0
                ]
            ]
        },
        {
            "file_path": "./train/r_3",
            "rotation": 0.06283185307179587,
            "transform_matrix": [
                [
                    0.9744201302528381,
                    -0.20258918404579163,
                    0.09685203433036804,
                    0.39043915271759033
                ],
                [
                    0.22454297542572021,
                    0.8791500926017761,
                    -0.42029622197151184,
                    -1.694338321685791
                ],
                [
                    -7.450260852692736e-09,
                    0.43132662773132324,
                    0.9021575450897217,
                    3.6368634700775146
                ],
                [
                    0.0,
                    0.0,
                    0.0,
                    1.0
                ]
            ]
        },
        {
            "file_path": "./train/r_4",
            "rotation": 0.06283185307179587,
            "transform_matrix": [
                [
                    -0.9090609550476074,
                    0.33525776863098145,
                    -0.24725160002708435,
                    -0.9967442750930786
                ],
                [
                    -0.4165602922439575,
                    -0.731634259223938,
                    0.5395780801773071,
                    2.175198793411255
                ],
                [
                    0.0,
                    0.593551516532898,
                    0.8047604560852051,
                    3.244227409362793
                ],
                [
                    0.0,
                    0.0,
                    0.0,
                    1.0
                ]
            ]
        },
        {
            "file_path": "./train/r_5",
            "rotation": 0.06283185307179587,
            "transform_matrix": [
                [
                    -0.38753074407577515,
                    0.5756237506866455,
                    -0.7200126051902771,
                    -2.902583599090576
                ],
                [
                    -0.9218102097511292,
                    -0.24199330806732178,
                    0.3026946485042572,
                    1.2202515602111816
                ],
                [
                    0.0,
                    0.7810803055763245,
                    0.6243998408317566,
                    2.5171403884887695
                ],
                [
                    0.0,
                    0.0,
                    0.0,
                    1.0
                ]
            ]
        },
        {
            "file_path": "./train/r_6",
            "rotation": 0.06283185307179587,
            "transform_matrix": [
                [
                    0.6194207668304443,
                    0.523323118686676,
                    -0.5851383805274963,
                    -2.358865737915039
                ],
                [
                    -0.7850045561790466,
                    0.4129366874694824,
                    -0.4617130756378174,
                    -1.8613017797470093
                ],
                [
                    0.0,
                    0.7453899383544922,
                    0.6665969491004944,
                    2.687249183654785
                ],
                [
                    0.0,
                    0.0,
                    0.0,
                    1.0
                ]
            ]
        },
        {
            "file_path": "./train/r_7",
            "rotation": 0.06283185307179587,
            "transform_matrix": [
                [
                    -0.7560173273086548,
                    0.5200467705726624,
                    -0.39739710092544556,
                    -1.6020252704620361
                ],
                [
                    -0.6544862389564514,
                    -0.6007221341133118,
                    0.4590457081794739,
                    1.8505489826202393
                ],
                [
                    -1.4900523481742312e-08,
                    0.6071854829788208,
                    0.7945249080657959,
                    3.2029647827148438
                ],
                [
                    0.0,
                    0.0,
                    0.0,
                    1.0
                ]
            ]
        },
        {
            "file_path": "./train/r_8",
            "rotation": 0.06283185307179587,
            "transform_matrix": [
                [
                    -0.12226852774620056,
                    -0.46124258637428284,
                    0.8787710070610046,
                    3.5425853729248047
                ],
                [
                    0.9924536943435669,
                    -0.05682426318526268,
                    0.10826302319765091,
                    0.43644019961357117
                ],
                [
                    0.0,
                    0.8854468464851379,
                    0.46471288800239563,
                    1.8733948469161987
                ],
                [
                    0.0,
                    0.0,
                    0.0,
                    1.0
                ]
            ]
        },
        {
            "file_path": "./train/r_9",
            "rotation": 0.06283185307179587,
            "transform_matrix": [
                [
                    0.8191713094711304,
                    0.5602741837501526,
                    -0.12243014574050903,
                    -0.4935520887374878
                ],
                [
                    -0.5734741687774658,
                    0.8003160357475281,
                    -0.1748836636543274,
                    -0.7050077319145203
                ],
                [
                    0.0,
                    0.2134871929883957,
                    0.9769052863121033,
                    3.9381937980651855
                ],
                [
                    0.0,
                    0.0,
                    0.0,
                    1.0
                ]
            ]
        },
        {
            "file_path": "./train/r_10",
            "rotation": 0.06283185307179587,
            "transform_matrix": [
                [
                    0.1077701672911644,
                    -0.6271677017211914,
                    0.7713572978973389,
                    3.1095693111419678
                ],
                [
                    0.9941326975822449,
                    0.06798887997865677,
                    -0.08361992985010147,
                    -0.3370966613292694
                ],
                [
                    0.0,
                    0.7759047150611877,
                    0.6308192610740662,
                    2.5430188179016113
                ],
                [
                    0.0,
                    0.0,
                    0.0,
                    1.0
                ]
            ]
        },
        {
            "file_path": "./train/r_11",
            "rotation": 0.06283185307179587,
            "transform_matrix": [
                [
                    0.22522570192813873,
                    0.3613232374191284,
                    -0.9047904014587402,
                    -3.647477149963379
                ],
                [
                    -0.9742627143859863,
                    0.08352909982204437,
                    -0.20916540920734406,
                    -0.8432075381278992
                ],
                [
                    0.0,
                    0.9286863803863525,
                    0.37083908915519714,
                    1.4949618577957153
                ],
                [
                    0.0,
                    0.0,
                    0.0,
                    1.0
                ]
            ]
        },
        {
            "file_path": "./train/r_12",
            "rotation": 0.06283185307179587,
            "transform_matrix": [
                [
                    -0.9103614687919617,
                    -0.3801562488079071,
                    0.16324403882026672,
                    0.6580849885940552
                ],
                [
                    0.4137105345726013,
                    -0.8365259766578674,
                    0.3592151403427124,
                    1.448102355003357
                ],
                [
                    -1.4900523481742312e-08,
                    0.3945825695991516,
                    0.9188216328620911,
                    3.7040414810180664
                ],
                [
                    0.0,
                    0.0,
                    0.0,
                    1.0
                ]
            ]
        },
        {
            "file_path": "./train/r_13",
            "rotation": 0.06283185307179587,
            "transform_matrix": [
                [
                    -0.7308527231216431,
                    0.26772505044937134,
                    -0.6277726292610168,
                    -2.5307369232177734
                ],
                [
                    -0.6824724078178406,
                    -0.28670403361320496,
                    0.6722753047943115,
                    2.7101404666900635
                ],
                [
                    0.0,
                    0.9198444485664368,
                    0.3922559916973114,
                    1.5812997817993164
                ],
                [
                    0.0,
                    0.0,
                    0.0,
                    1.0
                ]
            ]
        },
        {
            "file_path": "./train/r_14",
            "rotation": 0.06283185307179587,
            "transform_matrix": [
                [
                    0.8233664631843567,
                    -0.40503227710723877,
                    0.3974212110042572,
                    1.6021223068237305
                ],
                [
                    0.5674343109130859,
                    0.5877155661582947,
                    -0.5766716003417969,
                    -2.3247337341308594
                ],
                [
                    0.0,
                    0.7003780603408813,
                    0.7137391567230225,
                    2.877293586730957
                ],
                [
                    0.0,
                    0.0,
                    0.0,
                    1.0
                ]
            ]
        },
        {
            "file_path": "./train/r_15",
            "rotation": 0.06283185307179587,
            "transform_matrix": [
                [
                    -0.941611111164093,
                    0.32906821370124817,
                    -0.0707450583577156,
                    -0.2851942181587219
                ],
                [
                    -0.3365747034549713,
                    -0.920610785484314,
                    0.19791841506958008,
                    0.7978676557540894
                ],
                [
                    0.0,
                    0.2101898342370987,
                    0.9776199460029602,
                    3.941074848175049
                ],
                [
                    0.0,
                    0.0,
                    0.0,
                    1.0
                ]
            ]
        },
        {
            "file_path": "./train/r_16",
            "rotation": 0.06283185307179587,
            "transform_matrix": [
                [
                    0.13816194236278534,
                    -0.9129408597946167,
                    0.38396355509757996,
                    1.5478705167770386
                ],
                [
                    0.9903663992881775,
                    0.12736062705516815,
                    -0.05356517434120178,
                    -0.2159370481967926
                ],
                [
                    -3.725130426346368e-09,
                    0.3876960575580597,
                    0.9217484593391418,
                    3.7158403396606445
                ],
                [
                    0.0,
                    0.0,
                    0.0,
                    1.0
                ]
            ]
        },
        {
            "file_path": "./train/r_17",
            "rotation": 0.06283185307179587,
            "transform_matrix": [
                [
                    0.30928802490234375,
                    0.21110306680202484,
                    -0.9271982312202454,
                    -3.7378103733062744
                ],
                [
                    -0.9509233236312866,
                    0.06866131722927094,
                    -0.30157142877578735,
                    -1.2157236337661743
                ],
                [
                    0.0,
                    0.9750441312789917,
                    0.22198039293289185,
                    0.8948686122894287
                ],
                [
                    0.0,
                    0.0,
                    0.0,
                    1.0
                ]
            ]
        },
        {
            "file_path": "./train/r_18",
            "rotation": 0.06283185307179587,
            "transform_matrix": [
                [
                    0.2144874483346939,
                    -0.9038212895393372,
                    0.37024107575416565,
                    1.4925510883331299
                ],
                [
                    0.9766828417778015,
                    0.19848647713661194,
                    -0.08130794018507004,
                    -0.32777634263038635
                ],
                [
                    7.450260852692736e-09,
                    0.37907764315605164,
                    0.9253259301185608,
                    3.730262041091919
                ],
                [
                    0.0,
                    0.0,
                    0.0,
                    1.0
                ]
            ]
        },
        {
            "file_path": "./train/r_19",
            "rotation": 0.06283185307179587,
            "transform_matrix": [
                [
                    -0.07168079167604446,
                    -0.9573251008987427,
                    0.27995413541793823,
                    1.1285778284072876
                ],
                [
                    0.9973846077919006,
                    -0.06880176812410355,
                    0.020119957625865936,
                    0.08110949397087097
                ],
                [
                    0.0,
                    0.2806864380836487,
                    0.9597594738006592,
                    3.8690738677978516
                ],
                [
                    0.0,
                    0.0,
                    0.0,
                    1.0
                ]
            ]
        },
        {
            "file_path": "./train/r_20",
            "rotation": 0.06283185307179587,
            "transform_matrix": [
                [
                    0.2688033878803253,
                    -0.8369306921958923,
                    0.4767177402973175,
                    1.9217901229858398
                ],
                [
                    0.9631505608558655,
                    0.23357699811458588,
                    -0.1330460160970688,
                    -0.5363478064537048
                ],
                [
                    0.0,
                    0.49495336413383484,
                    0.8688821792602539,
                    3.502720832824707
                ],
                [
                    0.0,
                    0.0,
                    0.0,
                    1.0
                ]
            ]
        },
        {
            "file_path": "./train/r_21",
            "rotation": 0.06283185307179587,
            "transform_matrix": [
                [
                    -0.7654052376747131,
                    0.5303741693496704,
                    -0.3644091784954071,
                    -1.4690412282943726
                ],
                [
                    -0.643481969833374,
                    -0.6308664679527283,
                    0.43345534801483154,
                    1.7473866939544678
                ],
                [
                    1.4900519929028633e-08,
                    0.5663045644760132,
                    0.8241599798202515,
                    3.322432518005371
                ],
                [
                    0.0,
                    0.0,
                    0.0,
                    1.0
                ]
            ]
        },
        {
            "file_path": "./train/r_22",
            "rotation": 0.06283185307179587,
            "transform_matrix": [
                [
                    -0.9744586944580078,
                    -0.1235431581735611,
                    0.1873043328523636,
                    0.7550790905952454
                ],
                [
                    0.22437596321105957,
                    -0.5365445613861084,
                    0.8134576678276062,
                    3.2792882919311523
                ],
                [
                    -7.450261740871156e-09,
                    0.834773600101471,
                    0.5505642294883728,
                    2.219487190246582
                ],
                [
                    0.0,
                    0.0,
                    0.0,
                    1.0
                ]
            ]
        },
        {
            "file_path": "./train/r_23",
            "rotation": 0.06283185307179587,
            "transform_matrix": [
                [
                    -0.3968884348869324,
                    0.5786600708961487,
                    -0.7124417424201965,
                    -2.872063159942627
                ],
                [
                    -0.9178200364112854,
                    -0.250227153301239,
                    0.30807775259017944,
                    1.2419524192810059
                ],
                [
                    1.4900519929028633e-08,
                    0.7762272953987122,
                    0.6304222941398621,
                    2.5414185523986816
                ],
                [
                    0.0,
                    0.0,
                    0.0,
                    1.0
                ]
            ]
        },
        {
            "file_path": "./train/r_24",
            "rotation": 0.06283185307179587,
            "transform_matrix": [
                [
                    0.985259473323822,
                    0.07358382642269135,
                    -0.15415489673614502,
                    -0.6214439272880554
                ],
                [
                    -0.17081515491008759,
                    0.4244304597377777,
                    -0.8891632556915283,
                    -3.584479808807373
                ],
                [
                    0.0,
                    0.9024600982666016,
                    0.4307461977005005,
                    1.7364652156829834
                ],
                [
                    0.0,
                    0.0,
                    0.0,
                    1.0
                ]
            ]
        },
        {
            "file_path": "./train/r_25",
            "rotation": 0.06283185307179587,
            "transform_matrix": [
                [
                    -0.6383083462715149,
                    0.315580815076828,
                    -0.7020644545555115,
                    -2.8302290439605713
                ],
                [
                    -0.7697250843048096,
                    -0.2617010772228241,
                    0.5821996331214905,
                    2.3470187187194824
                ],
                [
                    0.0,
                    0.9120916724205017,
                    0.40995916724205017,
                    1.6526663303375244
                ],
                [
                    0.0,
                    0.0,
                    0.0,
                    1.0
                ]
            ]
        },
        {
            "file_path": "./train/r_26",
            "rotation": 0.06283185307179587,
            "transform_matrix": [
                [
                    0.923748791217804,
                    0.13870485126972198,
                    -0.35688260197639465,
                    -1.4386991262435913
                ],
                [
                    -0.3828868865966797,
                    0.334637850522995,
                    -0.8610112071037292,
                    -3.4709904193878174
                ],
                [
                    -1.4900521705385472e-08,
                    0.9320775270462036,
                    0.3622319996356964,
                    1.4602640867233276
                ],
                [
                    0.0,
                    0.0,
                    0.0,
                    1.0
                ]
            ]
        },
        {
            "file_path": "./train/r_27",
            "rotation": 0.06283185307179587,
            "transform_matrix": [
                [
                    0.32428354024887085,
                    0.5640193223953247,
                    -0.759382963180542,
                    -3.0612969398498535
                ],
                [
                    -0.9459145069122314,
                    0.19336017966270447,
                    -0.2603358328342438,
                    -1.0494905710220337
                ],
                [
                    -1.4900520817207052e-08,
                    0.8027975559234619,
                    0.5962216258049011,
                    2.403545379638672
                ],
                [
                    0.0,
                    0.0,
                    0.0,
                    1.0
                ]
            ]
        },
        {
            "file_path": "./train/r_28",
            "rotation": 0.06283185307179587,
            "transform_matrix": [
                [
                    0.14759422838687897,
                    -0.29801586270332336,
                    0.9430409073829651,
                    3.8016765117645264
                ],
                [
                    0.9890045523643494,
                    0.04447444900870323,
                    -0.14073485136032104,
                    -0.5673437714576721
                ],
                [
                    -3.725130648390973e-09,
                    0.9535189270973206,
                    0.30130529403686523,
                    1.2146506309509277
                ],
                [
                    0.0,
                    0.0,
                    0.0,
                    1.0
                ]
            ]
        },
        {
            "file_path": "./train/r_29",
            "rotation": 0.06283185307179587,
            "transform_matrix": [
                [
                    -0.3702394962310791,
                    -0.6884800791740417,
                    0.6235937476158142,
                    2.5138907432556152
                ],
                [
                    0.9288902282714844,
                    -0.2744162082672119,
                    0.24855363368988037,
                    1.001993179321289
                ],
                [
                    0.0,
                    0.6713277101516724,
                    0.7411269545555115,
                    2.987701892852783
                ],
                [
                    0.0,
                    0.0,
                    0.0,
                    1.0
                ]
            ]
        },
        {
            "file_path": "./train/r_30",
            "rotation": 0.06283185307179587,
            "transform_matrix": [
                [
                    -0.6685449481010437,
                    0.7172764539718628,
                    -0.19625400006771088,
                    -0.7911578416824341
                ],
                [
                    -0.743614137172699,
                    -0.6448661088943481,
                    0.17644180357456207,
                    0.7112890481948853
                ],
                [
                    0.0,
                    0.2639172077178955,
                    0.964505136013031,
                    3.888205051422119
                ],
                [
                    0.0,
                    0.0,
                    0.0,
                    1.0
                ]
            ]
        },
        {
            "file_path": "./train/r_31",
            "rotation": 0.06283185307179587,
            "transform_matrix": [
                [
                    0.631604015827179,
                    -0.7751782536506653,
                    0.011609568260610104,
                    0.046801596879959106
                ],
                [
                    0.7752357721328735,
                    0.6315571665763855,
                    -0.009458606131374836,
                    -0.03813043236732483
                ],
                [
                    0.0,
                    0.014977199025452137,
                    0.9998465776443481,
                    4.03067684173584
                ],
                [
                    0.0,
                    0.0,
                    0.0,
                    1.0
                ]
            ]
        },
        {
            "file_path": "./train/r_32",
            "rotation": 0.06283185307179587,
            "transform_matrix": [
                [
                    0.9981390237808228,
                    -0.035942442715168,
                    0.048384085297584534,
                    0.19505053758621216
                ],
                [
                    0.06027250364422798,
                    0.5952225923538208,
                    -0.8012617230415344,
                    -3.2301223278045654
                ],
                [
                    0.0,
                    0.802750289440155,
                    0.5962852835655212,
                    2.4038021564483643
                ],
                [
                    0.0,
                    0.0,
                    0.0,
                    1.0
                ]
            ]
        },
        {
            "file_path": "./train/r_33",
            "rotation": 0.06283185307179587,
            "transform_matrix": [
                [
                    -0.34871479868888855,
                    -0.368263840675354,
                    0.8618043065071106,
                    3.4741873741149902
                ],
                [
                    0.9371830821037292,
                    -0.13702663779258728,
                    0.3206672668457031,
                    1.2927043437957764
                ],
                [
                    -7.450260852692736e-09,
                    0.919562578201294,
                    0.3929165005683899,
                    1.583962321281433
                ],
                [
                    0.0,
                    0.0,
                    0.0,
                    1.0
                ]
            ]
        },
        {
            "file_path": "./train/r_34",
            "rotation": 0.06283185307179587,
            "transform_matrix": [
                [
                    -0.32639944553375244,
                    -0.36773404479026794,
                    0.8707249760627747,
                    3.5101494789123535
                ],
                [
                    0.9451866149902344,
                    -0.12698885798454285,
                    0.30068570375442505,
                    1.2121529579162598
                ],
                [
                    7.450262184960366e-09,
                    0.9212139844894409,
                    0.389028936624527,
                    1.5682905912399292
                ],
                [
                    0.0,
                    0.0,
                    0.0,
                    1.0
                ]
            ]
        },
        {
            "file_path": "./train/r_35",
            "rotation": 0.06283185307179587,
            "transform_matrix": [
                [
                    0.34532028436660767,
                    -0.2581325173377991,
                    0.9022436141967773,
                    3.6372103691101074
                ],
                [
                    0.9384392499923706,
                    0.09498578310012817,
                    -0.3320012390613556,
                    -1.338395118713379
                ],
                [
                    0.0,
                    0.9614235162734985,
                    0.2750439941883087,
                    1.1087836027145386
                ],
                [
                    0.0,
                    0.0,
                    0.0,
                    1.0
                ]
            ]
        },
        {
            "file_path": "./train/r_36",
            "rotation": 0.06283185307179587,
            "transform_matrix": [
                [
                    -0.4520481526851654,
                    -0.6935439109802246,
                    0.5608929395675659,
                    2.261125326156616
                ],
                [
                    0.8919454216957092,
                    -0.35149598121643066,
                    0.28426694869995117,
                    1.1459641456604004
                ],
                [
                    -1.4900522593563892e-08,
                    0.6288380026817322,
                    0.7775015234947205,
                    3.134338617324829
                ],
                [
                    0.0,
                    0.0,
                    0.0,
                    1.0
                ]
            ]
        },
        {
            "file_path": "./train/r_37",
            "rotation": 0.06283185307179587,
            "transform_matrix": [
                [
                    -0.18483199179172516,
                    0.4285320043563843,
                    -0.884380042552948,
                    -3.565197229385376
                ],
                [
                    -0.9827264547348022,
                    -0.08059864491224289,
                    0.16633491218090057,
                    0.6705451607704163
                ],
                [
                    0.0,
                    0.8999189138412476,
                    0.43602991104125977,
                    1.7577654123306274
                ],
                [
                    0.0,
                    0.0,
                    0.0,
                    1.0
                ]
            ]
        },
        {
            "file_path": "./train/r_38",
            "rotation": 0.06283185307179587,
            "transform_matrix": [
                [
                    0.8399889469146729,
                    0.10609633475542068,
                    -0.5320509672164917,
                    -2.1448545455932617
                ],
                [
                    -0.542524516582489,
                    0.1642685830593109,
                    -0.823772668838501,
                    -3.320870876312256
                ],
                [
                    -7.450261740871156e-09,
                    0.980688214302063,
                    0.19554495811462402,
                    0.7882994413375854
                ],
                [
                    0.0,
                    0.0,
                    0.0,
                    1.0
                ]
            ]
        },
        {
            "file_path": "./train/r_39",
            "rotation": 0.06283185307179587,
            "transform_matrix": [
                [
                    0.6558141112327576,
                    0.5756540298461914,
                    -0.48833417892456055,
                    -1.9686193466186523
                ],
                [
                    -0.7548654675483704,
                    0.5001183152198792,
                    -0.4242563545703888,
                    -1.710302710533142
                ],
                [
                    0.0,
                    0.6469111442565918,
                    0.7625311017036438,
                    3.0739879608154297
                ],
                [
                    0.0,
                    0.0,
                    0.0,
                    1.0
                ]
            ]
        },
        {
            "file_path": "./train/r_40",
            "rotation": 0.06283185307179587,
            "transform_matrix": [
                [
                    0.9994021654129028,
                    0.006655605044215918,
                    -0.03263659030199051,
                    -0.13156774640083313
                ],
                [
                    -0.03330821916460991,
                    0.199699267745018,
                    -0.9792502522468567,
                    -3.9476470947265625
                ],
                [
                    0.0,
                    0.9798294901847839,
                    0.1998029351234436,
                    0.8054646849632263
                ],
                [
                    0.0,
                    0.0,
                    0.0,
                    1.0
                ]
            ]
        },
        {
            "file_path": "./train/r_41",
            "rotation": 0.06283185307179587,
            "transform_matrix": [
                [
                    0.9538799524307251,
                    -0.07860366255044937,
                    0.28956735134124756,
                    1.1673314571380615
                ],
                [
                    0.30004504323005676,
                    0.24989068508148193,
                    -0.9205700755119324,
                    -3.711089849472046
                ],
                [
                    0.0,
                    0.9650731086730957,
                    0.26195210218429565,
                    1.0560063123703003
                ],
                [
                    0.0,
                    0.0,
                    0.0,
                    1.0
                ]
            ]
        },
        {
            "file_path": "./train/r_42",
            "rotation": 0.06283185307179587,
            "transform_matrix": [
                [
                    0.9661539196968079,
                    0.1801716834306717,
                    -0.18439507484436035,
                    -0.7433509826660156
                ],
                [
                    -0.2577999532222748,
                    0.6752274036407471,
                    -0.6910553574562073,
                    -2.7858481407165527
                ],
                [
                    -7.450261296781946e-09,
                    0.7152594327926636,
                    0.6988264322280884,
                    2.81717586517334
                ],
                [
                    0.0,
                    0.0,
                    0.0,
                    1.0
                ]
            ]
        },
        {
            "file_path": "./train/r_43",
            "rotation": 0.06283185307179587,
            "transform_matrix": [
                [
                    -0.9147913455963135,
                    -0.26562023162841797,
                    0.30417490005493164,
                    1.2262189388275146
                ],
                [
                    0.403820276260376,
                    -0.6017208695411682,
                    0.6890604496002197,
                    2.777806282043457
                ],
                [
                    -1.4900520817207052e-08,
                    0.7532381415367126,
                    0.6577162742614746,
                    2.6514487266540527
                ],
                [
                    0.0,
                    0.0,
                    0.0,
                    1.0
                ]
            ]
        },
        {
            "file_path": "./train/r_44",
