{
    "camera_angle_x": 0.6911112070083618,
    "frames": [
        {
            "file_path": "./train/r_0",
            "rotation": 0.06283185307179587,
            "transform_matrix": [
                [
                    0.3784042298793793,
                    -0.7282419204711914,
                    0.5713399648666382,
                    2.3032402992248535
                ],
                [
                    0.9255942106246948,
                    0.2977220416069031,
                    -0.2335769236087799,
                    -0.9416176080703735
                ],
                [
                    1.4900523481742312e-08,
                    0.6172643303871155,
                    0.786720871925354,
                    3.171504259109497
                ],
                [
                    0.0,
                    0.0,
                    0.0,
                    1.0
                ]
            ]
        },
        {
            "file_path": "./train/r_1",
            "rotation": 0.06283185307179587,
            "transform_matrix": [
                [
                    0.6374309062957764,
                    0.6933484673500061,
                    -0.3360070586204529,
                    -1.3545438051223755
                ],
                [
                    -0.7704518437385559,
                    0.5736395716667175,
                    -0.2779943346977234,
                    -1.1206772327423096
                ],
                [
                    1.4900524369920731e-08,
                    0.4361138939857483,
                    0.8998531699180603,
                    3.6275739669799805
                ],
                [
                    0.0,
                    0.0,
                    0.0,
                    1.0
                ]
            ]
        },
        {
            "file_path": "./train/r_2",
            "rotation": 0.06283185307179587,
            "transform_matrix": [
                [
                    -0.8867316842079163,
                    -0.4568919241428375,
                    0.06990577280521393,
                    0.28181082010269165
                ],
                [
                    0.4621918201446533,
                    -0.8765636086463928,
                    0.1341167539358139,
                    0.5406641960144043
                ],
                [
                    -3.725130870435578e-09,
                    0.15124750137329102,
                    0.988455057144165,
                    3.9847540855407715
                ],
                [
                    0.0,
                    0.0,
                    0.0,
                    1.0
                ]
            ]
        },
        {
            "file_path": "./train/r_3",
            "rotation": 0.06283185307179587,
            "transform_matrix": [
                [
                    0.6030177474021912,
                    -0.27249452471733093,
                    0.749691903591156,
                    3.0222291946411133
                ],
                [
                    0.7976739406585693,
                    0.2059977799654007,
                    -0.5667448043823242,
                    -2.2847156524658203
                ],
                [
                    -1.4900519040850213e-08,
                    0.9398413300514221,
                    0.3415844142436981,
                    1.3770275115966797
                ],
                [
                    0.0,
                    0.0,
                    0.0,
                    1.0
                ]
            ]
        },
        {
            "file_path": "./train/r_4",
            "rotation": 0.06283185307179587,
            "transform_matrix": [
                [
                    0.789057731628418,
                    0.15838152170181274,
                    -0.5934816598892212,
                    -2.392500162124634
                ],
                [
                    -0.6142493486404419,
                    0.2034551054239273,
                    -0.7623797655105591,
                    -3.073378324508667
                ],
                [
                    7.4502626290495755e-09,
                    0.9661837816238403,
                    0.25782522559165955,
                    1.0393697023391724
                ],
                [
                    0.0,
                    0.0,
                    0.0,
                    1.0
                ]
            ]
        },
        {
            "file_path": "./train/r_5",
            "rotation": 0.06283185307179587,
            "transform_matrix": [
                [
                    0.39549630880355835,
                    0.5317094922065735,
                    -0.7488691806793213,
                    -3.0189130306243896
                ],
                [
                    -0.9184209704399109,
                    0.22896815836429596,
                    -0.3224828541278839,
                    -1.3000236749649048
                ],
                [
                    0.0,
                    0.8153825402259827,
                    0.5788930058479309,
                    2.333688735961914
                ],
                [
                    0.0,
                    0.0,
                    0.0,
                    1.0
                ]
            ]
        },
        {
            "file_path": "./train/r_6",
            "rotation": 0.06283185307179587,
            "transform_matrix": [
                [
                    -0.03473770618438721,
                    -0.9952694773674011,
                    0.09067074954509735,
                    0.3655205965042114
                ],
                [
                    0.9993535280227661,
                    -0.03459574282169342,
                    0.003151731099933386,
                    0.01270555891096592
                ],
                [
                    0.0,
                    0.09072902798652649,
                    0.995834469795227,
                    4.014503002166748
                ],
                [
                    0.0,
                    0.0,
                    0.0,
                    1.0
                ]
            ]
        },
        {
            "file_path": "./train/r_7",
            "rotation": 0.06283185307179587,
            "transform_matrix": [
                [
                    -0.6140839457511902,
                    0.3808201849460602,
                    -0.6912333369255066,
                    -2.7865660190582275
                ],
                [
                    -0.7891863584518433,
                    -0.29632487893104553,
                    0.5378645062446594,
                    2.168290853500366
                ],
                [
                    1.4900521705385472e-08,
                    0.8758752942085266,
                    0.4825095534324646,
                    1.945138692855835
                ],
                [
                    0.0,
                    0.0,
                    0.0,
                    1.0
                ]
            ]
        },
        {
            "file_path": "./train/r_8",
            "rotation": 0.06283185307179587,
            "transform_matrix": [
                [
                    0.7219626903533936,
                    -0.32549723982810974,
                    0.6105283498764038,
                    2.4612200260162354
                ],
                [
                    0.6918700337409973,
                    0.3396546244621277,
                    -0.637083113193512,
                    -2.568270206451416
                ],
                [
                    0.0,
                    0.8824262619018555,
                    0.4704228937625885,
                    1.8964135646820068
                ],
                [
                    0.0,
                    0.0,
                    0.0,
                    1.0
                ]
            ]
        },
        {
            "file_path": "./train/r_9",
            "rotation": 0.06283185307179587,
            "transform_matrix": [
                [
                    0.7093609571456909,
                    -0.35617753863334656,
                    0.6081690788269043,
                    2.451709270477295
                ],
                [
                    0.7047845125198364,
                    0.35849031805992126,
                    -0.6121180653572083,
                    -2.4676289558410645
                ],
                [
                    -2.9801041634414105e-08,
                    0.8629092574119568,
                    0.5053306818008423,
                    2.037137508392334
                ],
                [
                    0.0,
                    0.0,
                    0.0,
                    1.0
                ]
            ]
        },
        {
            "file_path": "./train/r_10",
            "rotation": 0.06283185307179587,
            "transform_matrix": [
                [
                    -0.13581310212612152,
                    -0.3174442648887634,
                    0.9384607672691345,
                    3.783212423324585
                ],
                [
                    0.9906911849975586,
                    -0.043518196791410446,
                    0.12865287065505981,
                    0.5186377763748169
                ],
                [
                    0.0,
                    0.9472724795341492,
                    0.32040169835090637,
                    1.2916338443756104
                ],
                [
                    0.0,
                    0.0,
                    0.0,
                    1.0
                ]
            ]
        },
        {
            "file_path": "./train/r_11",
            "rotation": 0.06283185307179587,
            "transform_matrix": [
                [
                    0.8552598357200623,
                    -0.44085368514060974,
                    0.27222731709480286,
                    1.0974286794662476
                ],
                [
                    0.5181164741516113,
                    0.7277214527130127,
                    -0.4493682384490967,
                    -1.811536192893982
                ],
                [
                    -1.4900519929028633e-08,
                    0.5254136323928833,
                    0.8508101105690002,
                    3.4298670291900635
                ],
                [
                    0.0,
                    0.0,
                    0.0,
                    1.0
                ]
            ]
        },
        {
            "file_path": "./train/r_12",
            "rotation": 0.06283185307179587,
            "transform_matrix": [
                [
                    0.9987451434135437,
                    0.04599996283650398,
                    -0.017509369179606438,
                    -0.07058543711900711
                ],
                [
                    -0.04921802133321762,
                    0.9334434866905212,
                    -0.3553047776222229,
                    -1.4323384761810303
                ],
                [
                    -1.862565213173184e-09,
                    0.3557487726211548,
                    0.9345423579216003,
                    3.76741623878479
                ],
                [
                    0.0,
                    0.0,
                    0.0,
                    1.0
                ]
            ]
        },
        {
            "file_path": "./train/r_13",
            "rotation": 0.06283185307179587,
            "transform_matrix": [
                [
                    0.4817487895488739,
                    0.31367650628089905,
                    -0.8181986212730408,
                    -3.298400402069092
                ],
                [
                    -0.8762604594230652,
                    0.17245247960090637,
                    -0.4498276710510254,
                    -1.8133882284164429
                ],
                [
                    1.4900521705385472e-08,
                    0.9337329864501953,
                    0.35794344544410706,
                    1.4429757595062256
                ],
                [
                    0.0,
                    0.0,
                    0.0,
                    1.0
                ]
            ]
        },
        {
            "file_path": "./train/r_14",
            "rotation": 0.06283185307179587,
            "transform_matrix": [
                [
                    0.31105145812034607,
                    -0.8381133675575256,
                    0.4480860233306885,
                    1.8063671588897705
                ],
                [
                    0.950347900390625,
                    0.27431678771972656,
                    -0.14665979146957397,
                    -0.5912289619445801
                ],
                [
                    7.450260408603526e-09,
                    0.4714936316013336,
                    0.8818317651748657,
                    3.554924249649048
                ],
                [
                    0.0,
                    0.0,
                    0.0,
                    1.0
                ]
            ]
        },
        {
            "file_path": "./train/r_15",
            "rotation": 0.06283185307179587,
            "transform_matrix": [
                [
                    -0.21285991370677948,
                    0.8235186338424683,
                    -0.5258080363273621,
                    -2.119687557220459
                ],
                [
                    -0.9770388603210449,
                    -0.17941366136074066,
                    0.11455374211072922,
                    0.4617999792098999
                ],
                [
                    0.0,
                    0.5381613969802856,
                    0.8428052663803101,
                    3.397597074508667
                ],
                [
                    0.0,
                    0.0,
                    0.0,
                    1.0
                ]
            ]
        },
        {
            "file_path": "./train/r_16",
            "rotation": 0.06283185307179587,
            "transform_matrix": [
                [
                    -0.9131783246994019,
                    -0.25688958168029785,
                    0.31627947092056274,
                    1.275015950202942
                ],
                [
                    0.40745511651039124,
                    -0.5757346153259277,
                    0.7088377475738525,
                    2.857534408569336
                ],
                [
                    0.0,
                    0.7762264013290405,
                    0.6304234266281128,
                    2.5414230823516846
                ],
                [
                    0.0,
                    0.0,
                    0.0,
                    1.0
                ]
            ]
        },
        {
            "file_path": "./train/r_17",
            "rotation": 0.06283185307179587,
            "transform_matrix": [
                [
                    0.9981712102890015,
                    0.03321145847439766,
                    -0.0496537908911705,
                    -0.20016910135746002
                ],
                [
                    -0.059736158698797226,
                    0.5549523830413818,
                    -0.8296982645988464,
                    -3.3447587490081787
                ],
                [
                    0.0,
                    0.8312128186225891,
                    0.5559251308441162,
                    2.241098403930664
                ],
                [
                    0.0,
                    0.0,
                    0.0,
                    1.0
                ]
            ]
        },
        {
            "file_path": "./train/r_18",
            "rotation": 0.06283185307179587,
            "transform_matrix": [
                [
                    -0.8722257018089294,
                    -0.25640565156936646,
                    0.41641107201576233,
                    1.678675889968872
                ],
                [
                    0.4890158176422119,
                    -0.45733410120010376,
                    0.7427253127098083,
                    2.994144916534424
                ],
                [
                    1.4900519929028633e-08,
                    0.8515231013298035,
                    0.524288535118103,
                    2.1135616302490234
                ],
                [
                    0.0,
                    0.0,
                    0.0,
                    1.0
                ]
            ]
        },
        {
            "file_path": "./train/r_19",
            "rotation": 0.06283185307179587,
            "transform_matrix": [
                [
                    -0.12164289504289627,
                    -0.28246256709098816,
                    0.9514942169189453,
                    3.835753917694092
                ],
                [
                    0.9925307035446167,
                    -0.034618135541677475,
                    0.11661352962255478,
                    0.47010356187820435
                ],
                [
                    -3.725130426346368e-09,
                    0.9586482048034668,
                    0.2845657169818878,
                    1.1471683979034424
                ],
                [
                    0.0,
                    0.0,
                    0.0,
                    1.0
                ]
            ]
        },
        {
            "file_path": "./train/r_20",
            "rotation": 0.06283185307179587,
            "transform_matrix": [
                [
                    -0.9085862040519714,
                    0.20702341198921204,
                    -0.3626711666584015,
                    -1.4620347023010254
                ],
                [
                    -0.417594850063324,
                    -0.45043328404426575,
                    0.7890854477882385,
                    3.181036949157715
                ],
                [
                    1.4900523481742312e-08,
                    0.8684705495834351,
                    0.49571260809898376,
                    1.9983640909194946
                ],
                [
                    0.0,
                    0.0,
                    0.0,
                    1.0
                ]
            ]
        },
        {
            "file_path": "./train/r_21",
            "rotation": 0.06283185307179587,
            "transform_matrix": [
                [
                    -0.3354707956314087,
                    -0.5009861588478088,
                    0.7977514863014221,
                    3.2159719467163086
                ],
                [
                    0.9420050382614136,
                    -0.1784132868051529,
                    0.2840985953807831,
                    1.1452853679656982
                ],
                [
                    0.0,
                    0.8468598127365112,
                    0.5317874550819397,
                    2.1437923908233643
                ],
                [
                    0.0,
                    0.0,
                    0.0,
                    1.0
                ]
            ]
        },
        {
            "file_path": "./train/r_22",
            "rotation": 0.06283185307179587,
            "transform_matrix": [
                [
                    0.9416095614433289,
                    -0.15830206871032715,
                    0.29703256487846375,
                    1.1974259614944458
                ],
                [
                    0.3365793824195862,
                    0.4428635239601135,
                    -0.8309738636016846,
                    -3.349900960922241
                ],
                [
                    0.0,
                    0.8824977874755859,
                    0.47028881311416626,
                    1.8958730697631836
                ],
                [
                    0.0,
                    0.0,
                    0.0,
                    1.0
                ]
            ]
        },
        {
            "file_path": "./train/r_23",
            "rotation": 0.06283185307179587,
            "transform_matrix": [
                [
                    -0.8639357686042786,
                    0.4957694411277771,
                    -0.088093601167202,
                    -0.35513126850128174
                ],
                [
                    -0.5035167932510376,
                    -0.8506428003311157,
                    0.15115128457546234,
                    0.6093354225158691
                ],
                [
                    0.0,
                    0.17495515942573547,
                    0.9845356345176697,
                    3.9689533710479736
                ],
                [
                    0.0,
                    0.0,
                    0.0,
                    1.0
                ]
            ]
        },
        {
            "file_path": "./train/r_24",
            "rotation": 0.06283185307179587,
            "transform_matrix": [
                [
                    -0.12239626795053482,
                    0.3087349534034729,
                    -0.9431999325752258,
                    -3.8023176193237305
                ],
                [
                    -0.9924380779266357,
                    -0.038075923919677734,
                    0.11632377654314041,
                    0.4689355194568634
                ],
                [
                    3.725130648390973e-09,
                    0.9503803253173828,
                    0.3110627233982086,
                    1.2539857625961304
                ],
                [
                    0.0,
                    0.0,
                    0.0,
                    1.0
                ]
            ]
        },
        {
            "file_path": "./train/r_25",
            "rotation": 0.06283185307179587,
            "transform_matrix": [
                [
                    -0.2841547727584839,
                    -0.242799773812294,
                    0.9274835586547852,
                    3.7389602661132812
                ],
                [
                    0.958733856678009,
                    -0.07196232676506042,
                    0.274892657995224,
                    1.1081734895706177
                ],
                [
                    0.0,
                    0.9673983454704285,
                    0.2532304525375366,
                    1.0208467245101929
                ],
                [
                    0.0,
                    0.0,
                    0.0,
                    1.0
                ]
            ]
        },
        {
            "file_path": "./train/r_26",
            "rotation": 0.06283185307179587,
            "transform_matrix": [
                [
                    -0.5380449891090393,
                    -0.2889876067638397,
                    0.7917804718017578,
                    3.1919009685516357
                ],
                [
                    0.8428653478622437,
                    -0.18447591364383698,
                    0.5054349303245544,
                    2.037557363510132
                ],
                [
                    0.0,
                    0.9393853545188904,
                    0.3428362011909485,
                    1.382073998451233
                ],
                [
                    0.0,
                    0.0,
                    0.0,
                    1.0
                ]
            ]
        },
        {
            "file_path": "./train/r_27",
            "rotation": 0.06283185307179587,
            "transform_matrix": [
                [
                    -0.9694928526878357,
                    -0.23906734585762024,
                    0.053376615047454834,
                    0.21517691016197205
                ],
                [
                    0.2449447512626648,
                    -0.9462301135063171,
                    0.2112649828195572,
                    0.851671576499939
                ],
                [
                    0.0,
                    0.2179114818572998,
                    0.9759279489517212,
                    3.9342539310455322
                ],
                [
                    0.0,
                    0.0,
                    0.0,
                    1.0
                ]
            ]
        },
        {
            "file_path": "./train/r_28",
            "rotation": 0.06283185307179587,
            "transform_matrix": [
                [
                    0.1647268533706665,
                    -0.33749255537986755,
                    0.9267628788948059,
                    3.7360548973083496
                ],
                [
                    0.9862958192825317,
                    0.05636654794216156,
                    -0.1547839194536209,
                    -0.6239796876907349
                ],
                [
                    -3.725130870435578e-09,
                    0.9396337270736694,
                    0.3421548306941986,
                    1.3793271780014038
                ],
                [
                    0.0,
                    0.0,
                    0.0,
                    1.0
                ]
            ]
        },
        {
            "file_path": "./train/r_29",
            "rotation": 0.06283185307179587,
            "transform_matrix": [
                [
                    -0.33078673481941223,
                    0.5423523187637329,
                    -0.7722514867782593,
                    -3.1131742000579834
                ],
                [
                    -0.9436601996421814,
                    -0.19011393189430237,
                    0.2707018256187439,
                    1.091279149055481
                ],
                [
                    1.4900525258099151e-08,
                    0.8183522820472717,
                    0.5746871829032898,
                    2.3167340755462646
                ],
                [
                    0.0,
                    0.0,
                    0.0,
                    1.0
                ]
            ]
        },
        {
            "file_path": "./train/r_30",
            "rotation": 0.06283185307179587,
            "transform_matrix": [
                [
                    0.8470935225486755,
                    0.10684484243392944,
                    -0.5205121040344238,
                    -2.0983378887176514
                ],
                [
                    -0.5313632488250732,
                    0.17033088207244873,
                    -0.8297946453094482,
                    -3.345147132873535
                ],
                [
                    7.450261740871156e-09,
                    0.9795719981193542,
                    0.2010609656572342,
                    0.8105361461639404
                ],
                [
                    0.0,
                    0.0,
                    0.0,
                    1.0
                ]
            ]
        },
        {
            "file_path": "./train/r_31",
            "rotation": 0.06283185307179587,
            "transform_matrix": [
                [
                    0.49217191338539124,
                    0.4739225506782532,
                    -0.7301350831985474,
                    -2.943389892578125
                ],
                [
                    -0.8704487085342407,
                    0.2679668366909027,
                    -0.41283535957336426,
                    -1.6642612218856812
                ],
                [
                    0.0,
                    0.8387975096702576,
                    0.5444145798683167,
                    2.1946959495544434
                ],
                [
                    0.0,
                    0.0,
                    0.0,
                    1.0
                ]
            ]
        },
        {
            "file_path": "./train/r_32",
            "rotation": 0.06283185307179587,
            "transform_matrix": [
                [
                    -0.2258611023426056,
                    0.8900468945503235,
                    -0.3959519565105438,
                    -1.5961992740631104
                ],
                [
                    -0.9741155505180359,
                    -0.20636871457099915,
                    0.09180650860071182,
                    0.37009912729263306
                ],
                [
                    0.0,
                    0.4064705967903137,
                    0.9136252403259277,
                    3.6830930709838867
                ],
                [
                    0.0,
                    0.0,
                    0.0,
                    1.0
                ]
            ]
        },
        {
            "file_path": "./train/r_33",
            "rotation": 0.06283185307179587,
            "transform_matrix": [
                [
                    -0.9937499761581421,
                    -0.10743767768144608,
                    0.02886630967259407,
                    0.1163686215877533
                ],
                [
                    0.1112440675497055,
                    -0.9597472548484802,
                    0.25786450505256653,
                    1.0395280122756958
                ],
                [
                    0.0,
                    0.25948455929756165,
                    0.965707004070282,
                    3.893050193786621
                ],
                [
                    0.0,
                    0.0,
                    0.0,
                    1.0
                ]
            ]
        },
        {
            "file_path": "./train/r_34",
            "rotation": 0.06283185307179587,
            "transform_matrix": [
                [
                    0.7857107520103455,
                    0.16000011563301086,
                    -0.5974745154380798,
                    -2.4085960388183594
                ],
                [
                    -0.6185245513916016,
                    0.20324790477752686,
                    -0.7589709162712097,
                    -3.059635639190674
                ],
                [
                    1.4900520817207052e-08,
                    0.965960681438446,
                    0.25865983963012695,
                    1.042734146118164
                ],
                [
                    0.0,
                    0.0,
                    0.0,
                    1.0
                ]
            ]
        },
        {
            "file_path": "./train/r_35",
            "rotation": 0.06283185307179587,
            "transform_matrix": [
                [
                    0.8818188905715942,
                    0.4236453175544739,
                    -0.20699740946292877,
                    -0.8344676494598389
                ],
                [
                    -0.4714970588684082,
                    0.7923239469528198,
                    -0.3871375620365143,
                    -1.5606658458709717
                ],
                [
                    -1.4900520817207052e-08,
                    0.4390186369419098,
                    0.8984397649765015,
                    3.6218760013580322
                ],
                [
                    0.0,
                    0.0,
                    0.0,
                    1.0
                ]
            ]
        },
        {
            "file_path": "./train/r_36",
            "rotation": 0.06283185307179587,
            "transform_matrix": [
                [
                    -0.9569110870361328,
                    0.2369871735572815,
                    -0.1675610989332199,
                    -0.675488293170929
                ],
                [
                    -0.29023313522338867,
                    -0.7813568711280823,
                    0.5524561405181885,
                    2.227113723754883
                ],
                [
                    0.0,
                    0.5773289203643799,
                    0.8164759278297424,
                    3.2914555072784424
                ],
                [
                    0.0,
                    0.0,
                    0.0,
                    1.0
                ]
            ]
        },
        {
            "file_path": "./train/r_37",
            "rotation": 0.06283185307179587,
            "transform_matrix": [
                [
                    0.9584739804267883,
                    0.2692160904407501,
                    -0.0936487466096878,
                    -0.3775257468223572
                ],
                [
                    -0.2850295901298523,
                    0.9052976369857788,
                    -0.3149143159389496,
                    -1.2695125341415405
                ],
                [
                    -7.450260852692736e-09,
                    0.3285558819770813,
                    0.9444448947906494,
                    3.8073365688323975
                ],
                [
                    0.0,
                    0.0,
                    0.0,
                    1.0
                ]
            ]
        },
        {
            "file_path": "./train/r_38",
            "rotation": 0.06283185307179587,
            "transform_matrix": [
                [
                    0.4260197877883911,
                    0.4164775013923645,
                    -0.803108274936676,
                    -3.2375669479370117
                ],
                [
                    -0.9046664237976074,
                    0.19612494111061096,
                    -0.378194659948349,
                    -1.5246143341064453
                ],
                [
                    1.4900522593563892e-08,
                    0.8877338171005249,
                    0.46032941341400146,
                    1.8557238578796387
                ],
                [
                    0.0,
                    0.0,
                    0.0,
                    1.0
                ]
            ]
        },
        {
            "file_path": "./train/r_39",
            "rotation": 0.06283185307179587,
            "transform_matrix": [
                [
                    0.8929493427276611,
                    0.36735063791275024,
                    -0.26003769040107727,
                    -1.0482887029647827
                ],
                [
                    -0.4500618278980255,
                    0.7288455367088318,
                    -0.51593017578125,
                    -2.079867124557495
                ],
                [
                    1.4900520817207052e-08,
                    0.5777783393859863,
                    0.8161579370498657,
                    3.2901737689971924
                ],
                [
                    0.0,
                    0.0,
                    0.0,
                    1.0
                ]
            ]
        },
        {
            "file_path": "./train/r_40",
            "rotation": 0.06283185307179587,
            "transform_matrix": [
                [
                    -0.9993861317634583,
                    0.0091412253677845,
                    -0.032524269074201584,
                    -0.1311149299144745
                ],
                [
                    -0.03378431871533394,
                    -0.2704099118709564,
                    0.9621121883392334,
                    3.8785581588745117
                ],
                [
                    0.0,
                    0.9626966714859009,
                    0.2705545425415039,
                    1.0906851291656494
                ],
                [
                    0.0,
                    0.0,
                    0.0,
                    1.0
                ]
            ]
        },
        {
            "file_path": "./train/r_41",
            "rotation": 0.06283185307179587,
            "transform_matrix": [
                [
                    0.8971378803253174,
                    -0.06238498166203499,
                    0.4372262954711914,
                    1.7625882625579834
                ],
                [
                    0.4416535198688507,
                    0.12672361731529236,
                    -0.888144850730896,
                    -3.580374240875244
                ],
                [
                    7.450261296781946e-09,
                    0.9899692535400391,
                    0.14124205708503723,
                    0.5693884491920471
                ],
                [
                    0.0,
                    0.0,
                    0.0,
                    1.0
                ]
            ]
        },
        {
            "file_path": "./train/r_42",
            "rotation": 0.06283185307179587,
            "transform_matrix": [
                [
                    -0.7456620931625366,
                    0.49693748354911804,
                    -0.44381827116012573,
                    -1.789162516593933
                ],
                [
                    -0.6662598252296448,
                    -0.556160569190979,
                    0.49671080708503723,
                    2.0023880004882812
                ],
                [
                    -1.4900523481742312e-08,
                    0.6661294102668762,
                    0.7458022832870483,
                    3.00654935836792
                ],
                [
                    0.0,
                    0.0,
                    0.0,
                    1.0
                ]
            ]
        },
        {
            "file_path": "./train/r_43",
            "rotation": 0.06283185307179587,
            "transform_matrix": [
                [
                    -0.5500097274780273,
                    -0.6275152564048767,
                    0.5510525107383728,
                    2.2214555740356445
                ],
                [
                    0.8351069092750549,
                    -0.41328784823417664,
                    0.36292871832847595,
                    1.4630728960037231
                ],
                [
                    -1.4900523481742312e-08,
                    0.6598542928695679,
                    0.7513595223426819,
                    3.0289523601531982
                ],
                [
                    0.0,
                    0.0,
                    0.0,
