{
    "camera_angle_x": 0.6911112070083618,
    "frames": [
        {
            "file_path": "./train/r_0",
            "rotation": 0.06283185307179587,
            "transform_matrix": [
                [
                    -0.7713297605514526,
                    0.3503558933734894,
                    -0.5312491059303284,
                    -2.1416220664978027
                ],
                [
                    -0.6363682746887207,
                    -0.4246596097946167,
                    0.6439167261123657,
                    2.595818519592285
                ],
                [
                    -1.4900522593563892e-08,
                    0.8348082900047302,
                    0.5505115389823914,
                    2.2192747592926025
                ],
                [
                    0.0,
                    0.0,
                    0.0,
                    1.0
                ]
            ]
        },
        {
            "file_path": "./train/r_1",
            "rotation": 0.06283185307179587,
            "transform_matrix": [
                [
                    0.6562968492507935,
                    0.6685393452644348,
                    -0.34968289732933044,
                    -1.409675121307373
                ],
                [
                    -0.7544460296630859,
                    0.5815660953521729,
                    -0.30419108271598816,
                    -1.226284146308899
                ],
                [
                    1.4900525258099151e-08,
                    0.46349307894706726,
                    0.8860626220703125,
                    3.5719802379608154
                ],
                [
                    0.0,
                    0.0,
                    0.0,
                    1.0
                ]
            ]
        },
        {
            "file_path": "./train/r_2",
            "rotation": 0.06283185307179587,
            "transform_matrix": [
                [
                    -0.48331815004348755,
                    -0.6933630108833313,
                    0.5344182848930359,
                    2.15439772605896
                ],
                [
                    0.8753958344459534,
                    -0.38281533122062683,
                    0.2950597405433655,
                    1.1894726753234863
                ],
                [
                    1.4900521705385472e-08,
                    0.6104835867881775,
                    0.7919939756393433,
                    3.192761182785034
                ],
                [
                    0.0,
                    0.0,
                    0.0,
                    1.0
                ]
            ]
        },
        {
            "file_path": "./train/r_3",
            "rotation": 0.06283185307179587,
            "transform_matrix": [
                [
                    -0.09807587414979935,
                    -0.7033225893974304,
                    0.7040395736694336,
                    2.838191509246826
                ],
                [
                    0.9951357841491699,
                    -0.06931614130735397,
                    0.0693868026137352,
                    0.27971869707107544
                ],
                [
                    0.0,
                    0.7074762582778931,
                    0.7067043781280518,
                    2.8489341735839844
                ],
                [
                    0.0,
                    0.0,
                    0.0,
                    1.0
                ]
            ]
        },
        {
            "file_path": "./train/r_4",
            "rotation": 0.06283185307179587,
            "transform_matrix": [
                [
                    -0.33529597520828247,
                    -0.2603986859321594,
                    0.9053679704666138,
                    3.6498053073883057
                ],
                [
                    0.9420672059059143,
                    -0.09267985075712204,
                    0.3222341537475586,
                    1.2990210056304932
                ],
                [
                    7.4502595204251065e-09,
                    0.9610374569892883,
                    0.2763901352882385,
                    1.1142101287841797
                ],
                [
                    0.0,
                    0.0,
                    0.0,
                    1.0
                ]
            ]
        },
        {
            "file_path": "./train/r_5",
            "rotation": 0.06283185307179587,
            "transform_matrix": [
                [
                    -0.9649574756622314,
                    0.06424929946660995,
                    -0.25425148010253906,
                    -1.0249627828598022
                ],
                [
                    -0.26224273443222046,
                    -0.23641395568847656,
                    0.9355525374412537,
                    3.7714884281158447
                ],
                [
                    0.0,
                    0.9695206880569458,
                    0.24497997760772705,
                    0.9875866174697876
                ],
                [
                    0.0,
                    0.0,
                    0.0,
                    1.0
                ]
            ]
        },
        {
            "file_path": "./train/r_6",
            "rotation": 0.06283185307179587,
            "transform_matrix": [
                [
                    -0.965144157409668,
                    -0.07460139691829681,
                    0.2506915032863617,
                    1.0106114149093628
                ],
                [
                    0.26155489683151245,
                    -0.27528101205825806,
                    0.9250578880310059,
                    3.7291815280914307
                ],
                [
                    0.0,
                    0.958459734916687,
                    0.2852001190185547,
                    1.1497259140014648
                ],
                [
                    0.0,
                    0.0,
                    0.0,
                    1.0
                ]
            ]
        },
        {
            "file_path": "./train/r_7",
            "rotation": 0.06283185307179587,
            "transform_matrix": [
                [
                    -0.09995287656784058,
                    -0.43657350540161133,
                    0.894060492515564,
                    3.604222059249878
                ],
                [
                    0.9949491024017334,
                    -0.043858304619789124,
                    0.0898175835609436,
                    0.36208122968673706
                ],
                [
                    3.725130426346368e-09,
                    0.8985933661460876,
                    0.4387550354003906,
                    1.7687511444091797
                ],
                [
                    0.0,
                    0.0,
                    0.0,
                    1.0
                ]
            ]
        },
        {
            "file_path": "./train/r_8",
            "rotation": 0.06283185307179587,
            "transform_matrix": [
                [
                    0.8072812557220459,
                    0.5036535859107971,
                    -0.3075122535228729,
                    -1.2396728992462158
                ],
                [
                    -0.5900942087173462,
                    0.6890257000923157,
                    -0.42069363594055176,
                    -1.6959404945373535
                ],
                [
                    0.0,
                    0.521120548248291,
                    0.8534461855888367,
                    3.4404938220977783
                ],
                [
                    0.0,
                    0.0,
                    0.0,
                    1.0
                ]
            ]
        },
        {
            "file_path": "./train/r_9",
            "rotation": 0.06283185307179587,
            "transform_matrix": [
                [
                    -0.8751646876335144,
                    0.18348391354084015,
                    -0.44759121537208557,
                    -1.8043724298477173
                ],
                [
                    -0.4837365746498108,
                    -0.331954687833786,
                    0.8097712993621826,
                    3.264427423477173
                ],
                [
                    0.0,
                    0.9252727031707764,
                    0.379275381565094,
                    1.5289711952209473
                ],
                [
                    0.0,
                    0.0,
                    0.0,
                    1.0
                ]
            ]
        },
        {
            "file_path": "./train/r_10",
            "rotation": 0.06283185307179587,
            "transform_matrix": [
                [
                    0.8544371128082275,
                    0.11497920006513596,
                    -0.5065895915031433,
                    -2.0422122478485107
                ],
                [
                    -0.5194722414016724,
                    0.18911981582641602,
                    -0.8332474827766418,
                    -3.3590667247772217
                ],
                [
                    0.0,
                    0.975193977355957,
                    0.2213209569454193,
                    0.8922101855278015
                ],
                [
                    0.0,
                    0.0,
                    0.0,
                    1.0
                ]
            ]
        },
        {
            "file_path": "./train/r_11",
            "rotation": 0.06283185307179587,
            "transform_matrix": [
                [
                    -0.4261077046394348,
                    0.3877112567424774,
                    -0.8173370957374573,
                    -3.2949271202087402
                ],
                [
                    -0.9046251177787781,
                    -0.18262456357479095,
                    0.38499224185943604,
                    1.5520174503326416
                ],
                [
                    0.0,
                    0.9035031795501709,
                    0.4285539388656616,
                    1.7276273965835571
                ],
                [
                    0.0,
                    0.0,
                    0.0,
                    1.0
                ]
            ]
        },
        {
            "file_path": "./train/r_12",
            "rotation": 0.06283185307179587,
            "transform_matrix": [
                [
                    -0.7613871097564697,
                    0.32095450162887573,
                    -0.5632060170173645,
                    -2.2704498767852783
                ],
                [
                    -0.6482314467430115,
                    -0.3769804835319519,
                    0.6615195274353027,
                    2.666780471801758
                ],
                [
                    0.0,
                    0.868829071521759,
                    0.49508410692214966,
                    1.9958302974700928
                ],
                [
                    0.0,
                    0.0,
                    0.0,
                    1.0
                ]
            ]
        },
        {
            "file_path": "./train/r_13",
            "rotation": 0.06283185307179587,
            "transform_matrix": [
                [
                    -0.8959655165672302,
                    -0.31888675689697266,
                    0.3089968264102936,
                    1.2456574440002441
                ],
                [
                    0.44402673840522766,
                    -0.6434557437896729,
                    0.6234996318817139,
                    2.5135111808776855
                ],
                [
                    0.0,
                    0.6958922743797302,
                    0.7181131839752197,
                    2.8949265480041504
                ],
                [
                    0.0,
                    0.0,
                    0.0,
                    1.0
                ]
            ]
        },
        {
            "file_path": "./train/r_14",
            "rotation": 0.06283185307179587,
            "transform_matrix": [
                [
                    -0.9979011416435242,
                    -0.02182750217616558,
                    0.06025951728224754,
                    0.24292391538619995
                ],
                [
                    0.06409057974815369,
                    -0.33985793590545654,
                    0.9382508993148804,
                    3.7823665142059326
                ],
                [
                    1.862565435217789e-09,
                    0.9402181506156921,
                    0.34054574370384216,
                    1.3728405237197876
                ],
                [
                    0.0,
                    0.0,
                    0.0,
                    1.0
                ]
            ]
        },
        {
            "file_path": "./train/r_15",
            "rotation": 0.06283185307179587,
            "transform_matrix": [
                [
                    -0.9020169377326965,
                    0.21061156690120697,
                    -0.376731276512146,
                    -1.5187150239944458
                ],
                [
                    -0.43160152435302734,
                    -0.44016337394714355,
                    0.787341833114624,
                    3.1740076541900635
                ],
                [
                    0.0,
                    0.8728624582290649,
                    0.4879383444786072,
                    1.9670236110687256
                ],
                [
                    0.0,
                    0.0,
                    0.0,
                    1.0
                ]
            ]
        },
        {
            "file_path": "./train/r_16",
            "rotation": 0.06283185307179587,
            "transform_matrix": [
                [
                    -0.4207020401954651,
                    -0.907146692276001,
                    0.008436218835413456,
                    0.03400889039039612
                ],
                [
                    0.9071515798568726,
                    -0.42069974541664124,
                    0.003912393935024738,
                    0.0157720148563385
                ],
                [
                    0.0,
                    0.009293483570218086,
                    0.9999154210090637,
                    4.030954360961914
                ],
                [
                    0.0,
                    0.0,
                    0.0,
                    1.0
                ]
            ]
        },
        {
            "file_path": "./train/r_17",
            "rotation": 0.06283185307179587,
            "transform_matrix": [
                [
                    0.23333463072776794,
                    0.40756526589393616,
                    -0.8828220963478088,
                    -3.5589165687561035
                ],
                [
                    -0.9723523855209351,
                    0.09780310839414597,
                    -0.2118501365184784,
                    -0.854030430316925
                ],
                [
                    -7.450261296781946e-09,
                    0.9079179763793945,
                    0.4191206991672516,
                    1.6895992755889893
                ],
                [
                    0.0,
                    0.0,
                    0.0,
                    1.0
                ]
            ]
        },
        {
            "file_path": "./train/r_18",
            "rotation": 0.06283185307179587,
            "transform_matrix": [
                [
                    -0.9622450470924377,
                    0.05402979999780655,
                    -0.2666082978248596,
                    -1.0747767686843872
                ],
                [
                    -0.2720271348953247,
                    -0.19112031161785126,
                    0.9430769681930542,
                    3.801821708679199
                ],
                [
                    0.0,
                    0.9800733327865601,
                    0.19860349595546722,
                    0.8006293177604675
                ],
                [
                    0.0,
                    0.0,
                    0.0,
                    1.0
                ]
            ]
        },
        {
            "file_path": "./train/r_19",
            "rotation": 0.06283185307179587,
            "transform_matrix": [
                [
                    0.8531444072723389,
                    -0.3350926637649536,
                    0.3997259736061096,
                    1.6114134788513184
                ],
                [
                    0.5215926766395569,
                    0.5480951070785522,
                    -0.6538127660751343,
                    -2.6357123851776123
                ],
                [
                    0.0,
                    0.7663515210151672,
                    0.6423903703689575,
                    2.589665412902832
                ],
                [
                    0.0,
                    0.0,
                    0.0,
                    1.0
                ]
            ]
        },
        {
            "file_path": "./train/r_20",
            "rotation": 0.06283185307179587,
            "transform_matrix": [
                [
                    0.6772897243499756,
                    -0.5970513820648193,
                    0.4298255443572998,
                    1.7327537536621094
                ],
                [
                    0.7356581091880798,
                    0.5496802926063538,
                    -0.39572247862815857,
                    -1.5952742099761963
                ],
                [
                    1.4900523481742312e-08,
                    0.5842695236206055,
                    0.811523973941803,
                    3.2714927196502686
                ],
                [
                    0.0,
                    0.0,
                    0.0,
                    1.0
                ]
            ]
        },
        {
            "file_path": "./train/r_21",
            "rotation": 0.06283185307179587,
            "transform_matrix": [
                [
                    0.14900369942188263,
                    -0.6559038758277893,
                    0.7399569749832153,
                    2.982985496520996
                ],
                [
                    0.9887933135032654,
                    0.09883978217840195,
                    -0.11150595545768738,
                    -0.4495134651660919
                ],
                [
                    0.0,
                    0.7483385801315308,
                    0.6632851958274841,
                    2.673898696899414
                ],
                [
                    0.0,
                    0.0,
                    0.0,
                    1.0
                ]
            ]
        },
        {
            "file_path": "./train/r_22",
            "rotation": 0.06283185307179587,
            "transform_matrix": [
                [
                    -0.5232821702957153,
                    0.7480891346931458,
                    -0.4080387055873871,
                    -1.6449246406555176
                ],
                [
                    -0.8521091341972351,
                    -0.45940324664115906,
                    0.25057750940322876,
                    1.010151982307434
                ],
                [
                    -1.4900522593563892e-08,
                    0.47885414958000183,
                    0.8778569102287292,
                    3.538900375366211
                ],
                [
                    0.0,
                    0.0,
                    0.0,
                    1.0
                ]
            ]
        },
        {
            "file_path": "./train/r_23",
            "rotation": 0.06283185307179587,
            "transform_matrix": [
                [
                    0.7506118416786194,
                    -0.6267666816711426,
                    0.20902015268802643,
                    0.8426219820976257
                ],
                [
                    0.6606783866882324,
                    0.7120839357376099,
                    -0.23747260868549347,
                    -0.9573222398757935
                ],
                [
                    2.9801041634414105e-08,
                    0.3163698613643646,
                    0.948596179485321,
                    3.8240714073181152
                ],
                [
                    0.0,
                    0.0,
                    0.0,
                    1.0
                ]
            ]
        },
        {
            "file_path": "./train/r_24",
            "rotation": 0.06283185307179587,
            "transform_matrix": [
                [
                    0.9997013807296753,
                    0.004960023798048496,
                    -0.022067692130804062,
                    -0.08896138519048691
                ],
                [
                    -0.022618168964982033,
                    0.21922826766967773,
                    -0.9753708243370056,
                    -3.9320080280303955
                ],
                [
                    -4.6564138656002285e-10,
                    0.9756557941436768,
                    0.21927644312381744,
                    0.8839681148529053
                ],
                [
                    0.0,
                    0.0,
                    0.0,
                    1.0
                ]
            ]
        },
        {
            "file_path": "./train/r_25",
            "rotation": 0.06283185307179587,
            "transform_matrix": [
                [
                    -0.6680646538734436,
                    0.5332477688789368,
                    -0.5189152359962463,
                    -2.0919008255004883
                ],
                [
                    -0.7440455555915833,
                    -0.478793203830719,
                    0.46592429280281067,
                    1.8782784938812256
                ],
                [
                    -1.4900522593563892e-08,
                    0.6974193453788757,
                    0.716630220413208,
                    2.8889482021331787
                ],
                [
                    0.0,
                    0.0,
                    0.0,
                    1.0
                ]
            ]
        },
        {
            "file_path": "./train/r_26",
            "rotation": 0.06283185307179587,
            "transform_matrix": [
                [
                    -0.45812931656837463,
                    -0.7678661346435547,
                    0.44772595167160034,
                    1.8049156665802002
                ],
                [
                    0.8888372778892517,
                    -0.39577770233154297,
                    0.2307693064212799,
                    0.9302993416786194
                ],
                [
                    0.0,
                    0.5037176012992859,
                    0.863831102848053,
                    3.482358694076538
                ],
                [
                    0.0,
                    0.0,
                    0.0,
                    1.0
                ]
            ]
        },
        {
            "file_path": "./train/r_27",
            "rotation": 0.06283185307179587,
            "transform_matrix": [
                [
                    -0.09515591710805893,
                    0.7715644836425781,
                    -0.6289628148078918,
                    -2.535534620285034
                ],
                [
                    -0.9954192638397217,
                    -0.07375678420066833,
                    0.060124948620796204,
                    0.24238140881061554
                ],
                [
                    0.0,
                    0.631852924823761,
                    0.7750537395477295,
                    3.1244702339172363
                ],
                [
                    0.0,
                    0.0,
                    0.0,
                    1.0
                ]
            ]
        },
        {
            "file_path": "./train/r_28",
            "rotation": 0.06283185307179587,
            "transform_matrix": [
                [
                    0.9990764856338501,
                    0.024525059387087822,
                    -0.03404233977198601,
                    -0.13723471760749817
                ],
                [
                    -0.04195604473352432,
                    0.5840018391609192,
                    -0.8106316328048706,
                    -3.2678956985473633
                ],
                [
                    -1.8625651021508816e-09,
                    0.8113754987716675,
                    0.5844953656196594,
                    2.3562734127044678
                ],
                [
                    0.0,
                    0.0,
                    0.0,
                    1.0
                ]
            ]
        },
        {
            "file_path": "./train/r_29",
            "rotation": 0.06283185307179587,
            "transform_matrix": [
                [
                    -0.5566132068634033,
                    0.5824198722839355,
                    -0.5923764109611511,
                    -2.3880443572998047
                ],
                [
                    -0.8307201266288757,
                    -0.39024287462234497,
                    0.39691412448883057,
                    1.6000781059265137
                ],
                [
                    0.0,
                    0.7130830883979797,
                    0.701046884059906,
                    2.826127052307129
                ],
                [
                    0.0,
                    0.0,
                    0.0,
                    1.0
                ]
            ]
        },
        {
            "file_path": "./train/r_30",
            "rotation": 0.06283185307179587,
            "transform_matrix": [
                [
                    0.9691057205200195,
                    0.16579973697662354,
                    -0.18237610161304474,
                    -0.735211968421936
                ],
                [
                    -0.24647194147109985,
                    0.6519098281860352,
                    -0.7170866131782532,
                    -2.8907880783081055
                ],
                [
                    7.450261740871156e-09,
                    0.7399418354034424,
                    0.6726388931274414,
                    2.711606025695801
                ],
                [
                    0.0,
                    0.0,
                    0.0,
                    1.0
                ]
            ]
        },
        {
            "file_path": "./train/r_31",
            "rotation": 0.06283185307179587,
            "transform_matrix": [
                [
                    -0.14965416491031647,
                    -0.9882433414459229,
                    0.0310963187366724,
                    0.1253584623336792
                ],
                [
                    0.9886950254440308,
                    -0.1495857983827591,
                    0.004706905223429203,
                    0.018974926322698593
                ],
                [
                    0.0,
                    0.03145106881856918,
                    0.9994639158248901,
                    4.029134750366211
                ],
                [
                    0.0,
                    0.0,
                    0.0,
                    1.0
                ]
            ]
        },
        {
            "file_path": "./train/r_32",
            "rotation": 0.06283185307179587,
            "transform_matrix": [
                [
                    0.05029382184147835,
                    0.4838779866695404,
                    -0.8736516237258911,
                    -3.5219476222991943
                ],
                [
                    -0.9986914992332458,
                    0.024367956444621086,
                    -0.04399685189127922,
                    -0.1773642897605896
                ],
                [
                    -1.862564991128579e-09,
                    0.8747905492782593,
                    0.4844735860824585,
                    1.9530560970306396
                ],
                [
                    0.0,
                    0.0,
                    0.0,
                    1.0
                ]
            ]
        },
        {
            "file_path": "./train/r_33",
            "rotation": 0.06283185307179587,
            "transform_matrix": [
                [
                    0.9955815672874451,
                    0.05199708789587021,
                    -0.07764148712158203,
                    -0.3129957616329193
                ],
                [
                    -0.09344343096017838,
                    0.5539966225624084,
                    -0.8272216320037842,
                    -3.3347747325897217
                ],
                [
                    3.725130870435578e-09,
                    0.8308874368667603,
                    0.5564112663269043,
                    2.243058204650879
                ],
                [
                    0.0,
                    0.0,
                    0.0,
                    1.0
                ]
            ]
        },
        {
            "file_path": "./train/r_34",
            "rotation": 0.06283185307179587,
            "transform_matrix": [
                [
                    0.2135382443666458,
                    -0.5723171830177307,
                    0.7917041182518005,
                    3.1915934085845947
                ],
                [
                    0.9768907427787781,
                    0.12510263919830322,
                    -0.17305836081504822,
                    -0.6976494193077087
                ],
                [
                    0.0,
                    0.8104272484779358,
                    0.5858094096183777,
                    2.3615708351135254
                ],
                [
                    0.0,
                    0.0,
                    0.0,
                    1.0
                ]
            ]
        },
        {
            "file_path": "./train/r_35",
            "rotation": 0.06283185307179587,
            "transform_matrix": [
                [
                    0.4732367694377899,
                    0.2322845309972763,
                    -0.849712610244751,
                    -3.4254422187805176
                ],
                [
                    -0.8808864951133728,
                    0.12478972226381302,
                    -0.45648929476737976,
                    -1.8402429819107056
                ],
                [
                    0.0,
                    0.9646042585372925,
                    0.26367321610450745,
                    1.0629444122314453
                ],
                [
                    0.0,
                    0.0,
                    0.0,
                    1.0
                ]
            ]
        },
        {
            "file_path": "./train/r_36",
            "rotation": 0.06283185307179587,
            "transform_matrix": [
                [
                    -0.6351268887519836,
                    -0.4876887798309326,
                    0.5989212989807129,
                    2.414428949356079
                ],
                [
                    0.7723521590232849,
                    -0.4010401964187622,
                    0.49250978231430054,
                    1.985452651977539
                ],
                [
                    2.9801041634414105e-08,
                    0.7754458785057068,
                    0.6313830614089966,
                    2.5452916622161865
                ],
                [
                    0.0,
                    0.0,
                    0.0,
                    1.0
                ]
            ]
        },
        {
            "file_path": "./train/r_37",
            "rotation": 0.06283185307179587,
            "transform_matrix": [
                [
                    -0.7310002446174622,
                    0.6005623936653137,
                    -0.3238908648490906,
                    -1.3056997060775757
                ],
                [
                    -0.6823144555091858,
                    -0.6434149742126465,
                    0.3470017910003662,
                    1.3988666534423828
                ],
                [
                    1.4900523481742312e-08,
                    0.474691241979599,
                    0.880114734172821,
                    3.548002243041992
                ],
                [
                    0.0,
                    0.0,
                    0.0,
                    1.0
                ]
            ]
        },
        {
            "file_path": "./train/r_38",
            "rotation": 0.06283185307179587,
            "transform_matrix": [
                [
                    -0.3028697967529297,
                    0.5918330550193787,
                    -0.7469577789306641,
                    -3.0112075805664062
                ],
                [
                    -0.9529869556427002,
                    -0.18809108436107635,
                    0.23739144206047058,
                    0.9569950103759766
                ],
                [
                    0.0,
                    0.7838016748428345,
                    0.6209805011749268,
                    2.5033557415008545
                ],
                [
                    0.0,
                    0.0,
                    0.0,
                    1.0
                ]
            ]
        },
        {
            "file_path": "./train/r_39",
            "rotation": 0.06283185307179587,
            "transform_matrix": [
                [
                    -0.7595833539962769,
                    -0.6247138977050781,
                    0.1808577924966812,
                    0.7290911674499512
                ],
                [
                    0.6503440141677856,
                    -0.7296481132507324,
                    0.21123677492141724,
                    0.8515577912330627
                ],
                [
                    0.0,
                    0.27809375524520874,
                    0.9605138897895813,
                    3.872115135192871
                ],
                [
                    0.0,
                    0.0,
                    0.0,
                    1.0
                ]
            ]
        },
        {
            "file_path": "./train/r_40",
            "rotation": 0.06283185307179587,
            "transform_matrix": [
                [
                    -0.7817516922950745,
                    -0.4073127508163452,
                    0.4721101224422455,
                    1.9032152891159058
                ],
                [
                    0.6235208511352539,
                    -0.5106765031814575,
                    0.5919174551963806,
                    2.3861939907073975
                ],
                [
                    0.0,
                    0.7571629285812378,
                    0.6531946063041687,
                    2.6332204341888428
                ],
                [
                    0.0,
                    0.0,
                    0.0,
                    1.0
                ]
            ]
        },
        {
            "file_path": "./train/r_41",
            "rotation": 0.06283185307179587,
            "transform_matrix": [
                [
                    -0.8760668039321899,
                    -0.09855359047651291,
                    0.47192129492759705,
                    1.902454137802124
                ],
                [
                    0.48210063576698303,
                    -0.17909027636051178,
                    0.8575690388679504,
                    3.4571139812469482
                ],
                [
                    1.4900519929028633e-08,
                    0.9788788557052612,
                    0.2044091522693634,
                    0.8240337371826172
                ],
                [
                    0.0,
                    0.0,
                    0.0,
                    1.0
                ]
            ]
        },
        {
            "file_path": "./train/r_42",
            "rotation": 0.06283185307179587,
            "transform_matrix": [
                [
                    -0.707740843296051,
                    0.6529502868652344,
                    -0.2696395814418793,
                    -1.0869966745376587
                ],
                [
                    -0.7064114212989807,
                    -0.654179036617279,
                    0.2701469957828522,
                    1.08904230594635
                ],
                [
                    0.0,
                    0.3817007541656494,
                    0.9242470264434814,
                    3.7259128093719482
                ],
                [
                    0.0,
                    0.0,
                    0.0,
                    1.0
                ]
            ]
        },
        {
            "file_path": "./train/r_43",
            "rotation": 0.06283185307179587,
            "transform_matrix": [
                [
                    0.8953497409820557,
                    0.11967837810516357,
                    -0.4288842976093292,
                    -1.728959321975708
                ],
                [
                    -0.44526731967926025,
                    0.2406509667634964,
                    -0.8624065518379211,
                    -3.4766156673431396
                ],
                [
                    0.0,
                    0.963200032711029,
                    0.2687574028968811,
                    1.0834405422210693
                ],
                [
                    0.0,
                    0.0,
                    0.0,
                    1.0
                ]
            ]
        },
        {
