{
    "camera_angle_x": 0.6911112070083618,
    "frames": [
        {
            "file_path": "./train/r_0",
            "rotation": 0.06283185307179587,
            "transform_matrix": [
                [
                    -0.9619389176368713,
                    -0.10384780913591385,
                    0.2525952458381653,
                    1.0182859897613525
                ],
                [
                    0.27310749888420105,
                    -0.36577269434928894,
                    0.8896906971931458,
                    3.5866057872772217
                ],
                [
                    7.450260852692736e-09,
                    0.9248870015144348,
                    0.3802151381969452,
                    1.532759428024292
                ],
                [
                    0.0,
                    0.0,
                    0.0,
                    1.0
                ]
            ]
        },
        {
            "file_path": "./train/r_1",
            "rotation": 0.06283185307179587,
            "transform_matrix": [
                [
                    -0.38082799315452576,
                    0.11928586661815643,
                    -0.9168745279312134,
                    -3.6961920261383057
                ],
                [
                    -0.9245995283126831,
                    -0.04913196340203285,
                    0.37764614820480347,
                    1.5224031209945679
                ],
                [
                    0.0,
                    0.9916384220123291,
                    0.12900333106517792,
                    0.520050585269928
                ],
                [
                    0.0,
                    0.0,
                    0.0,
                    1.0
                ]
            ]
        },
        {
            "file_path": "./train/r_2",
            "rotation": 0.06283185307179587,
            "transform_matrix": [
                [
                    0.8732431530952454,
                    0.29046300053596497,
                    -0.39115041494369507,
                    -1.5768426656723022
                ],
                [
                    -0.48719653487205505,
                    0.520621120929718,
                    -0.7010916471481323,
                    -2.8263072967529297
                ],
                [
                    -1.4900519929028633e-08,
                    0.8028542399406433,
                    0.5961454510688782,
                    2.40323805809021
                ],
                [
                    0.0,
                    0.0,
                    0.0,
                    1.0
                ]
            ]
        },
        {
            "file_path": "./train/r_3",
            "rotation": 0.06283185307179587,
            "transform_matrix": [
                [
                    -0.984834611415863,
                    -0.03960106894373894,
                    0.16866183280944824,
                    0.6799256801605225
                ],
                [
                    0.17324793338775635,
                    -0.22511379420757294,
                    0.9587647318840027,
                    3.8650639057159424
                ],
                [
                    0.0,
                    0.9735221862792969,
                    0.2285621613264084,
                    0.9214016199111938
                ],
                [
                    0.0,
                    0.0,
                    0.0,
                    1.0
                ]
            ]
        },
        {
            "file_path": "./train/r_4",
            "rotation": 0.06283185307179587,
            "transform_matrix": [
                [
                    0.8049010038375854,
                    -0.1414477825164795,
                    0.5762323141098022,
                    2.3229622840881348
                ],
                [
                    0.5933367013931274,
                    0.1918834000825882,
                    -0.781697690486908,
                    -3.1512539386749268
                ],
                [
                    0.0,
                    0.9711658358573914,
                    0.23837493360042572,
                    0.9609596729278564
                ],
                [
                    0.0,
                    0.0,
                    0.0,
                    1.0
                ]
            ]
        },
        {
            "file_path": "./train/r_5",
            "rotation": 0.06283185307179587,
            "transform_matrix": [
                [
                    -0.320202112197876,
                    -0.33064717054367065,
                    0.8877319693565369,
                    3.578709840774536
                ],
                [
                    0.9473040699958801,
                    -0.11176341772079468,
                    0.30006590485572815,
                    1.2096543312072754
                ],
                [
                    7.450261740871156e-09,
                    0.9371079802513123,
                    0.3490125834941864,
                    1.406972885131836
                ],
                [
                    0.0,
                    0.0,
                    0.0,
                    1.0
                ]
            ]
        },
        {
            "file_path": "./train/r_6",
            "rotation": 0.06283185307179587,
            "transform_matrix": [
                [
                    -0.8124656081199646,
                    0.5178176760673523,
                    -0.26776692271232605,
                    -1.079447627067566
                ],
                [
                    -0.5829353928565979,
                    -0.721707820892334,
                    0.3731999099254608,
                    1.504479169845581
                ],
                [
                    0.0,
                    0.459339439868927,
                    0.8882229328155518,
                    3.5806891918182373
                ],
                [
                    0.0,
                    0.0,
                    0.0,
                    1.0
                ]
            ]
        },
        {
            "file_path": "./train/r_7",
            "rotation": 0.06283185307179587,
            "transform_matrix": [
                [
                    0.8388212323188782,
                    -0.47291800379753113,
                    0.26955321431159973,
                    1.08664870262146
                ],
                [
                    0.5443282127380371,
                    0.7287765145301819,
                    -0.4153871536254883,
                    -1.6745483875274658
                ],
                [
                    0.0,
                    0.4952002465724945,
                    0.8687415719032288,
                    3.5021538734436035
                ],
                [
                    0.0,
                    0.0,
                    0.0,
                    1.0
                ]
            ]
        },
        {
            "file_path": "./train/r_8",
            "rotation": 0.06283185307179587,
            "transform_matrix": [
                [
                    0.6873151063919067,
                    0.21565896272659302,
                    -0.6935477256774902,
                    -2.795895576477051
                ],
                [
                    -0.7263002991676331,
                    0.2040831595659256,
                    -0.6563205718994141,
                    -2.6458218097686768
                ],
                [
                    0.0,
                    0.9548985362052917,
                    0.296904593706131,
                    1.19691002368927
                ],
                [
                    0.0,
                    0.0,
                    0.0,
                    1.0
                ]
            ]
        },
        {
            "file_path": "./train/r_9",
            "rotation": 0.06283185307179587,
            "transform_matrix": [
                [
                    0.9300193786621094,
                    0.28419873118400574,
                    -0.23284240067005157,
                    -0.9386565685272217
                ],
                [
                    -0.36739382147789,
                    0.7194196581840515,
                    -0.5894163846969604,
                    -2.3761117458343506
                ],
                [
                    -1.4900521705385472e-08,
                    0.6337637901306152,
                    0.7734920382499695,
                    3.1181752681732178
                ],
                [
                    0.0,
                    0.0,
                    0.0,
                    1.0
                ]
            ]
        },
        {
            "file_path": "./train/r_10",
            "rotation": 0.06283185307179587,
            "transform_matrix": [
                [
                    0.9697887301445007,
                    -0.03229440748691559,
                    0.24162228405475616,
                    0.9740508198738098
                ],
                [
                    0.24377036094665527,
                    0.12847644090652466,
                    -0.9612430334091187,
                    -3.8750545978546143
                ],
                [
                    0.0,
                    0.991181492805481,
                    0.1324683129787445,
                    0.534018874168396
                ],
                [
                    0.0,
                    0.0,
                    0.0,
                    1.0
                ]
            ]
        },
        {
            "file_path": "./train/r_11",
            "rotation": 0.06283185307179587,
            "transform_matrix": [
                [
                    0.7419458627700806,
                    0.20627932250499725,
                    -0.6378746032714844,
                    -2.5714609622955322
                ],
                [
                    -0.6703958511352539,
                    0.22829507291316986,
                    -0.7059535980224609,
                    -2.84590744972229
                ],
                [
                    1.4900521705385472e-08,
                    0.9514831304550171,
                    0.3076734244823456,
                    1.240322470664978
                ],
                [
                    0.0,
                    0.0,
                    0.0,
                    1.0
                ]
            ]
        },
        {
            "file_path": "./train/r_12",
            "rotation": 0.06283185307179587,
            "transform_matrix": [
                [
                    -0.8524876236915588,
                    0.25400757789611816,
                    -0.4567982852458954,
                    -1.8414888381958008
                ],
                [
                    -0.5226652026176453,
                    -0.41429638862609863,
                    0.7450560331344604,
                    3.0035409927368164
                ],
                [
                    0.0,
                    0.8739728927612305,
                    0.4859466850757599,
                    1.958994746208191
                ],
                [
                    0.0,
                    0.0,
                    0.0,
                    1.0
                ]
            ]
        },
        {
            "file_path": "./train/r_13",
            "rotation": 0.06283185307179587,
            "transform_matrix": [
                [
                    0.32345283031463623,
                    0.8081030249595642,
                    -0.492252379655838,
                    -1.9844146966934204
                ],
                [
                    -0.9461989402770996,
                    0.27624550461769104,
                    -0.16827374696731567,
                    -0.678361177444458
                ],
                [
                    -1.4900520817207052e-08,
                    0.5202383995056152,
                    0.8539841771125793,
                    3.442662477493286
                ],
                [
                    0.0,
                    0.0,
                    0.0,
                    1.0
                ]
            ]
        },
        {
            "file_path": "./train/r_14",
            "rotation": 0.06283185307179587,
            "transform_matrix": [
                [
                    -0.37007957696914673,
                    -0.293302059173584,
                    0.8814409375190735,
                    3.5533487796783447
                ],
                [
                    0.9289538264274597,
                    -0.11684661358594894,
                    0.3511512577533722,
                    1.4155943393707275
                ],
                [
                    0.0,
                    0.9488469958305359,
                    0.315708726644516,
                    1.2727150917053223
                ],
                [
                    0.0,
                    0.0,
                    0.0,
                    1.0
                ]
            ]
        },
        {
            "file_path": "./train/r_15",
            "rotation": 0.06283185307179587,
            "transform_matrix": [
                [
                    -0.18203416466712952,
                    0.6531419157981873,
                    -0.7349949479103088,
                    -2.9629814624786377
                ],
                [
                    -0.9832484126091003,
                    -0.12091974169015884,
                    0.13607363402843475,
                    0.548552930355072
                ],
                [
                    0.0,
                    0.7475118041038513,
                    0.6642168164253235,
                    2.6776537895202637
                ],
                [
                    0.0,
                    0.0,
                    0.0,
                    1.0
                ]
            ]
        },
        {
            "file_path": "./train/r_16",
            "rotation": 0.06283185307179587,
            "transform_matrix": [
                [
                    0.2842891216278076,
                    -0.1705394685268402,
                    0.9434061646461487,
                    3.8031489849090576
                ],
                [
                    0.95869380235672,
                    0.05057143419981003,
                    -0.27975577116012573,
                    -1.127778172492981
                ],
                [
                    -3.725130204301763e-09,
                    0.9840471744537354,
                    0.17787322402000427,
                    0.7170594930648804
                ],
                [
                    0.0,
                    0.0,
                    0.0,
                    1.0
                ]
            ]
        },
        {
            "file_path": "./train/r_17",
            "rotation": 0.06283185307179587,
            "transform_matrix": [
                [
                    0.9560816884040833,
                    -0.27063605189323425,
                    0.11217732727527618,
                    0.45221996307373047
                ],
                [
                    0.2929539680480957,
                    0.8832451701164246,
                    -0.36610084772109985,
                    -1.475860595703125
                ],
                [
                    7.450260852692736e-09,
                    0.38291528820991516,
                    0.9237444996833801,
                    3.7238869667053223
                ],
                [
                    0.0,
                    0.0,
                    0.0,
                    1.0
                ]
            ]
        },
        {
            "file_path": "./train/r_18",
            "rotation": 0.06283185307179587,
            "transform_matrix": [
                [
                    0.27847546339035034,
                    0.6561431288719177,
                    -0.7013387084007263,
                    -2.827303647994995
                ],
                [
                    -0.9603986740112305,
                    0.1902540773153305,
                    -0.20335890352725983,
                    -0.8197998404502869
                ],
                [
                    1.4900521705385472e-08,
                    0.7302531003952026,
                    0.6831446290016174,
                    2.753957748413086
                ],
                [
                    0.0,
                    0.0,
                    0.0,
                    1.0
                ]
            ]
        },
        {
            "file_path": "./train/r_19",
            "rotation": 0.06283185307179587,
            "transform_matrix": [
                [
                    -0.21808995306491852,
                    0.6710806488990784,
                    -0.7085461020469666,
                    -2.856358528137207
                ],
                [
                    -0.9758846163749695,
                    -0.1499725878238678,
                    0.15834534168243408,
                    0.6383367776870728
                ],
                [
                    0.0,
                    0.7260503172874451,
                    0.6876093745231628,
                    2.771956443786621
                ],
                [
                    0.0,
                    0.0,
                    0.0,
                    1.0
                ]
            ]
        },
        {
            "file_path": "./train/r_20",
            "rotation": 0.06283185307179587,
            "transform_matrix": [
                [
                    -0.7410596609115601,
                    0.6278069615364075,
                    -0.23797722160816193,
                    -0.959356427192688
                ],
                [
                    -0.6713752150535583,
                    -0.6929692625999451,
                    0.26267772912979126,
                    1.0589314699172974
                ],
                [
                    0.0,
                    0.3544599711894989,
                    0.9350319504737854,
                    3.7693898677825928
                ],
                [
                    0.0,
                    0.0,
                    0.0,
                    1.0
                ]
            ]
        },
        {
            "file_path": "./train/r_21",
            "rotation": 0.06283185307179587,
            "transform_matrix": [
                [
                    -0.06260661780834198,
                    0.6871253848075867,
                    -0.7238029837608337,
                    -2.9178638458251953
                ],
                [
                    -0.9979953169822693,
                    -0.04310500994324684,
                    0.04540588706731796,
                    0.18304453790187836
                ],
                [
                    1.862565435217789e-09,
                    0.7252521514892578,
                    0.6884510517120361,
                    2.7753496170043945
                ],
                [
                    0.0,
                    0.0,
                    0.0,
                    1.0
                ]
            ]
        },
        {
            "file_path": "./train/r_22",
            "rotation": 0.06283185307179587,
            "transform_matrix": [
                [
                    0.26439619064331055,
                    -0.8356438875198364,
                    0.48141634464263916,
                    1.9407315254211426
                ],
                [
                    0.9643696546554565,
                    0.22910413146018982,
                    -0.13198740780353546,
                    -0.5320802330970764
                ],
                [
                    0.0,
                    0.49919968843460083,
                    0.8664497137069702,
                    3.4929146766662598
                ],
                [
                    0.0,
                    0.0,
                    0.0,
                    1.0
                ]
            ]
        },
        {
            "file_path": "./train/r_23",
            "rotation": 0.06283185307179587,
            "transform_matrix": [
                [
                    0.6525276899337769,
                    -0.3418106734752655,
                    0.6762378811836243,
                    2.7261147499084473
                ],
                [
                    0.7577083110809326,
                    0.29436248540878296,
                    -0.5823664665222168,
                    -2.347691297531128
                ],
                [
                    1.4900521705385472e-08,
                    0.8924719095230103,
                    0.45107537508010864,
                    1.8184181451797485
                ],
                [
                    0.0,
                    0.0,
                    0.0,
                    1.0
                ]
            ]
        },
        {
            "file_path": "./train/r_24",
            "rotation": 0.06283185307179587,
            "transform_matrix": [
                [
                    0.33679908514022827,
                    -0.14901353418827057,
                    0.9296666979789734,
                    3.747760534286499
                ],
                [
                    0.9415308833122253,
                    0.0533042773604393,
                    -0.33255505561828613,
                    -1.3406275510787964
                ],
                [
                    -3.7251297602125533e-09,
                    0.9873923063278198,
                    0.15825477242469788,
                    0.6379716992378235
                ],
                [
                    0.0,
                    0.0,
                    0.0,
                    1.0
                ]
            ]
        },
        {
            "file_path": "./train/r_25",
            "rotation": 0.06283185307179587,
            "transform_matrix": [
                [
                    0.4755489230155945,
                    0.16983814537525177,
                    -0.8630915284156799,
                    -3.479377031326294
                ],
                [
                    -0.879640519618988,
                    0.0918174535036087,
                    -0.46660226583480835,
                    -1.8810116052627563
                ],
                [
                    0.0,
                    0.9811801910400391,
                    0.1930614709854126,
                    0.7782878279685974
                ],
                [
                    0.0,
                    0.0,
                    0.0,
                    1.0
                ]
            ]
        },
        {
            "file_path": "./train/r_26",
            "rotation": 0.06283185307179587,
            "transform_matrix": [
                [
                    0.19336429238319397,
                    0.5312848687171936,
                    -0.8247935771942139,
                    -3.324986457824707
                ],
                [
                    -0.9810832142829895,
                    0.1047123447060585,
                    -0.16256076097488403,
                    -0.6553304195404053
                ],
                [
                    7.450259964514316e-09,
                    0.840691328048706,
                    0.5414858460426331,
                    2.182889461517334
                ],
                [
                    0.0,
                    0.0,
                    0.0,
                    1.0
                ]
            ]
        },
        {
            "file_path": "./train/r_27",
            "rotation": 0.06283185307179587,
            "transform_matrix": [
                [
                    0.942031741142273,
                    0.19700287282466888,
                    -0.27144697308540344,
                    -1.094282865524292
                ],
                [
                    -0.3353959023952484,
                    0.5533249974250793,
                    -0.7624173164367676,
                    -3.0735294818878174
                ],
                [
                    0.0,
                    0.8093274831771851,
                    0.5873276591300964,
                    2.3676910400390625
                ],
                [
                    0.0,
                    0.0,
                    0.0,
                    1.0
                ]
            ]
        },
        {
            "file_path": "./train/r_28",
            "rotation": 0.06283185307179587,
            "transform_matrix": [
                [
                    0.25417110323905945,
                    -0.3263167142868042,
                    0.9104061722755432,
                    3.6701161861419678
                ],
                [
                    0.9671149253845215,
                    0.08576052635908127,
                    -0.2392672896385193,
                    -0.9645571112632751
                ],
                [
                    0.0,
                    0.9413567781448364,
                    0.33738580346107483,
                    1.3601019382476807
                ],
                [
                    0.0,
                    0.0,
                    0.0,
                    1.0
                ]
            ]
        },
        {
            "file_path": "./train/r_29",
            "rotation": 0.06283185307179587,
            "transform_matrix": [
                [
                    -0.9481469988822937,
                    -0.2008305788040161,
                    0.246174156665802,
                    0.9924006462097168
                ],
                [
                    0.3176969885826111,
                    -0.5993664264678955,
                    0.7346916198730469,
                    2.961758613586426
                ],
                [
                    -1.4900520817207052e-08,
                    0.7748656868934631,
                    0.6320950388908386,
                    2.548161506652832
                ],
                [
                    0.0,
                    0.0,
                    0.0,
                    1.0
                ]
            ]
        },
        {
            "file_path": "./train/r_30",
            "rotation": 0.06283185307179587,
            "transform_matrix": [
                [
                    -0.21542485058307648,
                    0.9167389869689941,
                    -0.33639249205589294,
                    -1.3560974597930908
                ],
                [
                    -0.9764765501022339,
                    -0.20224586129188538,
                    0.07421305030584335,
                    0.2991747260093689
                ],
                [
                    7.450261740871156e-09,
                    0.3444938361644745,
                    0.9387490749359131,
                    3.784374952316284
                ],
                [
                    0.0,
                    0.0,
                    0.0,
                    1.0
                ]
            ]
        },
        {
            "file_path": "./train/r_31",
            "rotation": 0.06283185307179587,
            "transform_matrix": [
                [
                    0.7134025692939758,
                    -0.5244256854057312,
                    0.4647258222103119,
                    1.873447060585022
                ],
                [
                    0.7006930708885193,
                    0.533937931060791,
                    -0.4731552302837372,
                    -1.907428503036499
                ],
                [
                    1.4900521705385472e-08,
                    0.6632329225540161,
                    0.748379111289978,
                    3.016937494277954
                ],
                [
                    0.0,
                    0.0,
                    0.0,
                    1.0
                ]
            ]
        },
        {
            "file_path": "./train/r_32",
            "rotation": 0.06283185307179587,
            "transform_matrix": [
                [
                    -0.8312580585479736,
                    0.3401935398578644,
                    -0.43954747915267944,
                    -1.7719457149505615
                ],
                [
                    -0.555809497833252,
                    -0.5087869167327881,
                    0.6573786735534668,
                    2.650087833404541
                ],
                [
                    -1.4900521705385472e-08,
                    0.7908186316490173,
                    0.6120200753211975,
                    2.467233657836914
                ],
                [
                    0.0,
                    0.0,
                    0.0,
                    1.0
                ]
            ]
        },
        {
            "file_path": "./train/r_33",
            "rotation": 0.06283185307179587,
            "transform_matrix": [
                [
                    0.3851662576198578,
                    0.14643417298793793,
                    -0.9111105799674988,
                    -3.6729557514190674
                ],
                [
                    -0.9228007197380066,
                    0.0611199215054512,
                    -0.3802869915962219,
                    -1.5330491065979004
                ],
                [
                    0.0,
                    0.9873253703117371,
                    0.15867194533348083,
                    0.6396534442901611
                ],
                [
                    0.0,
                    0.0,
                    0.0,
                    1.0
                ]
            ]
        },
        {
            "file_path": "./train/r_34",
            "rotation": 0.06283185307179587,
            "transform_matrix": [
                [
                    -0.5262768864631653,
                    -0.5107553005218506,
                    0.6797772645950317,
                    2.7403829097747803
                ],
                [
                    0.8502628207206726,
                    -0.31613603234291077,
                    0.42075350880622864,
                    1.6961816549301147
                ],
                [
                    0.0,
                    0.799485445022583,
                    0.6006553173065186,
                    2.4214189052581787
                ],
                [
                    0.0,
                    0.0,
                    0.0,
                    1.0
                ]
            ]
        },
        {
            "file_path": "./train/r_35",
            "rotation": 0.06283185307179587,
            "transform_matrix": [
                [
                    -0.9943563938140869,
                    0.10567405074834824,
                    -0.001845990656875074,
                    -0.007441733032464981
                ],
                [
                    -0.10568615049123764,
                    -0.9942424297332764,
                    0.017368145287036896,
                    0.07001611590385437
                ],
                [
                    0.0,
                    0.017464959993958473,
                    0.9998062252998352,
                    4.030513763427734
                ],
                [
                    0.0,
                    0.0,
                    0.0,
                    1.0
                ]
            ]
        },
        {
            "file_path": "./train/r_36",
            "rotation": 0.06283185307179587,
            "transform_matrix": [
                [
                    0.9538102746009827,
                    0.2868017852306366,
                    -0.08894415199756622,
                    -0.35856014490127563
                ],
                [
                    -0.30026665329933167,
                    0.9110385775566101,
                    -0.28253504633903503,
                    -1.1389822959899902
                ],
                [
                    0.0,
                    0.2962152361869812,
                    0.9550812244415283,
                    3.850214719772339
                ],
                [
                    0.0,
                    0.0,
                    0.0,
                    1.0
                ]
            ]
        },
        {
            "file_path": "./train/r_37",
            "rotation": 0.06283185307179587,
            "transform_matrix": [
                [
                    -0.9939367175102234,
                    0.09229618310928345,
                    -0.05904267728328705,
                    -0.2380184829235077
                ],
                [
                    -0.10956262052059174,
                    -0.8372980356216431,
                    0.5356268882751465,
                    2.1592702865600586
                ],
                [
                    0.0,
                    0.5388907790184021,
                    0.842339038848877,
                    3.3957176208496094
                ],
                [
                    0.0,
                    0.0,
                    0.0,
                    1.0
                ]
            ]
        },
        {
            "file_path": "./train/r_38",
            "rotation": 0.06283185307179587,
            "transform_matrix": [
                [
                    -0.3278008997440338,
                    0.1804789900779724,
                    -0.9273042678833008,
                    -3.7382376194000244
                ],
                [
                    -0.9447014927864075,
                    -0.06262420862913132,
                    0.3217642903327942,
                    1.2971268892288208
                ],
                [
                    0.0,
                    0.9815781116485596,
                    0.19102829694747925,
                    0.7700915336608887
                ],
                [
                    0.0,
                    0.0,
                    0.0,
                    1.0
                ]
            ]
        },
        {
            "file_path": "./train/r_39",
            "rotation": 0.06283185307179587,
            "transform_matrix": [
                [
                    0.8957361578941345,
                    0.37440136075019836,
                    -0.23959363996982574,
                    -0.9658727049827576
                ],
                [
                    -0.44448918104171753,
                    0.7544949650764465,
                    -0.4828299283981323,
                    -1.946429967880249
                ],
                [
                    0.0,
                    0.5390276908874512,
                    0.8422515392303467,
                    3.39536452293396
                ],
                [
                    0.0,
                    0.0,
                    0.0,
                    1.0
                ]
            ]
        },
        {
            "file_path": "./train/r_40",
            "rotation": 0.06283185307179587,
            "transform_matrix": [
                [
                    0.3976363241672516,
                    -0.6306167840957642,
                    0.6664485335350037,
                    2.6866507530212402
                ],
                [
                    0.9174962639808655,
                    0.27330482006073,
                    -0.2888340651988983,
                    -1.1643753051757812
                ],
                [
                    0.0,
                    0.726372480392456,
                    0.6872690320014954,
                    2.7705841064453125
                ],
                [
                    0.0,
                    0.0,
                    0.0,
                    1.0
                ]
            ]
        },
        {
            "file_path": "./train/r_41",
            "rotation": 0.06283185307179587,
            "transform_matrix": [
                [
                    -0.9008718132972717,
                    0.2118615210056305,
                    -0.3787648379802704,
                    -1.5269129276275635
                ],
                [
                    -0.43398648500442505,
                    -0.4397834539413452,
                    0.7862423658370972,
                    3.1695752143859863
                ],
                [
                    -1.4900522593563892e-08,
                    0.8727514743804932,
                    0.48813673853874207,
                    1.9678235054016113
                ],
                [
                    0.0,
                    0.0,
                    0.0,
                    1.0
                ]
            ]
        },
        {
            "file_path": "./train/r_42",
            "rotation": 0.06283185307179587,
            "transform_matrix": [
                [
                    0.9964531064033508,
                    0.04368918389081955,
                    -0.07132132351398468,
                    -0.28751733899116516
                ],
                [
                    -0.08363799750804901,
                    0.5205077528953552,
                    -0.8497136831283569,
                    -3.4254472255706787
                ],
                [
                    3.725130204301763e-09,
                    0.8527325987815857,
                    0.5223190188407898,
                    2.1056225299835205
                ],
                [
                    0.0,
                    0.0,
                    0.0,
                    1.0
                ]
            ]
        },
        {
            "file_path": "./train/r_43",
            "rotation": 0.06283185307179587,
            "transform_matrix": [
                [
                    0.7445812821388245,
                    0.15196767449378967,
                    -0.6499398350715637,
                    -2.6200993061065674
                ],
                [
                    -0.6674675345420837,
                    0.16952480375766754,
                    -0.7250286340713501,
                    -2.922804594039917
                ],
                [
                    7.450261296781946e-09,
                    0.9737335443496704,
                    0.22766001522541046,
                    0.9177647829055786
                ],
                [
                    0.0,
                    0.0,
                    0.0,
                    1.0
                ]
            ]
        },
        {
