{
    "camera_angle_x": 0.6911112070083618,
    "frames": [
        {
            "file_path": "./train/r_0",
            "rotation": 0.06283185307179587,
            "transform_matrix": [
                [
                    0.3645067512989044,
                    0.4367471933364868,
                    -0.8223851919174194,
                    -3.3152780532836914
                ],
                [
                    -0.931154727935791,
                    0.17096762359142303,
                    -0.3219282031059265,
                    -1.2977877855300903
                ],
                [
                    0.0,
                    0.8831828236579895,
                    0.4690011143684387,
                    1.8906822204589844
                ],
                [
                    0.0,
                    0.0,
                    0.0,
                    1.0
                ]
            ]
        },
        {
            "file_path": "./train/r_1",
            "rotation": 0.06283185307179587,
            "transform_matrix": [
                [
                    -0.9998245239257812,
                    -0.008845515549182892,
                    0.013672669418156147,
                    0.05511856824159622
                ],
                [
                    0.01628430373966694,
                    -0.5430974364280701,
                    0.8394753336906433,
                    3.3841729164123535
                ],
                [
                    0.0,
                    0.8396170139312744,
                    0.5431498289108276,
                    2.1895973682403564
                ],
                [
                    0.0,
                    0.0,
                    0.0,
                    1.0
                ]
            ]
        },
        {
            "file_path": "./train/r_2",
            "rotation": 0.06283185307179587,
            "transform_matrix": [
                [
                    -0.99603670835495,
                    -0.08091186732053757,
                    0.035763218998909,
                    0.1441720724105835
                ],
                [
                    0.08846037089824677,
                    -0.9110427498817444,
                    0.4026828110218048,
                    1.623333215713501
                ],
                [
                    3.725130870435578e-09,
                    0.4042823314666748,
                    0.9145956635475159,
                    3.687004804611206
                ],
                [
                    0.0,
                    0.0,
                    0.0,
                    1.0
                ]
            ]
        },
        {
            "file_path": "./train/r_3",
            "rotation": 0.06283185307179587,
            "transform_matrix": [
                [
                    0.7256643176078796,
                    -0.30476081371307373,
                    0.6168100833892822,
                    2.486543655395508
                ],
                [
                    0.6879865527153015,
                    0.3214510977268219,
                    -0.6505897641181946,
                    -2.6227195262908936
                ],
                [
                    0.0,
                    0.8965378403663635,
                    0.4429398477077484,
                    1.7856214046478271
                ],
                [
                    0.0,
                    0.0,
                    0.0,
                    1.0
                ]
            ]
        },
        {
            "file_path": "./train/r_4",
            "rotation": 0.06283185307179587,
            "transform_matrix": [
                [
                    0.9928524494171143,
                    0.09507948905229568,
                    -0.07154454290866852,
                    -0.28841719031333923
                ],
                [
                    -0.11898751556873322,
                    0.7933598160743713,
                    -0.596980094909668,
                    -2.4066030979156494
                ],
                [
                    0.0,
                    0.6012736558914185,
                    0.7990078330039978,
                    3.221036672592163
                ],
                [
                    0.0,
                    0.0,
                    0.0,
                    1.0
                ]
            ]
        },
        {
            "file_path": "./train/r_5",
            "rotation": 0.06283185307179587,
            "transform_matrix": [
                [
                    0.12470439821481705,
                    -0.37272825837135315,
                    0.919483482837677,
                    3.706709623336792
                ],
                [
                    0.9921507835388184,
                    0.04684857651591301,
                    -0.11557076871395111,
                    -0.46589991450309753
                ],
                [
                    3.725130870435578e-09,
                    0.9267517328262329,
                    0.37564730644226074,
                    1.5143452882766724
                ],
                [
                    0.0,
                    0.0,
                    0.0,
                    1.0
                ]
            ]
        },
        {
            "file_path": "./train/r_6",
            "rotation": 0.06283185307179587,
            "transform_matrix": [
                [
                    -0.9579233527183533,
                    -0.038509443402290344,
                    0.28427907824516296,
                    1.1460129022598267
                ],
                [
                    0.286874920129776,
                    -0.12858946621418,
                    0.9492554068565369,
                    3.8267290592193604
                ],
                [
                    0.0,
                    0.9909448623657227,
                    0.13422712683677673,
                    0.5411092042922974
                ],
                [
                    0.0,
                    0.0,
                    0.0,
                    1.0
                ]
            ]
        },
        {
            "file_path": "./train/r_7",
            "rotation": 0.06283185307179587,
            "transform_matrix": [
                [
                    -0.4816682040691376,
                    0.1701081395149231,
                    -0.8596381545066833,
                    -3.4654552936553955
                ],
                [
                    -0.8763047456741333,
                    -0.09350135177373886,
                    0.4725072681903839,
                    1.9048162698745728
                ],
                [
                    0.0,
                    0.9809743165969849,
                    0.19410449266433716,
                    0.7824925184249878
                ],
                [
                    0.0,
                    0.0,
                    0.0,
                    1.0
                ]
            ]
        },
        {
            "file_path": "./train/r_8",
            "rotation": 0.06283185307179587,
            "transform_matrix": [
                [
                    -0.9329192638397217,
                    -0.1489689201116562,
                    0.3276979923248291,
                    1.3210474252700806
                ],
                [
                    0.3599662184715271,
                    -0.38608062267303467,
                    0.849290132522583,
                    3.4237396717071533
                ],
                [
                    1.4900520817207052e-08,
                    0.910351574420929,
                    0.41380858421325684,
                    1.668184757232666
                ],
                [
                    0.0,
                    0.0,
                    0.0,
                    1.0
                ]
            ]
        },
        {
            "file_path": "./train/r_9",
            "rotation": 0.06283185307179587,
            "transform_matrix": [
                [
                    0.8206802010536194,
                    0.37534165382385254,
                    -0.43072962760925293,
                    -1.7363983392715454
                ],
                [
                    -0.5713126063346863,
                    0.5391714572906494,
                    -0.6187352538108826,
                    -2.494304656982422
                ],
                [
                    0.0,
                    0.7539247274398804,
                    0.6569292545318604,
                    2.648275852203369
                ],
                [
                    0.0,
                    0.0,
                    0.0,
                    1.0
                ]
            ]
        },
        {
            "file_path": "./train/r_10",
            "rotation": 0.06283185307179587,
            "transform_matrix": [
                [
                    -0.02230597846210003,
                    0.7135306000709534,
                    -0.7002363801002502,
                    -2.822859287261963
                ],
                [
                    -0.999708354473114,
                    -0.015920640900731087,
                    0.015624014660716057,
                    0.06298501044511795
                ],
                [
                    9.312826620977432e-10,
                    0.700435996055603,
                    0.713682234287262,
                    2.877063751220703
                ],
                [
                    0.0,
                    0.0,
                    0.0,
                    1.0
                ]
            ]
        },
        {
            "file_path": "./train/r_11",
            "rotation": 0.06283185307179587,
            "transform_matrix": [
                [
                    -0.7840974926948547,
                    -0.12846039235591888,
                    0.6071290969848633,
                    2.447516918182373
                ],
                [
                    0.6205686330795288,
                    -0.16231156885623932,
                    0.767116367816925,
                    3.092472791671753
                ],
                [
                    0.0,
                    0.9783366918563843,
                    0.20698793232440948,
                    0.8344295024871826
                ],
                [
                    0.0,
                    0.0,
                    0.0,
                    1.0
                ]
            ]
        },
        {
            "file_path": "./train/r_12",
            "rotation": 0.06283185307179587,
            "transform_matrix": [
                [
                    0.564960777759552,
                    0.48654836416244507,
                    -0.6663509011268616,
                    -2.6862573623657227
                ],
                [
                    -0.8250656723976135,
                    0.33316224813461304,
                    -0.4562813937664032,
                    -1.8394050598144531
                ],
                [
                    0.0,
                    0.8076282739639282,
                    0.5896618962287903,
                    2.377101421356201
                ],
                [
                    0.0,
                    0.0,
                    0.0,
                    1.0
                ]
            ]
        },
        {
            "file_path": "./train/r_13",
            "rotation": 0.06283185307179587,
            "transform_matrix": [
                [
                    -0.7903355360031128,
                    -0.32379841804504395,
                    0.5200455188751221,
                    2.096457004547119
                ],
                [
                    0.6126041412353516,
                    -0.41774019598960876,
                    0.6709233522415161,
                    2.7046899795532227
                ],
                [
                    1.4900520817207052e-08,
                    0.8489038944244385,
                    0.5285186767578125,
                    2.130614757537842
                ],
                [
                    0.0,
                    0.0,
                    0.0,
                    1.0
                ]
            ]
        },
        {
            "file_path": "./train/r_14",
            "rotation": 0.06283185307179587,
            "transform_matrix": [
                [
                    -0.7748228907585144,
                    -0.11097807437181473,
                    0.622294008731842,
                    2.508650541305542
                ],
                [
                    0.6321105360984802,
                    -0.13603372871875763,
                    0.7627900838851929,
                    3.0750317573547363
                ],
                [
                    0.0,
                    0.9844635128974915,
                    0.17555366456508636,
                    0.7077085375785828
                ],
                [
                    0.0,
                    0.0,
                    0.0,
                    1.0
                ]
            ]
        },
        {
            "file_path": "./train/r_15",
            "rotation": 0.06283185307179587,
            "transform_matrix": [
                [
                    0.967991292476654,
                    -0.08932807296514511,
                    0.23436811566352844,
                    0.9448071122169495
                ],
                [
                    0.25081297755241394,
                    0.34475409984588623,
                    -0.9045237898826599,
                    -3.646402597427368
                ],
                [
                    0.0,
                    0.9344276785850525,
                    0.35612592101097107,
                    1.435648798942566
                ],
                [
                    0.0,
                    0.0,
                    0.0,
                    1.0
                ]
            ]
        },
        {
            "file_path": "./train/r_16",
            "rotation": 0.06283185307179587,
            "transform_matrix": [
                [
                    -0.9255052208900452,
                    -0.2645344138145447,
                    0.2708899676799774,
                    1.0920374393463135
                ],
                [
                    0.37862154841423035,
                    -0.646629810333252,
                    0.6621652841567993,
                    2.669384002685547
                ],
                [
                    1.4900520817207052e-08,
                    0.715458869934082,
                    0.6986222863197327,
                    2.8163528442382812
                ],
                [
                    0.0,
                    0.0,
                    0.0,
                    1.0
                ]
            ]
        },
        {
            "file_path": "./train/r_17",
            "rotation": 0.06283185307179587,
            "transform_matrix": [
                [
                    -0.8977634310722351,
                    0.16547411680221558,
                    -0.4081125855445862,
                    -1.6452224254608154
                ],
                [
                    -0.4403804838657379,
                    -0.3373369574546814,
                    0.8319817781448364,
                    3.3539645671844482
                ],
                [
                    -1.4900522593563892e-08,
                    0.9267210364341736,
                    0.37572282552719116,
                    1.514649748802185
                ],
                [
                    0.0,
                    0.0,
                    0.0,
                    1.0
                ]
            ]
        },
        {
            "file_path": "./train/r_18",
            "rotation": 0.06283185307179587,
            "transform_matrix": [
                [
                    -0.9213716983795166,
                    -0.23469270765781403,
                    0.3096969425678253,
                    1.2484798431396484
                ],
                [
                    0.38857221603393555,
                    -0.5564968585968018,
                    0.7343448400497437,
                    2.9603610038757324
                ],
                [
                    0.0,
                    0.7970073223114014,
                    0.603939414024353,
                    2.4346582889556885
                ],
                [
                    0.0,
                    0.0,
                    0.0,
                    1.0
                ]
            ]
        },
        {
            "file_path": "./train/r_19",
            "rotation": 0.06283185307179587,
            "transform_matrix": [
                [
                    0.29953905940055847,
                    0.30394548177719116,
                    -0.9043325781822205,
                    -3.6456315517425537
                ],
                [
                    -0.9540390372276306,
                    0.09542957693338394,
                    -0.28393274545669556,
                    -1.144616723060608
                ],
                [
                    0.0,
                    0.9478925466537476,
                    0.3185628652572632,
                    1.2842209339141846
                ],
                [
                    0.0,
                    0.0,
                    0.0,
                    1.0
                ]
            ]
        },
        {
            "file_path": "./train/r_20",
            "rotation": 0.06283185307179587,
            "transform_matrix": [
                [
                    -0.9757582545280457,
                    0.1629813015460968,
                    -0.1457708179950714,
                    -0.5876452326774597
                ],
                [
                    -0.21865487098693848,
                    -0.7273122072219849,
                    0.6505095958709717,
                    2.622396230697632
                ],
                [
                    0.0,
                    0.6666663885116577,
                    0.7453224658966064,
                    3.00461483001709
                ],
                [
                    0.0,
                    0.0,
                    0.0,
                    1.0
                ]
            ]
        },
        {
            "file_path": "./train/r_21",
            "rotation": 0.06283185307179587,
            "transform_matrix": [
                [
                    0.976470410823822,
                    0.17605562508106232,
                    -0.12420425564050674,
                    -0.5007040500640869
                ],
                [
                    -0.21545277535915375,
                    0.7979154586791992,
                    -0.5629158616065979,
                    -2.269280195236206
                ],
                [
                    0.0,
                    0.5764763951301575,
                    0.8170779943466187,
                    3.2938828468322754
                ],
                [
                    0.0,
                    0.0,
                    0.0,
                    1.0
                ]
            ]
        },
        {
            "file_path": "./train/r_22",
            "rotation": 0.06283185307179587,
            "transform_matrix": [
                [
                    0.9253426194190979,
                    0.11989912390708923,
                    -0.3595566153526306,
                    -1.4494788646697998
                ],
                [
                    -0.37901878356933594,
                    0.292723685503006,
                    -0.8778272867202759,
                    -3.53878116607666
                ],
                [
                    7.450260852692736e-09,
                    0.9486448168754578,
                    0.31631579995155334,
                    1.2751623392105103
                ],
                [
                    0.0,
                    0.0,
                    0.0,
                    1.0
                ]
            ]
        },
        {
            "file_path": "./train/r_23",
            "rotation": 0.06283185307179587,
            "transform_matrix": [
                [
                    -0.8349913358688354,
                    -0.4053446650505066,
                    0.37203800678253174,
                    1.4997951984405518
                ],
                [
                    0.5501850843429565,
                    -0.6151733994483948,
                    0.5646254420280457,
                    2.276171922683716
                ],
                [
                    0.0,
                    0.6762005686759949,
                    0.7366839051246643,
                    2.9697906970977783
                ],
                [
                    0.0,
                    0.0,
                    0.0,
                    1.0
                ]
            ]
        },
        {
            "file_path": "./train/r_24",
            "rotation": 0.06283185307179587,
            "transform_matrix": [
                [
                    0.22106316685676575,
                    -0.8534618616104126,
                    0.4719151556491852,
                    1.902429461479187
                ],
                [
                    0.975215494632721,
                    0.19346389174461365,
                    -0.10697437077760696,
                    -0.4312452971935272
                ],
                [
                    7.450260852692736e-09,
                    0.4839054048061371,
                    0.8750828504562378,
                    3.527717351913452
                ],
                [
                    0.0,
                    0.0,
                    0.0,
                    1.0
                ]
            ]
        },
        {
            "file_path": "./train/r_25",
            "rotation": 0.06283185307179587,
            "transform_matrix": [
                [
                    0.6974670886993408,
                    0.6803210973739624,
                    -0.22506070137023926,
                    -0.9072861671447754
                ],
                [
                    -0.7165569067001343,
                    0.6621966361999512,
                    -0.219064861536026,
                    -0.8831151723861694
                ],
                [
                    1.4900521705385472e-08,
                    0.31408414244651794,
                    0.9493553638458252,
                    3.827131986618042
                ],
                [
                    0.0,
                    0.0,
                    0.0,
                    1.0
                ]
            ]
        },
        {
            "file_path": "./train/r_26",
            "rotation": 0.06283185307179587,
            "transform_matrix": [
                [
                    0.7948959469795227,
                    -0.516602635383606,
                    0.31811457872390747,
                    1.2824138402938843
                ],
                [
                    0.6066749691963196,
                    0.6768785715103149,
                    -0.41680964827537537,
                    -1.6802828311920166
                ],
                [
                    1.4900521705385472e-08,
                    0.5243539214134216,
                    0.8514636158943176,
                    3.4325013160705566
                ],
                [
                    0.0,
                    0.0,
                    0.0,
                    1.0
                ]
            ]
        },
        {
            "file_path": "./train/r_27",
            "rotation": 0.06283185307179587,
            "transform_matrix": [
                [
                    0.10360244661569595,
                    -0.4573807418346405,
                    0.8831771016120911,
                    3.56034779548645
                ],
                [
                    0.9945756793022156,
                    0.047644201666116714,
                    -0.09199833124876022,
                    -0.370872437953949
                ],
                [
                    -3.725130870435578e-09,
                    0.8879880309104919,
                    0.4598388969898224,
                    1.8537464141845703
                ],
                [
                    0.0,
                    0.0,
                    0.0,
                    1.0
                ]
            ]
        },
        {
            "file_path": "./train/r_28",
            "rotation": 0.06283185307179587,
            "transform_matrix": [
                [
                    -0.7033454179763794,
                    0.19037318229675293,
                    -0.6848222613334656,
                    -2.76072096824646
                ],
                [
                    -0.7107877731323242,
                    -0.18837988376617432,
                    0.6776518225669861,
                    2.7318148612976074
                ],
                [
                    0.0,
                    0.9634628891944885,
                    0.2678128778934479,
                    1.0796327590942383
                ],
                [
                    0.0,
                    0.0,
                    0.0,
                    1.0
                ]
            ]
        },
        {
            "file_path": "./train/r_29",
            "rotation": 0.06283185307179587,
            "transform_matrix": [
                [
                    -0.7650654315948486,
                    0.5121505260467529,
                    -0.3902706801891327,
                    -1.5732964277267456
                ],
                [
                    -0.6438858509063721,
                    -0.608537495136261,
                    0.46371981501579285,
                    1.8693915605545044
                ],
                [
                    0.0,
                    0.606113851070404,
                    0.795342743396759,
                    3.20626163482666
                ],
                [
                    0.0,
                    0.0,
                    0.0,
                    1.0
                ]
            ]
        },
        {
            "file_path": "./train/r_30",
            "rotation": 0.06283185307179587,
            "transform_matrix": [
                [
                    0.8474730849266052,
                    0.3059246242046356,
                    -0.43372946977615356,
                    -1.748491644859314
                ],
                [
                    -0.5307573676109314,
                    0.4884772002696991,
                    -0.6925462484359741,
                    -2.791858673095703
                ],
                [
                    0.0,
                    0.8171841502189636,
                    0.5763469338417053,
                    2.3234245777130127
                ],
                [
                    0.0,
                    0.0,
                    0.0,
                    1.0
                ]
            ]
        },
        {
            "file_path": "./train/r_31",
            "rotation": 0.06283185307179587,
            "transform_matrix": [
                [
                    0.9856274724006653,
                    -0.02444455213844776,
                    0.16689923405647278,
                    0.6728200912475586
                ],
                [
                    0.16867944598197937,
                    0.1428343653678894,
                    -0.9752253293991089,
                    -3.9314212799072266
                ],
                [
                    0.0,
                    0.9894397258758545,
                    0.1449057161808014,
                    0.5841577053070068
                ],
                [
                    0.0,
                    0.0,
                    0.0,
                    1.0
                ]
            ]
        },
        {
            "file_path": "./train/r_32",
            "rotation": 0.06283185307179587,
            "transform_matrix": [
                [
                    0.9457598328590393,
                    -0.16846707463264465,
                    0.2776215970516205,
                    1.1191747188568115
                ],
                [
                    0.32473450899124146,
                    0.49064505100250244,
                    -0.8085477352142334,
                    -3.2594947814941406
                ],
                [
                    0.0,
                    0.8549129962921143,
                    0.5187428593635559,
                    2.0912058353424072
                ],
                [
                    0.0,
                    0.0,
                    0.0,
                    1.0
                ]
            ]
        },
        {
            "file_path": "./train/r_33",
            "rotation": 0.06283185307179587,
            "transform_matrix": [
                [
                    0.6338363289833069,
                    -0.24227522313594818,
                    0.734489381313324,
                    2.9609436988830566
                ],
                [
                    0.773411750793457,
                    0.1985524743795395,
                    -0.6019381284713745,
                    -2.4265904426574707
                ],
                [
                    1.4900521705385472e-08,
                    0.9496681690216064,
                    0.3132303059101105,
                    1.2627239227294922
                ],
                [
                    0.0,
                    0.0,
                    0.0,
                    1.0
                ]
            ]
        },
        {
            "file_path": "./train/r_34",
            "rotation": 0.06283185307179587,
            "transform_matrix": [
                [
                    0.27052655816078186,
                    -0.36988237500190735,
                    0.8887798190116882,
                    3.5829339027404785
                ],
                [
                    0.9626680612564087,
                    0.10394342243671417,
                    -0.24976269900798798,
                    -1.0068671703338623
                ],
                [
                    0.0,
                    0.9232403635978699,
                    0.38419589400291443,
                    1.548807144165039
                ],
                [
                    0.0,
                    0.0,
                    0.0,
                    1.0
                ]
            ]
        },
        {
            "file_path": "./train/r_35",
            "rotation": 0.06283185307179587,
            "transform_matrix": [
                [
                    0.9058919548988342,
                    -0.14330486953258514,
                    0.3984218239784241,
                    1.6061562299728394
                ],
                [
                    0.4234079122543335,
                    0.30660441517829895,
                    -0.8524335622787476,
                    -3.4364118576049805
                ],
                [
                    -7.450262184960366e-09,
                    0.9409821033477783,
                    0.3384290635585785,
                    1.3643076419830322
                ],
                [
                    0.0,
                    0.0,
                    0.0,
                    1.0
                ]
            ]
        },
        {
            "file_path": "./train/r_36",
            "rotation": 0.06283185307179587,
            "transform_matrix": [
                [
                    -0.113304503262043,
                    0.9505188465118408,
                    -0.2892381548881531,
                    -1.1660043001174927
                ],
                [
                    -0.9935171604156494,
                    -0.10840082168579102,
                    0.03298582881689072,
                    0.13297560811042786
                ],
                [
                    0.0,
                    0.2911236882209778,
                    0.9566455483436584,
                    3.856520414352417
                ],
                [
                    0.0,
                    0.0,
                    0.0,
                    1.0
                ]
            ]
        },
        {
            "file_path": "./train/r_37",
            "rotation": 0.06283185307179587,
            "transform_matrix": [
                [
                    0.7783327698707581,
                    0.36341506242752075,
                    -0.5119106769561768,
                    -2.0636630058288574
                ],
                [
                    -0.6277835369110107,
                    0.450565904378891,
                    -0.6346724033355713,
                    -2.558551788330078
                ],
                [
                    -1.4900520817207052e-08,
                    0.8154200911521912,
                    0.5788400769233704,
                    2.333475112915039
                ],
                [
                    0.0,
                    0.0,
                    0.0,
                    1.0
                ]
            ]
        },
        {
            "file_path": "./train/r_38",
            "rotation": 0.06283185307179587,
            "transform_matrix": [
                [
                    0.6551631093025208,
                    0.22315587103366852,
                    -0.7217218279838562,
                    -2.9094738960266113
                ],
                [
                    -0.7554306983947754,
                    0.19353660941123962,
                    -0.6259284019470215,
                    -2.5233023166656494
                ],
                [
                    0.0,
                    0.9553715586662292,
                    0.29537883400917053,
                    1.190759301185608
                ],
                [
                    0.0,
                    0.0,
                    0.0,
                    1.0
                ]
            ]
        },
        {
            "file_path": "./train/r_39",
            "rotation": 0.06283185307179587,
            "transform_matrix": [
                [
                    0.8566791415214539,
                    -0.22134549915790558,
                    0.4658600986003876,
                    1.8780196905136108
                ],
                [
                    0.5157665610313416,
                    0.36765098571777344,
                    -0.7737854719161987,
                    -3.1193578243255615
                ],
                [
                    0.0,
                    0.9032322764396667,
                    0.4291244149208069,
                    1.7299273014068604
                ],
                [
                    0.0,
                    0.0,
                    0.0,
                    1.0
                ]
            ]
        },
        {
            "file_path": "./train/r_40",
            "rotation": 0.06283185307179587,
            "transform_matrix": [
                [
                    0.5512105226516724,
                    0.6510657072067261,
                    -0.5217543840408325,
                    -2.103346109390259
                ],
                [
                    -0.8343148827552795,
                    0.43014246225357056,
                    -0.3447098135948181,
                    -1.3896270990371704
                ],
                [
                    -1.4900523481742312e-08,
                    0.6253645420074463,
                    0.7802979350090027,
                    3.145611524581909
                ],
                [
                    0.0,
                    0.0,
                    0.0,
                    1.0
                ]
            ]
        },
        {
            "file_path": "./train/r_41",
            "rotation": 0.06283185307179587,
            "transform_matrix": [
                [
                    -0.925868809223175,
                    -0.32133570313453674,
                    0.1985764503479004,
                    0.8005203008651733
                ],
                [
                    0.3777318000793457,
                    -0.7876348495483398,
                    0.4867362082004547,
                    1.9621775150299072
                ],
                [
                    0.0,
                    0.5257041454315186,
                    0.8506306409835815,
                    3.4291436672210693
                ],
                [
                    0.0,
                    0.0,
                    0.0,
                    1.0
                ]
            ]
        },
        {
            "file_path": "./train/r_42",
            "rotation": 0.06283185307179587,
            "transform_matrix": [
                [
                    0.10896182805299759,
                    -0.948836088180542,
                    0.2963443696498871,
                    1.1946516036987305
                ],
                [
                    0.9940027594566345,
                    0.1040106937289238,
                    -0.03248504549264908,
                    -0.13095679879188538
                ],
                [
                    0.0,
                    0.29813045263290405,
                    0.9544853568077087,
                    3.8478119373321533
                ],
                [
                    0.0,
                    0.0,
                    0.0,
                    1.0
                ]
            ]
        },
        {
            "file_path": "./train/r_43",
            "rotation": 0.06283185307179587,
            "transform_matrix": [
                [
                    0.9684866666793823,
                    0.079478420317173,
                    -0.23586374521255493,
                    -0.9508364200592041
                ],
                [
                    -0.24889327585697174,
                    0.309264212846756,
                    -0.9177864789962769,
                    -3.6998682022094727
                ],
                [
                    0.0,
                    0.9476437568664551,
                    0.3193020224571228,
                    1.287200689315796
                ],
                [
                    0.0,
                    0.0,
                    0.0,
                    1.0
                ]
            ]
        },
        {
            "file_path": "./train/r_44",
            "rotation": 0.06283185307179587,
            "transform_matrix": [
