{
    "camera_angle_x": 0.6911112070083618,
    "frames": [
        {
            "file_path": "./train/r_0",
            "rotation": 0.06283185307179587,
            "transform_matrix": [
                [
                    -0.13912433385849,
                    -0.8847149610519409,
                    0.44485732913017273,
                    1.7933512926101685
                ],
                [
                    0.9902315735816956,
                    -0.12429959326982498,
                    0.06250102072954178,
                    0.25196006894111633
                ],
                [
                    0.0,
                    0.44924280047416687,
                    0.8933717608451843,
                    3.601445198059082
                ],
                [
                    0.0,
                    0.0,
                    0.0,
                    1.0
                ]
            ]
        },
        {
            "file_path": "./train/r_1",
            "rotation": 0.06283185307179587,
            "transform_matrix": [
                [
                    0.909648060798645,
                    -0.40793442726135254,
                    0.0778254047036171,
                    0.3137371838092804
                ],
                [
                    0.4152766168117523,
                    0.8935653567314148,
                    -0.17047366499900818,
                    -0.6872297525405884
                ],
                [
                    0.0,
                    0.18740496039390564,
                    0.9822419881820679,
                    3.959707736968994
                ],
                [
                    0.0,
                    0.0,
                    0.0,
                    1.0
                ]
            ]
        },
        {
            "file_path": "./train/r_2",
            "rotation": 0.06283185307179587,
            "transform_matrix": [
                [
                    -0.09199175983667374,
                    0.3931388854980469,
                    -0.9148266911506653,
                    -3.687936782836914
                ],
                [
                    -0.9957166910171509,
                    -0.036321114748716354,
                    0.08451853692531586,
                    0.34071919322013855
                ],
                [
                    0.0,
                    0.9187559485435486,
                    0.39479878544807434,
                    1.5915504693984985
                ],
                [
                    0.0,
                    0.0,
                    0.0,
                    1.0
                ]
            ]
        },
        {
            "file_path": "./train/r_3",
            "rotation": 0.06283185307179587,
            "transform_matrix": [
                [
                    -0.06314095854759216,
                    -0.8700748085975647,
                    0.48883047699928284,
                    1.9706201553344727
                ],
                [
                    0.9979615807533264,
                    -0.05504956841468811,
                    0.030928270891308784,
                    0.12468099594116211
                ],
                [
                    -1.862565213173184e-09,
                    0.489825576543808,
                    0.8717830181121826,
                    3.5144147872924805
                ],
                [
                    0.0,
                    0.0,
                    0.0,
                    1.0
                ]
            ]
        },
        {
            "file_path": "./train/r_4",
            "rotation": 0.06283185307179587,
            "transform_matrix": [
                [
                    0.999508261680603,
                    0.01648416370153427,
                    -0.025017090141773224,
                    -0.10085128992795944
                ],
                [
                    -0.029959309846162796,
                    0.5499478578567505,
                    -0.8346251249313354,
                    -3.3646206855773926
                ],
                [
                    -1.862565435217789e-09,
                    0.8350303173065186,
                    0.5501748323440552,
                    2.2179174423217773
                ],
                [
                    0.0,
                    0.0,
                    0.0,
                    1.0
                ]
            ]
        },
        {
            "file_path": "./train/r_5",
            "rotation": 0.06283185307179587,
            "transform_matrix": [
                [
                    -0.39262187480926514,
                    0.7712059617042542,
                    -0.5010483860969543,
                    -2.019874095916748
                ],
                [
                    -0.9196533560752869,
                    -0.3292461633682251,
                    0.21390947699546814,
                    0.8623322248458862
                ],
                [
                    0.0,
                    0.5448194742202759,
                    0.8385170102119446,
                    3.380309581756592
                ],
                [
                    0.0,
                    0.0,
                    0.0,
                    1.0
                ]
            ]
        },
        {
            "file_path": "./train/r_6",
            "rotation": 0.06283185307179587,
            "transform_matrix": [
                [
                    0.2507539391517639,
                    0.39160609245300293,
                    -0.8852657079696655,
                    -3.568767786026001
                ],
                [
                    -0.9680065512657166,
                    0.10144226998090744,
                    -0.22932061553001404,
                    -0.9244592189788818
                ],
                [
                    7.450260852692736e-09,
                    0.9145185351371765,
                    0.40451696515083313,
                    1.6307274103164673
                ],
                [
                    0.0,
                    0.0,
                    0.0,
                    1.0
                ]
            ]
        },
        {
            "file_path": "./train/r_7",
            "rotation": 0.06283185307179587,
            "transform_matrix": [
                [
                    -0.6812756657600403,
                    -0.29032108187675476,
                    0.6719368696212769,
                    2.7087762355804443
                ],
                [
                    0.7319684028625488,
                    -0.2702147960662842,
                    0.6254016757011414,
                    2.521178722381592
                ],
                [
                    1.4900521705385472e-08,
                    0.9179801940917969,
                    0.3965992331504822,
                    1.598808765411377
                ],
                [
                    0.0,
                    0.0,
                    0.0,
                    1.0
                ]
            ]
        },
        {
            "file_path": "./train/r_8",
            "rotation": 0.06283185307179587,
            "transform_matrix": [
                [
                    0.8745978474617004,
                    -0.3273557424545288,
                    0.3575468063354492,
                    1.441376805305481
                ],
                [
                    0.4847608506679535,
                    0.590610146522522,
                    -0.6450803875923157,
                    -2.6005094051361084
                ],
                [
                    0.0,
                    0.7375687956809998,
                    0.6752400398254395,
                    2.7220919132232666
                ],
                [
                    0.0,
                    0.0,
                    0.0,
                    1.0
                ]
            ]
        },
        {
            "file_path": "./train/r_9",
            "rotation": 0.06283185307179587,
            "transform_matrix": [
                [
                    -0.9586345553398132,
                    -0.10414130985736847,
                    0.26474466919898987,
                    1.0672639608383179
                ],
                [
                    0.2844892144203186,
                    -0.35092172026634216,
                    0.8921019434928894,
                    3.5963263511657715
                ],
                [
                    -7.450261740871156e-09,
                    0.9305902719497681,
                    0.36603525280952454,
                    1.4755961894989014
                ],
                [
                    0.0,
                    0.0,
                    0.0,
                    1.0
                ]
            ]
        },
        {
            "file_path": "./train/r_10",
            "rotation": 0.06283185307179587,
            "transform_matrix": [
                [
                    0.9434699416160583,
                    -0.2992255687713623,
                    0.142301544547081,
                    0.5736595392227173
                ],
                [
                    0.3313288390636444,
                    0.8520547151565552,
                    -0.4052083194255829,
                    -1.6335145235061646
                ],
                [
                    -1.4900521705385472e-08,
                    0.42948442697525024,
                    0.9030359387397766,
                    3.64040470123291
                ],
                [
                    0.0,
                    0.0,
                    0.0,
                    1.0
                ]
            ]
        },
        {
            "file_path": "./train/r_11",
            "rotation": 0.06283185307179587,
            "transform_matrix": [
                [
                    -0.9591361880302429,
                    0.2826261520385742,
                    -0.010030795820057392,
                    -0.04043710231781006
                ],
                [
                    -0.28279340267181396,
                    -0.9585689306259155,
                    0.03402094915509224,
                    0.13714849948883057
                ],
                [
                    -9.312827176088945e-10,
                    0.035469867289066315,
                    0.9993293881416321,
                    4.028592109680176
                ],
                [
                    0.0,
                    0.0,
                    0.0,
                    1.0
                ]
            ]
        },
        {
            "file_path": "./train/r_12",
            "rotation": 0.06283185307179587,
            "transform_matrix": [
                [
                    -0.7406004667282104,
                    0.34718459844589233,
                    -0.5752374529838562,
                    -2.3189523220062256
                ],
                [
                    -0.6718817949295044,
                    -0.38269391655921936,
                    0.6340715885162354,
                    2.5561296939849854
                ],
                [
                    0.0,
                    0.8561530709266663,
                    0.5166937708854675,
                    2.0829453468322754
                ],
                [
                    0.0,
                    0.0,
                    0.0,
                    1.0
                ]
            ]
        },
        {
            "file_path": "./train/r_13",
            "rotation": 0.06283185307179587,
            "transform_matrix": [
                [
                    0.6711605787277222,
                    0.24110780656337738,
                    -0.7009499669075012,
                    -2.8257358074188232
                ],
                [
                    -0.7412542104721069,
                    0.2183084487915039,
                    -0.6346675753593445,
                    -2.5585319995880127
                ],
                [
                    0.0,
                    0.9456207156181335,
                    0.32524439692497253,
                    1.3111560344696045
                ],
                [
                    0.0,
                    0.0,
                    0.0,
                    1.0
                ]
            ]
        },
        {
            "file_path": "./train/r_14",
            "rotation": 0.06283185307179587,
            "transform_matrix": [
                [
                    0.5517446994781494,
                    0.3963802754878998,
                    -0.733749508857727,
                    -2.957961082458496
                ],
                [
                    -0.8339617252349854,
                    0.2622430920600891,
                    -0.4854448139667511,
                    -1.956971526145935
                ],
                [
                    0.0,
                    0.8798303008079529,
                    0.47526028752326965,
                    1.9159146547317505
                ],
                [
                    0.0,
                    0.0,
                    0.0,
                    1.0
                ]
            ]
        },
        {
            "file_path": "./train/r_15",
            "rotation": 0.06283185307179587,
            "transform_matrix": [
                [
                    -0.058007948100566864,
                    -0.8273044228553772,
                    0.5587213039398193,
                    2.252370834350586
                ],
                [
                    0.9982731938362122,
                    -0.048073239624500275,
                    0.0324663370847702,
                    0.1308814138174057
                ],
                [
                    0.0,
                    0.5596840977668762,
                    0.8286698460578918,
                    3.3406131267547607
                ],
                [
                    0.0,
                    0.0,
                    0.0,
                    1.0
                ]
            ]
        },
        {
            "file_path": "./train/r_16",
            "rotation": 0.06283185307179587,
            "transform_matrix": [
                [
                    -0.20105114579200745,
                    0.137309268116951,
                    -0.9698676466941833,
                    -3.909822940826416
                ],
                [
                    -0.9795370697975159,
                    -0.02818288840353489,
                    0.19906646013259888,
                    0.8024957180023193
                ],
                [
                    -1.862565435217789e-09,
                    0.9901220798492432,
                    0.14016664028167725,
                    0.5650531649589539
                ],
                [
                    0.0,
                    0.0,
                    0.0,
                    1.0
                ]
            ]
        },
        {
            "file_path": "./train/r_17",
            "rotation": 0.06283185307179587,
            "transform_matrix": [
                [
                    0.7217222452163696,
                    0.44784849882125854,
                    -0.5277109742164612,
                    -2.127358913421631
                ],
                [
                    -0.6921206712722778,
                    0.46700266003608704,
                    -0.5502808690071106,
                    -2.2183446884155273
                ],
                [
                    -1.4900522593563892e-08,
                    0.7624499797821045,
                    0.6470158100128174,
                    2.608311891555786
                ],
                [
                    0.0,
                    0.0,
                    0.0,
                    1.0
                ]
            ]
        },
        {
            "file_path": "./train/r_18",
            "rotation": 0.06283185307179587,
            "transform_matrix": [
                [
                    -0.9978139400482178,
                    -0.011041860096156597,
                    0.06449510902166367,
                    0.2599988579750061
                ],
                [
                    0.0654333233833313,
                    -0.16838088631629944,
                    0.9835068583488464,
                    3.9648067951202393
                ],
                [
                    -9.312825510754408e-10,
                    0.9856551289558411,
                    0.16873641312122345,
                    0.6802263259887695
                ],
                [
                    0.0,
                    0.0,
                    0.0,
                    1.0
                ]
            ]
        },
        {
            "file_path": "./train/r_19",
            "rotation": 0.06283185307179587,
            "transform_matrix": [
                [
                    0.8759182691574097,
                    -0.3168765902519226,
                    0.3637012243270874,
                    1.4661870002746582
                ],
                [
                    0.48237043619155884,
                    0.5754042267799377,
                    -0.6604312658309937,
                    -2.66239333152771
                ],
                [
                    0.0,
                    0.7539822459220886,
                    0.6568633317947388,
                    2.648010015487671
                ],
                [
                    0.0,
                    0.0,
                    0.0,
                    1.0
                ]
            ]
        },
        {
            "file_path": "./train/r_20",
            "rotation": 0.06283185307179587,
            "transform_matrix": [
                [
                    0.986046314239502,
                    -0.036786362528800964,
                    0.16209183633327484,
                    0.653439998626709
                ],
                [
                    0.16621313989162445,
                    0.21823221445083618,
                    -0.9615970253944397,
                    -3.876481056213379
                ],
                [
                    -3.725130426346368e-09,
                    0.9751980304718018,
                    0.22130294144153595,
                    0.8921374082565308
                ],
                [
                    0.0,
                    0.0,
                    0.0,
                    1.0
                ]
            ]
        },
        {
            "file_path": "./train/r_21",
            "rotation": 0.06283185307179587,
            "transform_matrix": [
                [
                    -0.6292324066162109,
                    0.2937081456184387,
                    -0.7195306420326233,
                    -2.9006407260894775
                ],
                [
                    -0.7771618962287903,
                    -0.23780207335948944,
                    0.5825710892677307,
                    2.3485162258148193
                ],
                [
                    0.0,
                    0.9258378148078918,
                    0.3778940737247467,
                    1.5234026908874512
                ],
                [
                    0.0,
                    0.0,
                    0.0,
                    1.0
                ]
            ]
        },
        {
            "file_path": "./train/r_22",
            "rotation": 0.06283185307179587,
            "transform_matrix": [
                [
                    0.9904975295066833,
                    0.0960410088300705,
                    -0.09800871461629868,
                    -0.3951020836830139
                ],
                [
                    -0.13721826672554016,
                    0.6932632327079773,
                    -0.7074669599533081,
                    -2.85200834274292
                ],
                [
                    0.0,
                    0.714249312877655,
                    0.6998587250709534,
                    2.8213372230529785
                ],
                [
                    0.0,
                    0.0,
                    0.0,
                    1.0
                ]
            ]
        },
        {
            "file_path": "./train/r_23",
            "rotation": 0.06283185307179587,
            "transform_matrix": [
                [
                    0.9782507419586182,
                    0.09201278537511826,
                    -0.18567219376564026,
                    -0.7484995126724243
                ],
                [
                    -0.20721913874149323,
                    0.4343786835670471,
                    -0.8765308856964111,
                    -3.533554792404175
                ],
                [
                    0.0,
                    0.8960126638412476,
                    0.4440010190010071,
                    1.789899230003357
                ],
                [
                    0.0,
                    0.0,
                    0.0,
                    1.0
                ]
            ]
        },
        {
            "file_path": "./train/r_24",
            "rotation": 0.06283185307179587,
            "transform_matrix": [
                [
                    -0.9312132596969604,
                    0.11045322567224503,
                    -0.34721362590789795,
                    -1.3997206687927246
                ],
                [
                    -0.3643568158149719,
                    -0.2822933793067932,
                    0.8873991966247559,
                    3.5773682594299316
                ],
                [
                    0.0,
                    0.9529432058334351,
                    0.3031217157840729,
                    1.221973180770874
                ],
                [
                    0.0,
                    0.0,
                    0.0,
                    1.0
                ]
            ]
        },
        {
            "file_path": "./train/r_25",
            "rotation": 0.06283185307179587,
            "transform_matrix": [
                [
                    -0.3264584243297577,
                    -0.7766452431678772,
                    0.5387094020843506,
                    2.171696662902832
                ],
                [
                    0.9451661705970764,
                    -0.2682516276836395,
                    0.18606910109519958,
                    0.7500995397567749
                ],
                [
                    0.0,
                    0.5699588060379028,
                    0.8216373324394226,
                    3.312262773513794
                ],
                [
                    0.0,
                    0.0,
                    0.0,
                    1.0
                ]
            ]
        },
        {
            "file_path": "./train/r_26",
            "rotation": 0.06283185307179587,
            "transform_matrix": [
                [
                    0.18882696330547333,
                    -0.3954734802246094,
                    0.8988179564476013,
                    3.6234006881713867
                ],
                [
                    0.9819667935371399,
                    0.07604742795228958,
                    -0.17283788323402405,
                    -0.6967605948448181
                ],
                [
                    7.450261740871156e-09,
                    0.9153181910514832,
                    0.40270426869392395,
                    1.6234198808670044
                ],
                [
                    0.0,
                    0.0,
                    0.0,
                    1.0
                ]
            ]
        },
        {
            "file_path": "./train/r_27",
            "rotation": 0.06283185307179587,
            "transform_matrix": [
                [
                    -0.8122630715370178,
                    0.4397203326225281,
                    -0.38315021991729736,
                    -1.5445917844772339
                ],
                [
                    -0.5832177400588989,
                    -0.6124103665351868,
                    0.5336236357688904,
                    2.1511945724487305
                ],
                [
                    1.4900521705385472e-08,
                    0.656954824924469,
                    0.7538959383964539,
                    3.039177179336548
                ],
                [
                    0.0,
                    0.0,
                    0.0,
                    1.0
                ]
            ]
        },
        {
            "file_path": "./train/r_28",
            "rotation": 0.06283185307179587,
            "transform_matrix": [
                [
                    -0.9835481643676758,
                    0.02937569096684456,
                    -0.17800121009349823,
                    -0.7175754308700562
                ],
                [
                    -0.18040838837623596,
                    -0.16015000641345978,
                    0.9704245924949646,
                    3.9120683670043945
                ],
                [
                    1.862565213173184e-09,
                    0.986650288105011,
                    0.16281595826148987,
                    0.6563591957092285
                ],
                [
                    0.0,
                    0.0,
                    0.0,
                    1.0
                ]
            ]
        },
        {
            "file_path": "./train/r_29",
            "rotation": 0.06283185307179587,
            "transform_matrix": [
                [
                    -0.8483001589775085,
                    0.26280879974365234,
                    -0.45960670709609985,
                    -1.8528105020523071
                ],
                [
                    -0.5294345021247864,
                    -0.4210922122001648,
                    0.7364168167114258,
                    2.9687139987945557
                ],
                [
                    0.0,
                    0.8681030869483948,
                    0.4963558614253998,
                    2.0009572505950928
                ],
                [
                    0.0,
                    0.0,
                    0.0,
                    1.0
                ]
            ]
        },
        {
            "file_path": "./train/r_30",
            "rotation": 0.06283185307179587,
            "transform_matrix": [
                [
                    -0.8852792978286743,
                    -0.27226725220680237,
                    0.3769236207008362,
                    1.5194904804229736
                ],
                [
                    0.4649675190448761,
                    -0.5183857679367065,
                    0.7176472544670105,
                    2.893048048019409
                ],
                [
                    0.0,
                    0.8106396198272705,
                    0.5855154395103455,
                    2.3603858947753906
                ],
                [
                    0.0,
                    0.0,
                    0.0,
                    1.0
                ]
            ]
        },
        {
            "file_path": "./train/r_31",
            "rotation": 0.06283185307179587,
            "transform_matrix": [
                [
                    -0.5895698666572571,
                    -0.22450537979602814,
                    0.7758380174636841,
                    3.1276323795318604
                ],
                [
                    0.807664155960083,
                    -0.16388195753097534,
                    0.5663377642631531,
                    2.2830748558044434
                ],
                [
                    -1.4900519929028633e-08,
                    0.9605884552001953,
                    0.2779466509819031,
                    1.1204850673675537
                ],
                [
                    0.0,
                    0.0,
                    0.0,
                    1.0
                ]
            ]
        },
        {
            "file_path": "./train/r_32",
            "rotation": 0.06283185307179587,
            "transform_matrix": [
                [
                    -0.6871796250343323,
                    -0.20875069499015808,
                    0.6957918405532837,
                    2.8049423694610596
                ],
                [
                    0.7264283895492554,
                    -0.19747194647789001,
                    0.658198356628418,
                    2.6533920764923096
                ],
                [
                    0.0,
                    0.9578192830085754,
                    0.2873430848121643,
                    1.1583648920059204
                ],
                [
                    0.0,
                    0.0,
                    0.0,
                    1.0
                ]
            ]
        },
        {
            "file_path": "./train/r_33",
            "rotation": 0.06283185307179587,
            "transform_matrix": [
                [
                    0.33186203241348267,
                    0.8596189618110657,
                    -0.3884499967098236,
                    -1.565956711769104
                ],
                [
                    -0.943282425403595,
                    0.30242788791656494,
                    -0.13666300475597382,
                    -0.5509289503097534
                ],
                [
                    0.0,
                    0.4118040204048157,
                    0.9112338423728943,
                    3.673452854156494
                ],
                [
                    0.0,
                    0.0,
                    0.0,
                    1.0
                ]
            ]
        },
        {
            "file_path": "./train/r_34",
            "rotation": 0.06283185307179587,
            "transform_matrix": [
                [
                    -0.18997949361801147,
                    0.6515393257141113,
                    -0.7344059944152832,
                    -2.9606077671051025
                ],
                [
                    -0.9817442893981934,
                    -0.12608081102371216,
                    0.1421165019273758,
                    0.572913646697998
                ],
                [
                    -7.450261296781946e-09,
                    0.7480574250221252,
                    0.6636022329330444,
                    2.6751768589019775
                ],
                [
                    0.0,
                    0.0,
                    0.0,
                    1.0
                ]
            ]
        },
        {
            "file_path": "./train/r_35",
            "rotation": 0.06283185307179587,
            "transform_matrix": [
                [
                    -0.8993507623672485,
                    0.20702297985553741,
                    -0.38500332832336426,
                    -1.5520621538162231
                ],
                [
                    -0.4371296763420105,
                    -0.42592915892601013,
                    0.792106032371521,
                    3.19321346282959
                ],
                [
                    0.0,
                    0.8807472586631775,
                    0.4735587239265442,
                    1.9090551137924194
                ],
                [
                    0.0,
                    0.0,
                    0.0,
                    1.0
                ]
            ]
        },
        {
            "file_path": "./train/r_36",
            "rotation": 0.06283185307179587,
            "transform_matrix": [
                [
                    -0.013946273364126682,
                    0.6000896692276001,
                    -0.7997758984565735,
                    -3.224132776260376
                ],
                [
                    -0.9998599290847778,
                    -0.00837018620222807,
                    0.011155455373227596,
                    0.04497093707323074
                ],
                [
                    0.0,
                    0.799882709980011,
                    0.6001262664794922,
                    2.4192862510681152
                ],
                [
                    0.0,
                    0.0,
                    0.0,
                    1.0
                ]
            ]
        },
        {
            "file_path": "./train/r_37",
            "rotation": 0.06283185307179587,
            "transform_matrix": [
                [
                    0.9519575834274292,
                    0.2997687757015228,
                    -0.061940718442201614,
                    -0.24970132112503052
                ],
                [
                    -0.3060901165008545,
                    0.9322977662086487,
                    -0.19263914227485657,
                    -0.7765852212905884
                ],
                [
                    -3.725130870435578e-09,
                    0.20235978066921234,
                    0.9792706370353699,
                    3.9477291107177734
                ],
                [
                    0.0,
                    0.0,
                    0.0,
                    1.0
                ]
            ]
        },
        {
            "file_path": "./train/r_38",
            "rotation": 0.06283185307179587,
            "transform_matrix": [
                [
                    0.12166322767734528,
                    -0.4689236879348755,
                    0.87478107213974,
                    3.526500940322876
                ],
                [
                    0.9925281405448914,
                    0.05748025327920914,
                    -0.10722988098859787,
                    -0.43227535486221313
                ],
                [
                    -3.725130648390973e-09,
                    0.881360650062561,
                    0.47241634130477905,
                    1.9044498205184937
                ],
                [
                    0.0,
                    0.0,
                    0.0,
                    1.0
                ]
            ]
        },
        {
            "file_path": "./train/r_39",
            "rotation": 0.06283185307179587,
            "transform_matrix": [
                [
                    0.9776189923286438,
                    -0.044666800647974014,
                    0.20537911355495453,
                    0.8279438614845276
                ],
                [
                    0.21017949283123016,
                    0.2077610343694687,
                    -0.955290675163269,
                    -3.8510589599609375
                ],
                [
                    3.725130648390973e-09,
                    0.9771541953086853,
                    0.21250055730342865,
                    0.8566524982452393
                ],
                [
                    0.0,
                    0.0,
                    0.0,
                    1.0
                ]
            ]
        },
        {
            "file_path": "./train/r_40",
            "rotation": 0.06283185307179587,
            "transform_matrix": [
                [
                    0.9671311974525452,
                    0.15603777766227722,
                    -0.2005634754896164,
                    -0.8085306882858276
                ],
                [
                    -0.25410929322242737,
                    0.5938743352890015,
                    -0.7633376717567444,
                    -3.077239990234375
                ],
                [
                    -7.450261296781946e-09,
                    0.7892752885818481,
                    0.6140090227127075,
                    2.4752519130706787
                ],
                [
                    0.0,
                    0.0,
                    0.0,
                    1.0
                ]
            ]
        },
        {
            "file_path": "./train/r_41",
            "rotation": 0.06283185307179587,
            "transform_matrix": [
                [
                    0.9995883107185364,
                    0.024793483316898346,
                    -0.011076586320996284,
                    -0.044652990996837616
                ],
                [
                    -0.027154380455613136,
                    0.912680447101593,
                    -0.4077436029911041,
                    -1.6437349319458008
                ],
                [
                    0.0,
                    0.40790873765945435,
                    0.9129840135574341,
                    3.6805083751678467
                ],
                [
                    0.0,
                    0.0,
                    0.0,
                    1.0
                ]
            ]
        },
        {
            "file_path": "./train/r_42",
            "rotation": 0.06283185307179587,
            "transform_matrix": [
                [
                    -0.3469982147216797,
                    -0.7027133107185364,
                    0.6210789680480957,
                    2.5037527084350586
                ],
                [
                    0.9378200769424438,
                    -0.26000750064849854,
                    0.22980239987373352,
                    0.9264013171195984
                ],
                [
                    0.0,
                    0.662253737449646,
                    0.749245822429657,
                    3.0204310417175293
                ],
                [
                    0.0,
                    0.0,
                    0.0,
                    1.0
                ]
            ]
        },
        {
            "file_path": "./train/r_43",
            "rotation": 0.06283185307179587,
            "transform_matrix": [
                [
                    -0.6765615344047546,
                    0.6366124749183655,
                    -0.37004658579826355,
                    -1.4917670488357544
                ],
                [
                    -0.7363279461860657,
                    -0.5849397778511047,
                    0.34001052379608154,
                    1.3706828355789185
                ],
                [
                    -2.9801043410770944e-08,
                    0.502553403377533,
                    0.8645090460777283,
                    3.485091209411621
                ],
                [
                    0.0,
                    0.0,
                    0.0,
                    1.0
                ]
            ]
