{
    "camera_angle_x": 0.6911112070083618,
    "frames": [
        {
            "file_path": "./train/r_0",
            "rotation": 0.06283185307179587,
            "transform_matrix": [
                [
                    -0.11767394840717316,
                    0.5912456512451172,
                    -0.7978246212005615,
                    -3.2162668704986572
                ],
                [
                    -0.9930091500282288,
                    -0.070064015686512,
                    0.09454412013292313,
                    0.3811352849006653
                ],
                [
                    0.0,
                    0.8034361004829407,
                    0.5953608751296997,
                    2.400075674057007
                ],
                [
                    0.0,
                    0.0,
                    0.0,
                    1.0
                ]
            ]
        },
        {
            "file_path": "./train/r_1",
            "rotation": 0.06283185307179587,
            "transform_matrix": [
                [
                    0.17377492785453796,
                    0.9529615044593811,
                    -0.24829354882240295,
                    -1.0009446144104004
                ],
                [
                    -0.9847418665885925,
                    0.16816672682762146,
                    -0.0438157394528389,
                    -0.17663419246673584
                ],
                [
                    0.0,
                    0.2521389424800873,
                    0.9676506519317627,
                    3.900885820388794
                ],
                [
                    0.0,
                    0.0,
                    0.0,
                    1.0
                ]
            ]
        },
        {
            "file_path": "./train/r_2",
            "rotation": 0.06283185307179587,
            "transform_matrix": [
                [
                    -0.9987968802452087,
                    0.019135817885398865,
                    -0.044190745800733566,
                    -0.17814597487449646
                ],
                [
                    -0.048155661672353745,
                    -0.396896094083786,
                    0.9165605306625366,
                    3.6949265003204346
                ],
                [
                    0.0,
                    0.9176586270332336,
                    0.3973426818847656,
                    1.6018059253692627
                ],
                [
                    0.0,
                    0.0,
                    0.0,
                    1.0
                ]
            ]
        },
        {
            "file_path": "./train/r_3",
            "rotation": 0.06283185307179587,
            "transform_matrix": [
                [
                    -0.718792200088501,
                    -0.1247033104300499,
                    0.6838887333869934,
                    2.7569572925567627
                ],
                [
                    0.6951633095741272,
                    -0.12894202768802643,
                    0.7071344256401062,
                    2.8506674766540527
                ],
                [
                    -7.450260408603526e-09,
                    0.9837748408317566,
                    0.1793728768825531,
                    0.7231049537658691
                ],
                [
                    0.0,
                    0.0,
                    0.0,
                    1.0
                ]
            ]
        },
        {
            "file_path": "./train/r_4",
            "rotation": 0.06283185307179587,
            "transform_matrix": [
                [
                    0.043938733637332916,
                    0.7399625778198242,
                    -0.671179473400116,
                    -2.7057228088378906
                ],
                [
                    -0.9989913105964661,
                    0.032545845955610275,
                    -0.029520554468035698,
                    -0.11900608241558075
                ],
                [
                    -1.862565435217789e-09,
                    0.6718527674674988,
                    0.74065101146698,
                    2.985783100128174
                ],
                [
                    0.0,
                    0.0,
                    0.0,
                    1.0
                ]
            ]
        },
        {
            "file_path": "./train/r_5",
            "rotation": 0.06283185307179587,
            "transform_matrix": [
                [
                    0.07848237454891205,
                    -0.37454119324684143,
                    0.9238436222076416,
                    3.7242860794067383
                ],
                [
                    0.9968724250793457,
                    0.02948710508644581,
                    -0.07273291796445847,
                    -0.2932078540325165
                ],
                [
                    0.0,
                    0.9267357587814331,
                    0.3756865859031677,
                    1.5145034790039062
                ],
                [
                    0.0,
                    0.0,
                    0.0,
                    1.0
                ]
            ]
        },
        {
            "file_path": "./train/r_6",
            "rotation": 0.06283185307179587,
            "transform_matrix": [
                [
                    -0.47457438707351685,
                    -0.7214495539665222,
                    0.5042262673377991,
                    2.0326852798461914
                ],
                [
                    0.8801666498184204,
                    -0.3889961540699005,
                    0.27187222242355347,
                    1.0959973335266113
                ],
                [
                    0.0,
                    0.5728721022605896,
                    0.819608747959137,
                    3.3040852546691895
                ],
                [
                    0.0,
                    0.0,
                    0.0,
                    1.0
                ]
            ]
        },
        {
            "file_path": "./train/r_7",
            "rotation": 0.06283185307179587,
            "transform_matrix": [
                [
                    -0.8033824563026428,
                    0.3955509066581726,
                    -0.4450199007987976,
                    -1.794006586074829
                ],
                [
                    -0.5953912138938904,
                    -0.5337308645248413,
                    0.6004810929298401,
                    2.4207167625427246
                ],
                [
                    -1.4900520817207052e-08,
                    0.7474360466003418,
                    0.6643019914627075,
                    2.677997589111328
                ],
                [
                    0.0,
                    0.0,
                    0.0,
                    1.0
                ]
            ]
        },
        {
            "file_path": "./train/r_8",
            "rotation": 0.06283185307179587,
            "transform_matrix": [
                [
                    -0.6200552582740784,
                    -0.5345965623855591,
                    0.5741732716560364,
                    2.314661979675293
                ],
                [
                    0.7845033407211304,
                    -0.4225340783596039,
                    0.45381465554237366,
                    1.829460859298706
                ],
                [
                    1.4900520817207052e-08,
                    0.731889009475708,
                    0.6813917756080627,
                    2.746891498565674
                ],
                [
                    0.0,
                    0.0,
                    0.0,
                    1.0
                ]
            ]
        },
        {
            "file_path": "./train/r_9",
            "rotation": 0.06283185307179587,
            "transform_matrix": [
                [
                    0.8353115320205688,
                    -0.48517024517059326,
                    0.25845038890838623,
                    1.0418899059295654
                ],
                [
                    0.5496986508369446,
                    0.7372552752494812,
                    -0.3927362263202667,
                    -1.583235740661621
                ],
                [
                    0.0,
                    0.4701641798019409,
                    0.8825412392616272,
                    3.5577845573425293
                ],
                [
                    0.0,
                    0.0,
                    0.0,
                    1.0
                ]
            ]
        },
        {
            "file_path": "./train/r_10",
            "rotation": 0.06283185307179587,
            "transform_matrix": [
                [
                    0.5974918007850647,
                    0.3298448622226715,
                    -0.7308420538902283,
                    -2.946240186691284
                ],
                [
                    -0.8018215298652649,
                    0.24578985571861267,
                    -0.5446001887321472,
                    -2.195444107055664
                ],
                [
                    -1.4900520817207052e-08,
                    0.9114711880683899,
                    0.41133686900138855,
                    1.6582204103469849
                ],
                [
                    0.0,
                    0.0,
                    0.0,
                    1.0
                ]
            ]
        },
        {
            "file_path": "./train/r_11",
            "rotation": 0.06283185307179587,
            "transform_matrix": [
                [
                    0.8304876089096069,
                    0.17888328433036804,
                    -0.5274548530578613,
                    -2.126326322555542
                ],
                [
                    -0.5569600462913513,
                    0.2667343020439148,
                    -0.7864921689033508,
                    -3.1705820560455322
                ],
                [
                    0.0,
                    0.9470183849334717,
                    0.3211524784564972,
                    1.2946604490280151
                ],
                [
                    0.0,
                    0.0,
                    0.0,
                    1.0
                ]
            ]
        },
        {
            "file_path": "./train/r_12",
            "rotation": 0.06283185307179587,
            "transform_matrix": [
                [
                    -0.5329897403717041,
                    -0.3896281123161316,
                    0.7510255575180054,
                    3.0276057720184326
                ],
                [
                    0.8460710644721985,
                    -0.24544961750507355,
                    0.47311508655548096,
                    1.907266616821289
                ],
                [
                    0.0,
                    0.8876567482948303,
                    0.46047818660736084,
                    1.856323480606079
                ],
                [
                    0.0,
                    0.0,
                    0.0,
                    1.0
                ]
            ]
        },
        {
            "file_path": "./train/r_13",
            "rotation": 0.06283185307179587,
            "transform_matrix": [
                [
                    0.47586143016815186,
                    -0.22054514288902283,
                    0.851373016834259,
                    3.432136058807373
                ],
                [
                    0.8794715404510498,
                    0.11933180689811707,
                    -0.4606579840183258,
                    -1.8570483922958374
                ],
                [
                    -7.450260852692736e-09,
                    0.9680443406105042,
                    0.25075018405914307,
                    1.0108481645584106
                ],
                [
                    0.0,
                    0.0,
                    0.0,
                    1.0
                ]
            ]
        },
        {
            "file_path": "./train/r_14",
            "rotation": 0.06283185307179587,
            "transform_matrix": [
                [
                    0.999717652797699,
                    0.0032774724531918764,
                    -0.021636566147208214,
                    -0.08722338080406189
                ],
                [
                    -0.021883338689804077,
                    0.149727925658226,
                    -0.9884441494941711,
                    -3.9847099781036377
                ],
                [
                    0.0,
                    0.9887167811393738,
                    0.14975838363170624,
                    0.6037201881408691
                ],
                [
                    0.0,
                    0.0,
                    0.0,
                    1.0
                ]
            ]
        },
        {
            "file_path": "./train/r_15",
            "rotation": 0.06283185307179587,
            "transform_matrix": [
                [
                    0.20709608495235443,
                    -0.26794397830963135,
                    0.9408717751502991,
                    3.7929320335388184
                ],
                [
                    0.9782769083976746,
                    0.05672233924269676,
                    -0.19917762279510498,
                    -0.8029438257217407
                ],
                [
                    -3.725131092480183e-09,
                    0.961758017539978,
                    0.27387216687202454,
                    1.1040596961975098
                ],
                [
                    0.0,
                    0.0,
                    0.0,
                    1.0
                ]
            ]
        },
        {
            "file_path": "./train/r_16",
            "rotation": 0.06283185307179587,
            "transform_matrix": [
                [
                    -0.5646618604660034,
                    -0.3911508619785309,
                    0.7266948819160461,
                    2.9295217990875244
                ],
                [
                    0.825270414352417,
                    -0.26763108372688293,
                    0.4972151219844818,
                    2.0044209957122803
                ],
                [
                    2.9801043410770944e-08,
                    0.8805478811264038,
                    0.47392940521240234,
                    1.910549521446228
                ],
                [
                    0.0,
                    0.0,
                    0.0,
                    1.0
                ]
            ]
        },
        {
            "file_path": "./train/r_17",
            "rotation": 0.06283185307179587,
            "transform_matrix": [
                [
                    0.6381808519363403,
                    0.7468469142913818,
                    -0.18681904673576355,
                    -0.753122866153717
                ],
                [
                    -0.7698306441307068,
                    0.6191275715827942,
                    -0.15487085282802582,
                    -0.6243302226066589
                ],
                [
                    0.0,
                    0.24267399311065674,
                    0.9700675010681152,
                    3.9106287956237793
                ],
                [
                    0.0,
                    0.0,
                    0.0,
                    1.0
                ]
            ]
        },
        {
            "file_path": "./train/r_18",
            "rotation": 0.06283185307179587,
            "transform_matrix": [
                [
                    0.07419022917747498,
                    -0.44311782717704773,
                    0.8933500051498413,
                    3.6013574600219727
                ],
                [
                    0.9972010850906372,
                    0.03296728432178497,
                    -0.06646386533975601,
                    -0.26793545484542847
                ],
                [
                    0.0,
                    0.8958514332771301,
                    0.44432640075683594,
                    1.7912108898162842
                ],
                [
                    0.0,
                    0.0,
                    0.0,
                    1.0
                ]
            ]
        },
        {
            "file_path": "./train/r_19",
            "rotation": 0.06283185307179587,
            "transform_matrix": [
                [
                    -0.7752344608306885,
                    0.5932380557060242,
                    -0.21684330701828003,
                    -0.8741594552993774
                ],
                [
                    -0.6316055655479431,
                    -0.7281421422958374,
                    0.26615411043167114,
                    1.0729458332061768
                ],
                [
                    0.0,
                    0.34331852197647095,
                    0.9391795992851257,
                    3.7861104011535645
                ],
                [
                    0.0,
                    0.0,
                    0.0,
                    1.0
                ]
            ]
        },
        {
            "file_path": "./train/r_20",
            "rotation": 0.06283185307179587,
            "transform_matrix": [
                [
                    -0.7453577518463135,
                    -0.34975504875183105,
                    0.5674837827682495,
                    2.2876944541931152
                ],
                [
                    0.6666004061698914,
                    -0.39107781648635864,
                    0.6345307230949402,
                    2.557980537414551
                ],
                [
                    -1.4900521705385472e-08,
                    0.8513045310974121,
                    0.5246431827545166,
                    2.1149914264678955
                ],
                [
                    0.0,
                    0.0,
                    0.0,
                    1.0
                ]
            ]
        },
        {
            "file_path": "./train/r_21",
            "rotation": 0.06283185307179587,
            "transform_matrix": [
                [
                    -0.896129846572876,
                    -0.08643341064453125,
                    0.4351963400840759,
                    1.7544050216674805
                ],
                [
                    0.44369515776634216,
                    -0.17456930875778198,
                    0.8789647817611694,
                    3.5433666706085205
                ],
                [
                    0.0,
                    0.9808388948440552,
                    0.1947881430387497,
                    0.7852485775947571
                ],
                [
                    0.0,
                    0.0,
                    0.0,
                    1.0
                ]
            ]
        },
        {
            "file_path": "./train/r_22",
            "rotation": 0.06283185307179587,
            "transform_matrix": [
                [
                    0.997340738773346,
                    -0.04569343104958534,
                    0.056015703827142715,
                    0.22581584751605988
                ],
                [
                    0.07228747755289078,
                    0.6304262280464172,
                    -0.772841215133667,
                    -3.115551471710205
                ],
                [
                    -3.725130204301763e-09,
                    0.7748967409133911,
                    0.6320569515228271,
                    2.5480082035064697
                ],
                [
                    0.0,
                    0.0,
                    0.0,
                    1.0
                ]
            ]
        },
        {
            "file_path": "./train/r_23",
            "rotation": 0.06283185307179587,
            "transform_matrix": [
                [
                    -0.16471879184246063,
                    0.35180413722991943,
                    -0.9214270710945129,
                    -3.7145447731018066
                ],
                [
                    -0.986297070980072,
                    -0.058753855526447296,
                    0.15388503670692444,
                    0.6203560829162598
                ],
                [
                    0.0,
                    0.9342226982116699,
                    0.3566635847091675,
                    1.4378162622451782
                ],
                [
                    0.0,
                    0.0,
                    0.0,
                    1.0
                ]
            ]
        },
        {
            "file_path": "./train/r_24",
            "rotation": 0.06283185307179587,
            "transform_matrix": [
                [
                    0.08288947492837906,
                    -0.8632269501686096,
                    0.49793577194213867,
                    2.007326126098633
                ],
                [
                    0.996515691280365,
                    0.07180260121822357,
                    -0.041417937725782394,
                    -0.1669679433107376
                ],
                [
                    -3.725130426346368e-09,
                    0.49967339634895325,
                    0.8661767244338989,
                    3.491813898086548
                ],
                [
                    0.0,
                    0.0,
                    0.0,
                    1.0
                ]
            ]
        },
        {
            "file_path": "./train/r_25",
            "rotation": 0.06283185307179587,
            "transform_matrix": [
                [
                    0.8273217678070068,
                    0.5267558097839355,
                    -0.19494184851646423,
                    -0.785868227481842
                ],
                [
                    -0.5616519451141357,
                    0.7759192585945129,
                    -0.2871522605419159,
                    -1.1575957536697388
                ],
                [
                    0.0,
                    0.3470841646194458,
                    0.9377945065498352,
                    3.780526876449585
                ],
                [
                    0.0,
                    0.0,
                    0.0,
                    1.0
                ]
            ]
        },
        {
            "file_path": "./train/r_26",
            "rotation": 0.06283185307179587,
            "transform_matrix": [
                [
                    0.5160055160522461,
                    0.498140424489975,
                    -0.6967990398406982,
                    -2.8090028762817383
                ],
                [
                    -0.8565350770950317,
                    0.3000965118408203,
                    -0.4197750985622406,
                    -1.6922374963760376
                ],
                [
                    0.0,
                    0.813503623008728,
                    0.5815301537513733,
                    2.3443198204040527
                ],
                [
                    0.0,
                    0.0,
                    0.0,
                    1.0
                ]
            ]
        },
        {
            "file_path": "./train/r_27",
            "rotation": 0.06283185307179587,
            "transform_matrix": [
                [
                    0.8289062976837158,
                    0.4850790798664093,
                    -0.2784688174724579,
                    -1.1225900650024414
                ],
                [
                    -0.559310793876648,
                    0.718893826007843,
                    -0.41269463300704956,
                    -1.6636940240859985
                ],
                [
                    -1.4900522593563892e-08,
                    0.49787524342536926,
                    0.8672114610671997,
                    3.495985507965088
                ],
                [
                    0.0,
                    0.0,
                    0.0,
                    1.0
                ]
            ]
        },
        {
            "file_path": "./train/r_28",
            "rotation": 0.06283185307179587,
            "transform_matrix": [
                [
                    0.9995863437652588,
                    0.022625410929322243,
                    -0.015143978409469128,
                    -0.061049848794937134
                ],
                [
                    -0.02722516655921936,
                    0.8307039141654968,
                    -0.5560191869735718,
                    -2.2414774894714355
                ],
                [
                    -9.312825510754408e-10,
                    0.5562455058097839,
                    0.8309818506240845,
                    3.34993314743042
                ],
                [
                    0.0,
                    0.0,
                    0.0,
                    1.0
                ]
            ]
        },
        {
            "file_path": "./train/r_29",
            "rotation": 0.06283185307179587,
            "transform_matrix": [
                [
                    -0.7674422264099121,
                    0.4300391376018524,
                    -0.47542375326156616,
                    -1.9165736436843872
                ],
                [
                    -0.6410512328147888,
                    -0.5148264765739441,
                    0.5691592693328857,
                    2.2944490909576416
                ],
                [
                    0.0,
                    0.741626501083374,
                    0.670781135559082,
                    2.7041170597076416
                ],
                [
                    0.0,
                    0.0,
                    0.0,
                    1.0
                ]
            ]
        },
        {
            "file_path": "./train/r_30",
            "rotation": 0.06283185307179587,
            "transform_matrix": [
                [
                    -0.8980980515480042,
                    0.4162125587463379,
                    -0.14182503521442413,
                    -0.571738600730896
                ],
                [
                    -0.4396977722644806,
                    -0.8501287698745728,
                    0.2896825671195984,
                    1.167796015739441
                ],
                [
                    -7.450261296781946e-09,
                    0.32254907488822937,
                    0.9465130567550659,
                    3.815673828125
                ],
                [
                    0.0,
                    0.0,
                    0.0,
                    1.0
                ]
            ]
        },
        {
            "file_path": "./train/r_31",
            "rotation": 0.06283185307179587,
            "transform_matrix": [
                [
                    0.8466439843177795,
                    0.22190314531326294,
                    -0.4836026728153229,
                    -1.9495452642440796
                ],
                [
                    -0.5320789813995361,
                    0.3530922830104828,
                    -0.7695085406303406,
                    -3.102116107940674
                ],
                [
                    -1.4900521705385472e-08,
                    0.9088865518569946,
                    0.41701626777648926,
                    1.681115746498108
                ],
                [
                    0.0,
                    0.0,
                    0.0,
                    1.0
                ]
            ]
        },
        {
            "file_path": "./train/r_32",
            "rotation": 0.06283185307179587,
            "transform_matrix": [
                [
                    0.5336090326309204,
                    0.3658740520477295,
                    -0.7624459266662598,
                    -3.0736446380615234
                ],
                [
                    -0.8456805944442749,
                    0.23085984587669373,
                    -0.4810894727706909,
                    -1.9394137859344482
                ],
                [
                    0.0,
                    0.9015706777572632,
                    0.4326043128967285,
                    1.7439558506011963
                ],
                [
                    0.0,
                    0.0,
                    0.0,
                    1.0
                ]
            ]
        },
        {
            "file_path": "./train/r_33",
            "rotation": 0.06283185307179587,
            "transform_matrix": [
                [
                    -0.2369256615638733,
                    -0.9695536494255066,
                    0.061783984303474426,
                    0.249069482088089
                ],
                [
                    0.9714837074279785,
                    -0.23645494878292084,
                    0.015067891217768192,
                    0.06074311584234238
                ],
                [
                    0.0,
                    0.06359738111495972,
                    0.9979344010353088,
                    4.022968292236328
                ],
                [
                    0.0,
                    0.0,
                    0.0,
                    1.0
                ]
            ]
        },
        {
            "file_path": "./train/r_34",
            "rotation": 0.06283185307179587,
            "transform_matrix": [
                [
                    0.157609224319458,
                    0.5958242416381836,
                    -0.7874616980552673,
                    -3.174490213394165
                ],
                [
                    -0.9874580502510071,
                    0.09510014951229095,
                    -0.1256875991821289,
                    -0.5066837668418884
                ],
                [
                    7.450260408603526e-09,
                    0.7974579334259033,
                    0.6033442616462708,
                    2.4322586059570312
                ],
                [
                    0.0,
                    0.0,
                    0.0,
                    1.0
                ]
            ]
        },
        {
            "file_path": "./train/r_35",
            "rotation": 0.06283185307179587,
            "transform_matrix": [
                [
                    0.07530814409255981,
                    0.8067060708999634,
                    -0.5861045718193054,
                    -2.362760543823242
                ],
                [
                    -0.997117280960083,
                    0.060927171260118484,
                    -0.044266052544116974,
                    -0.17844954133033752
                ],
                [
                    -3.725130426346368e-09,
                    0.5877950191497803,
                    0.8089742660522461,
                    3.261214256286621
                ],
                [
                    0.0,
                    0.0,
                    0.0,
                    1.0
                ]
            ]
        },
        {
            "file_path": "./train/r_36",
            "rotation": 0.06283185307179587,
            "transform_matrix": [
                [
                    -0.5252774953842163,
                    -0.29980388283729553,
                    0.7963191866874695,
                    3.210197925567627
                ],
                [
                    0.85088050365448,
                    -0.18507911264896393,
                    0.49159491062164307,
                    1.981764316558838
                ],
                [
                    0.0,
                    0.935870349407196,
                    0.3523175120353699,
                    1.4202959537506104
                ],
                [
                    0.0,
                    0.0,
                    0.0,
                    1.0
                ]
            ]
        },
        {
            "file_path": "./train/r_37",
            "rotation": 0.06283185307179587,
            "transform_matrix": [
                [
                    0.9963232278823853,
                    -0.06092235445976257,
                    0.0595238171517849,
                    0.23995807766914368
                ],
                [
                    0.08517232537269592,
                    0.712653398513794,
                    -0.6962937116622925,
                    -2.8069655895233154
                ],
                [
                    0.0,
                    0.6988586187362671,
                    0.7152268290519714,
                    2.8832905292510986
                ],
                [
                    0.0,
                    0.0,
                    0.0,
                    1.0
                ]
            ]
        },
        {
            "file_path": "./train/r_38",
            "rotation": 0.06283185307179587,
            "transform_matrix": [
                [
                    -0.20319844782352448,
                    -0.23605228960514069,
                    0.9502163529396057,
                    3.8306026458740234
                ],
                [
                    0.9790938496589661,
                    -0.048989638686180115,
                    0.19720527529716492,
                    0.7949926853179932
                ],
                [
                    3.725130870435578e-09,
                    0.9704994559288025,
                    0.24107356369495392,
                    0.9718387126922607
                ],
                [
                    0.0,
                    0.0,
                    0.0,
                    1.0
                ]
            ]
        },
        {
            "file_path": "./train/r_39",
            "rotation": 0.06283185307179587,
            "transform_matrix": [
                [
                    0.8997192978858948,
                    -0.20803162455558777,
                    0.3835959732532501,
                    1.5463887453079224
                ],
                [
                    0.4363705813884735,
                    0.4289245903491974,
                    -0.7909074425697327,
                    -3.1883814334869385
                ],
                [
                    1.4900520817207052e-08,
                    0.8790543079376221,
                    0.4766938388347626,
                    1.9216936826705933
                ],
                [
                    0.0,
                    0.0,
                    0.0,
                    1.0
                ]
            ]
        },
        {
            "file_path": "./train/r_40",
            "rotation": 0.06283185307179587,
            "transform_matrix": [
                [
                    -0.9443150758743286,
                    0.31261932849884033,
                    -0.10227259248495102,
                    -0.412291020154953
                ],
                [
                    -0.32891198992729187,
                    -0.8975384831428528,
                    0.2936273515224457,
                    1.1836985349655151
                ],
                [
                    -7.450260408603526e-09,
                    0.31094005703926086,
                    0.9503898024559021,
                    3.8313019275665283
                ],
                [
                    0.0,
                    0.0,
                    0.0,
                    1.0
                ]
            ]
        },
        {
            "file_path": "./train/r_41",
            "rotation": 0.06283185307179587,
            "transform_matrix": [
                [
                    -0.6206554174423218,
                    -0.17404815554618835,
                    0.7644686102867126,
                    3.081799030303955
                ],
                [
                    0.7840286493301392,
                    -0.1377805918455124,
                    0.605171263217926,
                    2.439624309539795
                ],
                [
                    0.0,
                    0.9750454425811768,
                    0.22197450697422028,
                    0.8948448896408081
                ],
                [
                    0.0,
                    0.0,
                    0.0,
                    1.0
                ]
            ]
        },
        {
            "file_path": "./train/r_42",
            "rotation": 0.06283185307179587,
            "transform_matrix": [
                [
                    0.24162174761295319,
                    0.7658900618553162,
                    -0.5958113074302673,
                    -2.4018914699554443
                ],
                [
                    -0.9703262448310852,
                    0.19071491062641144,
                    -0.14836347103118896,
                    -0.5980969667434692
                ],
                [
                    0.0,
                    0.6140277981758118,
                    0.7892493009567261,
                    3.181697130203247
                ],
                [
                    0.0,
                    0.0,
                    0.0,
                    1.0
                ]
            ]
        },
        {
            "file_path": "./train/r_43",
            "rotation": 0.06283185307179587,
            "transform_matrix": [
                [
                    -0.8488665819168091,
                    0.19307184219360352,
                    -0.49200260639190674,
                    -1.9834078550338745
                ],
                [
                    -0.5285259485244751,
                    -0.31009307503700256,
                    0.7902063131332397,
                    3.1855552196502686
                ],
                [
                    0.0,
                    0.9308896064758301,
                    0.3652735650539398,
                    1.4725255966186523
                ],
                [
                    0.0,
                    0.0,
                    0.0,
                    1.0
                ]
            ]
        },
        {
