{
    "camera_angle_x": 0.6911112070083618,
    "frames": [
        {
            "file_path": "./train/r_0",
            "rotation": 0.06283185307179587,
            "transform_matrix": [
                [
                    -0.37886252999305725,
                    0.4587987959384918,
                    -0.8036784529685974,
                    -3.239865303039551
                ],
                [
                    -0.9254066348075867,
                    -0.18783274292945862,
                    0.32902687788009644,
                    1.3264045715332031
                ],
                [
                    0.0,
                    0.8684540390968323,
                    0.49574148654937744,
                    1.9984804391860962
                ],
                [
                    0.0,
                    0.0,
                    0.0,
                    1.0
                ]
            ]
        },
        {
            "file_path": "./train/r_1",
            "rotation": 0.06283185307179587,
            "transform_matrix": [
                [
                    -0.46735724806785583,
                    0.7641588449478149,
                    -0.44451937079429626,
                    -1.7919888496398926
                ],
                [
                    -0.8840200901031494,
                    -0.40398988127708435,
                    0.2350052446126938,
                    0.9473755359649658
                ],
                [
                    0.0,
                    0.502835214138031,
                    0.8643450736999512,
                    3.4844303131103516
                ],
                [
                    0.0,
                    0.0,
                    0.0,
                    1.0
                ]
            ]
        },
        {
            "file_path": "./train/r_2",
            "rotation": 0.06283185307179587,
            "transform_matrix": [
                [
                    0.9641301035881042,
                    -0.0550183467566967,
                    0.2595008611679077,
                    1.0461245775222778
                ],
                [
                    0.2652682363986969,
                    0.19996678829193115,
                    -0.9431681632995605,
                    -3.8021891117095947
                ],
                [
                    0.0,
                    0.9782516956329346,
                    0.20739001035690308,
                    0.8360503315925598
                ],
                [
                    0.0,
                    0.0,
                    0.0,
                    1.0
                ]
            ]
        },
        {
            "file_path": "./train/r_3",
            "rotation": 0.06283185307179587,
            "transform_matrix": [
                [
                    -0.9999350309371948,
                    -0.004257756285369396,
                    0.0050964937545359135,
                    0.020545469596982002
                ],
                [
                    0.006640879437327385,
                    -0.6411018371582031,
                    0.7673927545547485,
                    3.0935866832733154
                ],
                [
                    2.32820651646648e-10,
                    0.7674374580383301,
                    0.6410927176475525,
                    2.5844340324401855
                ],
                [
                    0.0,
                    0.0,
                    0.0,
                    1.0
                ]
            ]
        },
        {
            "file_path": "./train/r_4",
            "rotation": 0.06283185307179587,
            "transform_matrix": [
                [
                    -0.9998206496238708,
                    0.014756196178495884,
                    -0.00742005230858922,
                    -0.029912421479821205
                ],
                [
                    -0.016516227275133133,
                    -0.8932759165763855,
                    0.44917771220207214,
                    1.8107678890228271
                ],
                [
                    4.6564122002656916e-10,
                    0.4492553472518921,
                    0.8933653831481934,
                    3.601419687271118
                ],
                [
                    0.0,
                    0.0,
                    0.0,
                    1.0
                ]
            ]
        },
        {
            "file_path": "./train/r_5",
            "rotation": 0.06283185307179587,
            "transform_matrix": [
                [
                    0.9159716963768005,
                    -0.087211012840271,
                    0.3915420174598694,
                    1.5784215927124023
                ],
                [
                    0.4011356830596924,
                    0.19914163649082184,
                    -0.8940650820732117,
                    -3.604240655899048
                ],
                [
                    0.0,
                    0.9760772585868835,
                    0.21739299595355988,
                    0.8763754367828369
                ],
                [
                    0.0,
                    0.0,
                    0.0,
                    1.0
                ]
            ]
        },
        {
            "file_path": "./train/r_6",
            "rotation": 0.06283185307179587,
            "transform_matrix": [
                [
                    -0.9880473613739014,
                    0.13996267318725586,
                    -0.06394264847040176,
                    -0.25777173042297363
                ],
                [
                    -0.15387240052223206,
                    -0.8987300395965576,
                    0.4105893075466156,
                    1.6552067995071411
                ],
                [
                    0.0,
                    0.4155535399913788,
                    0.9095301628112793,
                    3.6665847301483154
                ],
                [
                    0.0,
                    0.0,
                    0.0,
                    1.0
                ]
            ]
        },
        {
            "file_path": "./train/r_7",
            "rotation": 0.06283185307179587,
            "transform_matrix": [
                [
                    0.5263295769691467,
                    -0.4348756968975067,
                    0.7306097149848938,
                    2.945303440093994
                ],
                [
                    0.8502301573753357,
                    0.26920703053474426,
                    -0.45227929949760437,
                    -1.82327139377594
                ],
                [
                    0.0,
                    0.8593025207519531,
                    0.5114394426345825,
                    2.061763286590576
                ],
                [
                    0.0,
                    0.0,
                    0.0,
                    1.0
                ]
            ]
        },
        {
            "file_path": "./train/r_8",
            "rotation": 0.06283185307179587,
            "transform_matrix": [
                [
                    0.7036353945732117,
                    -0.2001679390668869,
                    0.6817248463630676,
                    2.748234272003174
                ],
                [
                    0.7105008363723755,
                    0.19823375344276428,
                    -0.6751375198364258,
                    -2.7216784954071045
                ],
                [
                    -1.4900521705385472e-08,
                    0.9594926834106445,
                    0.2817056179046631,
                    1.1356384754180908
                ],
                [
                    0.0,
                    0.0,
                    0.0,
                    1.0
                ]
            ]
        },
        {
            "file_path": "./train/r_9",
            "rotation": 0.06283185307179587,
            "transform_matrix": [
                [
                    -0.9982377290725708,
                    0.05426697060465813,
                    -0.02215496078133583,
                    -0.08931317925453186
                ],
                [
                    -0.05861331894993782,
                    -0.9242154955863953,
                    0.37731900811195374,
                    1.5210840702056885
                ],
                [
                    0.0,
                    0.3779824674129486,
                    0.9257737994194031,
                    3.732067108154297
                ],
                [
                    0.0,
                    0.0,
                    0.0,
                    1.0
                ]
            ]
        },
        {
            "file_path": "./train/r_10",
            "rotation": 0.06283185307179587,
            "transform_matrix": [
                [
                    0.6468714475631714,
                    0.20894208550453186,
                    -0.7333618998527527,
                    -2.9563987255096436
                ],
                [
                    -0.762542724609375,
                    0.1772473156452179,
                    -0.6221170425415039,
                    -2.5079379081726074
                ],
                [
                    -1.4900520817207052e-08,
                    0.9617257118225098,
                    0.2739853262901306,
                    1.104515790939331
                ],
                [
                    0.0,
                    0.0,
                    0.0,
                    1.0
                ]
            ]
        },
        {
            "file_path": "./train/r_11",
            "rotation": 0.06283185307179587,
            "transform_matrix": [
                [
                    -0.9862698912620544,
                    0.06103590503334999,
                    -0.15317003428936005,
                    -0.6174736618995667
                ],
                [
                    -0.16488204896450043,
                    -0.3650965690612793,
                    0.9162124395370483,
                    3.6935231685638428
                ],
                [
                    0.0,
                    0.9289612770080566,
                    0.3701499104499817,
                    1.4921836853027344
                ],
                [
                    0.0,
                    0.0,
                    0.0,
                    1.0
                ]
            ]
        },
        {
            "file_path": "./train/r_12",
            "rotation": 0.06283185307179587,
            "transform_matrix": [
                [
                    0.10718786716461182,
                    0.978201687335968,
                    -0.17781788110733032,
                    -0.7168363332748413
                ],
                [
                    -0.9941957592964172,
                    0.10546348989009857,
                    -0.01917119324207306,
                    -0.07728474587202072
                ],
                [
                    0.0,
                    0.17885464429855347,
                    0.9838347434997559,
                    3.966128349304199
                ],
                [
                    0.0,
                    0.0,
                    0.0,
                    1.0
                ]
            ]
        },
        {
            "file_path": "./train/r_13",
            "rotation": 0.06283185307179587,
            "transform_matrix": [
                [
                    0.9618392586708069,
                    -0.2711714804172516,
                    0.03537041321396828,
                    0.14258858561515808
                ],
                [
                    0.2734583914279938,
                    0.9537955522537231,
                    -0.12440888583660126,
                    -0.5015289783477783
                ],
                [
                    3.725130870435578e-09,
                    0.12934432923793793,
                    0.9915587902069092,
                    3.9972662925720215
                ],
                [
                    0.0,
                    0.0,
                    0.0,
                    1.0
                ]
            ]
        },
        {
            "file_path": "./train/r_14",
            "rotation": 0.06283185307179587,
            "transform_matrix": [
                [
                    0.9983028769493103,
                    0.04508030787110329,
                    -0.03568356856703758,
                    -0.14385099709033966
                ],
                [
                    -0.05749254301190376,
                    0.7827763557434082,
                    -0.6196109652519226,
                    -2.4978346824645996
                ],
                [
                    -1.8625651021508816e-09,
                    0.6206600666046143,
                    0.7840449213981628,
                    3.1607165336608887
                ],
                [
                    0.0,
                    0.0,
                    0.0,
                    1.0
                ]
            ]
        },
        {
            "file_path": "./train/r_15",
            "rotation": 0.06283185307179587,
            "transform_matrix": [
                [
                    -0.9829940795898438,
                    -0.16869725286960602,
                    0.07197428494691849,
                    0.29014962911605835
                ],
                [
                    0.1834036260843277,
                    -0.904171884059906,
                    0.3857628107070923,
                    1.5551239252090454
                ],
                [
                    0.0,
                    0.39243388175964355,
                    0.9197412729263306,
                    3.7077488899230957
                ],
                [
                    0.0,
                    0.0,
                    0.0,
                    1.0
                ]
            ]
        },
        {
            "file_path": "./train/r_16",
            "rotation": 0.06283185307179587,
            "transform_matrix": [
                [
                    0.0725797712802887,
                    0.8017836809158325,
                    -0.5931602120399475,
                    -2.3912038803100586
                ],
                [
                    -0.9973195195198059,
                    0.058349691331386566,
                    -0.04316714406013489,
                    -0.17401950061321259
                ],
                [
                    3.725130204301763e-09,
                    0.5947504043579102,
                    0.8038750290870667,
                    3.2406575679779053
                ],
                [
                    0.0,
                    0.0,
                    0.0,
                    1.0
                ]
            ]
        },
        {
            "file_path": "./train/r_17",
            "rotation": 0.06283185307179587,
            "transform_matrix": [
                [
                    0.7469099760055542,
                    0.40436264872550964,
                    -0.5277723670005798,
                    -2.1276063919067383
                ],
                [
                    -0.6648605465888977,
                    0.45426446199417114,
                    -0.5929039716720581,
                    -2.3901710510253906
                ],
                [
                    1.4900520817207052e-08,
                    0.793803870677948,
                    0.6081435680389404,
                    2.451606273651123
                ],
                [
                    0.0,
                    0.0,
                    0.0,
                    1.0
                ]
            ]
        },
        {
            "file_path": "./train/r_18",
            "rotation": 0.06283185307179587,
            "transform_matrix": [
                [
                    0.03802618384361267,
                    0.497536838054657,
                    -0.8665716648101807,
                    -3.4934065341949463
                ],
                [
                    -0.9992338418960571,
                    0.018933933228254318,
                    -0.03297767788171768,
                    -0.13294276595115662
                ],
                [
                    0.0,
                    0.8672304749488831,
                    0.4978788495063782,
                    2.007096767425537
                ],
                [
                    0.0,
                    0.0,
                    0.0,
                    1.0
                ]
            ]
        },
        {
            "file_path": "./train/r_19",
            "rotation": 0.06283185307179587,
            "transform_matrix": [
                [
                    0.9850955605506897,
                    -0.1611735224723816,
                    0.05938100814819336,
                    0.23938238620758057
                ],
                [
                    0.17175865173339844,
                    0.9243860840797424,
                    -0.34057068824768066,
                    -1.372941017150879
                ],
                [
                    0.0,
                    0.34572136402130127,
                    0.9382979273796082,
                    3.7825560569763184
                ],
                [
                    0.0,
                    0.0,
                    0.0,
                    1.0
                ]
            ]
        },
        {
            "file_path": "./train/r_20",
            "rotation": 0.06283185307179587,
            "transform_matrix": [
                [
                    -0.6476271152496338,
                    -0.5956882238388062,
                    0.47505423426628113,
                    1.915083885192871
                ],
                [
                    0.7619010806083679,
                    -0.5063436627388,
                    0.4038030505180359,
                    1.6278494596481323
                ],
                [
                    -2.9801043410770944e-08,
                    0.623507559299469,
                    0.7817825675010681,
                    3.1515965461730957
                ],
                [
                    0.0,
                    0.0,
                    0.0,
                    1.0
                ]
            ]
        },
        {
            "file_path": "./train/r_21",
            "rotation": 0.06283185307179587,
            "transform_matrix": [
                [
                    -0.8802165389060974,
                    -0.28085219860076904,
                    0.38244152069091797,
                    1.5417346954345703
                ],
                [
                    0.47448182106018066,
                    -0.5210120677947998,
                    0.7094715237617493,
                    2.8600893020629883
                ],
                [
                    1.4900520817207052e-08,
                    0.8060139417648315,
                    0.5918666124343872,
                    2.385989189147949
                ],
                [
                    0.0,
                    0.0,
                    0.0,
                    1.0
                ]
            ]
        },
        {
            "file_path": "./train/r_22",
            "rotation": 0.06283185307179587,
            "transform_matrix": [
                [
                    -0.638404130935669,
                    0.1410626918077469,
                    -0.7566102743148804,
                    -3.050119161605835
                ],
                [
                    -0.7696455717086792,
                    -0.11700839549303055,
                    0.627591609954834,
                    2.5300068855285645
                ],
                [
                    0.0,
                    0.9830566048622131,
                    0.18326814472675323,
                    0.7388079762458801
                ],
                [
                    0.0,
                    0.0,
                    0.0,
                    1.0
                ]
            ]
        },
        {
            "file_path": "./train/r_23",
            "rotation": 0.06283185307179587,
            "transform_matrix": [
                [
                    0.4602925181388855,
                    0.2961401343345642,
                    -0.8368720412254333,
                    -3.37367844581604
                ],
                [
                    -0.887718915939331,
                    0.1535520851612091,
                    -0.43392789363861084,
                    -1.7492915391921997
                ],
                [
                    -1.4900520817207052e-08,
                    0.9427157044410706,
                    0.333570271730423,
                    1.3447202444076538
                ],
                [
                    0.0,
                    0.0,
                    0.0,
                    1.0
                ]
            ]
        },
        {
            "file_path": "./train/r_24",
            "rotation": 0.06283185307179587,
            "transform_matrix": [
                [
                    0.3270992040634155,
                    0.670742392539978,
                    -0.6656278371810913,
                    -2.683342456817627
                ],
                [
                    -0.9449447393417358,
                    0.23218216001987457,
                    -0.23041172325611115,
                    -0.928857684135437
                ],
                [
                    0.0,
                    0.7044046521186829,
                    0.7097657918930054,
                    2.8612754344940186
                ],
                [
                    0.0,
                    0.0,
                    0.0,
                    1.0
                ]
            ]
        },
        {
            "file_path": "./train/r_25",
            "rotation": 0.06283185307179587,
            "transform_matrix": [
                [
                    0.5860916376113892,
                    0.6453448534011841,
                    -0.4898703396320343,
                    -1.9748120307922363
                ],
                [
                    -0.8101917505264282,
                    0.4668416678905487,
                    -0.354371577501297,
                    -1.4285764694213867
                ],
                [
                    0.0,
                    0.6046309471130371,
                    0.7964704632759094,
                    3.2108078002929688
                ],
                [
                    0.0,
                    0.0,
                    0.0,
                    1.0
                ]
            ]
        },
        {
            "file_path": "./train/r_26",
            "rotation": 0.06283185307179587,
            "transform_matrix": [
                [
                    0.9906142950057983,
                    -0.08423728495836258,
                    0.10724818706512451,
                    0.43234914541244507
                ],
                [
                    0.13637274503707886,
                    0.6119013428688049,
                    -0.7790530323982239,
                    -3.1405930519104004
                ],
                [
                    0.0,
                    0.7864291071891785,
                    0.6176499724388123,
                    2.489929437637329
                ],
                [
                    0.0,
                    0.0,
                    0.0,
                    1.0
                ]
            ]
        },
        {
            "file_path": "./train/r_27",
            "rotation": 0.06283185307179587,
            "transform_matrix": [
                [
                    0.2034357637166977,
                    0.6772221922874451,
                    -0.7070603966712952,
                    -2.850369453430176
                ],
                [
                    -0.979044497013092,
                    0.14072006940841675,
                    -0.14692015945911407,
                    -0.5922785401344299
                ],
                [
                    0.0,
                    0.7221896052360535,
                    0.6916627883911133,
                    2.788296937942505
                ],
                [
                    0.0,
                    0.0,
                    0.0,
                    1.0
                ]
            ]
        },
        {
            "file_path": "./train/r_28",
            "rotation": 0.06283185307179587,
            "transform_matrix": [
                [
                    -0.9994947910308838,
                    -0.029121683910489082,
                    0.008735881187021732,
                    0.03521691635251045
                ],
                [
                    0.030402686446905136,
                    -0.9573814868927002,
                    0.2871938943862915,
                    1.1577634811401367
                ],
                [
                    9.312824955642895e-10,
                    0.28733736276626587,
                    0.9577895402908325,
                    3.8611326217651367
                ],
                [
                    0.0,
                    0.0,
                    0.0,
                    1.0
                ]
            ]
        },
        {
            "file_path": "./train/r_29",
            "rotation": 0.06283185307179587,
            "transform_matrix": [
                [
                    -0.9342322945594788,
                    -0.1263962835073471,
                    0.3333911895751953,
                    1.3439984321594238
                ],
                [
                    0.35654473304748535,
                    -0.33118847012519836,
                    0.8735645413398743,
                    3.521596670150757
                ],
                [
                    7.450260852692736e-09,
                    0.935055136680603,
                    0.3544752597808838,
                    1.4289944171905518
                ],
                [
                    0.0,
                    0.0,
                    0.0,
                    1.0
                ]
            ]
        },
        {
            "file_path": "./train/r_30",
            "rotation": 0.06283185307179587,
            "transform_matrix": [
                [
                    -0.7852548956871033,
                    -0.3810364007949829,
                    0.48796728253364563,
                    1.9671403169631958
                ],
                [
                    0.6191034913063049,
                    -0.4832966923713684,
                    0.6189250349998474,
                    2.495069980621338
                ],
                [
                    -1.4900523481742312e-08,
                    0.788178563117981,
                    0.6154160499572754,
                    2.480924129486084
                ],
                [
                    0.0,
                    0.0,
                    0.0,
                    1.0
                ]
            ]
        },
        {
            "file_path": "./train/r_31",
            "rotation": 0.06283185307179587,
            "transform_matrix": [
                [
                    0.9969366192817688,
                    -0.04015355557203293,
                    0.06647853553295135,
                    0.26799464225769043
                ],
                [
                    0.07766316831111908,
                    0.5154380202293396,
                    -0.8533632159233093,
                    -3.4401590824127197
                ],
                [
                    0.0,
                    0.8559796810150146,
                    0.5169809460639954,
                    2.0841028690338135
                ],
                [
                    0.0,
                    0.0,
                    0.0,
                    1.0
                ]
            ]
        },
        {
            "file_path": "./train/r_32",
            "rotation": 0.06283185307179587,
            "transform_matrix": [
                [
                    0.8112656474113464,
                    0.13453219830989838,
                    -0.5689162611961365,
                    -2.2934694290161133
                ],
                [
                    -0.5846042633056641,
                    0.1866927146911621,
                    -0.789495050907135,
                    -3.182687759399414
                ],
                [
                    7.450260408603526e-09,
                    0.9731581807136536,
                    0.23010700941085815,
                    0.9276293516159058
                ],
                [
                    0.0,
                    0.0,
                    0.0,
                    1.0
                ]
            ]
        },
        {
            "file_path": "./train/r_33",
            "rotation": 0.06283185307179587,
            "transform_matrix": [
                [
                    0.982288122177124,
                    0.08846394717693329,
                    -0.16492146253585815,
                    -0.6648471355438232
                ],
                [
                    -0.18714775145053864,
                    0.46432340145111084,
                    -0.8656283020973206,
                    -3.4896035194396973
                ],
                [
                    -7.450260852692736e-09,
                    0.8812308311462402,
                    0.47265833616256714,
                    1.9054254293441772
                ],
                [
                    0.0,
                    0.0,
                    0.0,
                    1.0
                ]
            ]
        },
        {
            "file_path": "./train/r_34",
            "rotation": 0.06283185307179587,
            "transform_matrix": [
                [
                    0.6824446320533752,
                    0.7189701199531555,
                    -0.1315472275018692,
                    -0.5303056836128235
                ],
                [
                    -0.7308785319328308,
                    0.6713253259658813,
                    -0.12282982468605042,
                    -0.49516329169273376
                ],
                [
                    7.4502595204251065e-09,
                    0.1799839287996292,
                    0.9836287498474121,
                    3.9652979373931885
                ],
                [
                    0.0,
                    0.0,
                    0.0,
                    1.0
                ]
            ]
        },
        {
            "file_path": "./train/r_35",
            "rotation": 0.06283185307179587,
            "transform_matrix": [
                [
                    0.9821048974990845,
                    0.14450113475322723,
                    -0.12043781578540802,
                    -0.4855203926563263
                ],
                [
                    -0.1881069391965866,
                    0.7544393539428711,
                    -0.6288049817085266,
                    -2.534898519515991
                ],
                [
                    0.0,
                    0.640258252620697,
                    0.7681252956390381,
                    3.0965399742126465
                ],
                [
                    0.0,
                    0.0,
                    0.0,
                    1.0
                ]
            ]
        },
        {
            "file_path": "./train/r_36",
            "rotation": 0.06283185307179587,
            "transform_matrix": [
                [
                    0.24958020448684692,
                    0.956326425075531,
                    -0.15209583938121796,
                    -0.6131432056427002
                ],
                [
                    -0.968309760093689,
                    0.24649150669574738,
                    -0.03920244425535202,
                    -0.15803661942481995
                ],
                [
                    0.0,
                    0.15707261860370636,
                    0.9875462055206299,
                    3.9810903072357178
                ],
                [
                    0.0,
                    0.0,
                    0.0,
                    1.0
                ]
            ]
        },
        {
            "file_path": "./train/r_37",
            "rotation": 0.06283185307179587,
            "transform_matrix": [
                [
                    0.9568667411804199,
                    -0.13702191412448883,
                    0.2560214400291443,
                    1.0320980548858643
                ],
                [
                    0.29037967324256897,
                    0.4515182077884674,
                    -0.8436485528945923,
                    -3.400996685028076
                ],
                [
                    -7.450261740871156e-09,
                    0.8816723823547363,
                    0.4718342125415802,
                    1.902103066444397
                ],
                [
                    0.0,
                    0.0,
                    0.0,
                    1.0
                ]
            ]
        },
        {
            "file_path": "./train/r_38",
            "rotation": 0.06283185307179587,
            "transform_matrix": [
                [
                    -0.6293940544128418,
                    0.21359315514564514,
                    -0.7471014261245728,
                    -3.011786699295044
                ],
                [
                    -0.7770311832427979,
                    -0.17301014065742493,
                    0.6051510572433472,
                    2.439542531967163
                ],
                [
                    0.0,
                    0.9614756107330322,
                    0.2748619019985199,
                    1.1080495119094849
                ],
                [
                    0.0,
                    0.0,
                    0.0,
                    1.0
                ]
            ]
        },
        {
            "file_path": "./train/r_39",
            "rotation": 0.06283185307179587,
            "transform_matrix": [
                [
                    -0.6348698139190674,
                    -0.7314081788063049,
                    0.24887202680110931,
                    1.0032767057418823
                ],
                [
                    0.772563636302948,
                    -0.601049542427063,
                    0.20451565086841583,
                    0.8244630098342896
                ],
                [
                    0.0,
                    0.3221356272697449,
                    0.9466538429260254,
                    3.8162412643432617
                ],
                [
                    0.0,
                    0.0,
                    0.0,
                    1.0
                ]
            ]
        },
        {
            "file_path": "./train/r_40",
            "rotation": 0.06283185307179587,
            "transform_matrix": [
                [
                    -0.04570930451154709,
                    0.8998056650161743,
                    -0.4338621497154236,
                    -1.7490265369415283
                ],
                [
                    -0.9989119172096252,
                    -0.04117430001497269,
                    0.0198531411588192,
                    0.08003388345241547
                ],
                [
                    0.0,
                    0.4343319535255432,
                    0.9007145762443542,
                    3.631046772003174
                ],
                [
                    0.0,
                    0.0,
                    0.0,
                    1.0
                ]
            ]
        },
        {
            "file_path": "./train/r_41",
            "rotation": 0.06283185307179587,
            "transform_matrix": [
                [
                    0.9987579584121704,
                    0.04748554900288582,
                    -0.011924895457923412,
                    -0.048072777688503265
                ],
                [
                    -0.048958245664834976,
                    0.9687147736549377,
                    -0.24327027797698975,
                    -0.9806943535804749
                ],
                [
                    -9.312827176088945e-10,
                    0.24357102811336517,
                    0.9698426723480225,
                    3.909722328186035
                ],
                [
                    0.0,
                    0.0,
                    0.0,
                    1.0
                ]
            ]
        },
        {
            "file_path": "./train/r_42",
            "rotation": 0.06283185307179587,
            "transform_matrix": [
                [
                    -0.46205753087997437,
                    -0.8046201467514038,
                    0.37289804220199585,
                    1.5032620429992676
                ],
                [
                    0.8868016600608826,
                    -0.4192378520965576,
                    0.19429410994052887,
                    0.7832569479942322
                ],
                [
                    0.0,
                    0.42049482464790344,
                    0.9072564840316772,
                    3.657418727874756
                ],
                [
                    0.0,
                    0.0,
                    0.0,
                    1.0
                ]
            ]
        },
        {
            "file_path": "./train/r_43",
            "rotation": 0.06283185307179587,
            "transform_matrix": [
                [
                    0.44274091720581055,
                    0.5846992135047913,
                    -0.6797417998313904,
                    -2.7402400970458984
                ],
                [
                    -0.8966017961502075,
                    0.28872379660606384,
                    -0.33565571904182434,
                    -1.353127360343933
                ],
                [
                    1.4900523481742312e-08,
                    0.7581261992454529,
                    0.6520764231681824,
                    2.6287126541137695
                ],
                [
                    0.0,
                    0.0,
                    0.0,
                    1.0
                ]
            ]
        },
