{
    "camera_angle_x": 0.6911112070083618,
    "frames": [
        {
            "file_path": "./train/r_0",
            "rotation": 0.06283185307179587,
            "transform_matrix": [
                [
                    -0.01868865080177784,
                    0.3223249018192291,
                    -0.9464049339294434,
                    -3.8152379989624023
                ],
                [
                    -0.9997824430465698,
                    -0.006025128997862339,
                    0.017690882086753845,
                    0.0713171735405922
                ],
                [
                    -4.65641303293296e-10,
                    0.9466046094894409,
                    0.3223695158958435,
                    1.2995667457580566
                ],
                [
                    0.0,
                    0.0,
                    0.0,
                    1.0
                ]
            ]
        },
        {
            "file_path": "./train/r_1",
            "rotation": 0.06283185307179587,
            "transform_matrix": [
                [
                    0.5887107253074646,
                    -0.3822253942489624,
                    0.712215006351471,
                    2.8711493015289307
                ],
                [
                    0.8082906603813171,
                    0.27839019894599915,
                    -0.5187349319458008,
                    -2.0911738872528076
                ],
                [
                    0.0,
                    0.8811314105987549,
                    0.47284364700317383,
                    1.906172513961792
                ],
                [
                    0.0,
                    0.0,
                    0.0,
                    1.0
                ]
            ]
        },
        {
            "file_path": "./train/r_2",
            "rotation": 0.06283185307179587,
            "transform_matrix": [
                [
                    -0.10376181453466415,
                    -0.9812639951705933,
                    0.1623014360666275,
                    0.6542850732803345
                ],
                [
                    0.9945590496063232,
                    -0.10237474739551544,
                    0.01693282090127468,
                    0.06826120615005493
                ],
                [
                    1.862565213173184e-09,
                    0.1631884127855301,
                    0.9865540266036987,
                    3.977090835571289
                ],
                [
                    0.0,
                    0.0,
                    0.0,
                    1.0
                ]
            ]
        },
        {
            "file_path": "./train/r_3",
            "rotation": 0.06283185307179587,
            "transform_matrix": [
                [
                    0.9997527599334717,
                    -0.01666293479502201,
                    0.011447030119597912,
                    0.04614636301994324
                ],
                [
                    0.02021550014615059,
                    0.8240614533424377,
                    -0.5661101937294006,
                    -2.2821574211120605
                ],
                [
                    0.0,
                    0.5662464499473572,
                    0.8241999745368958,
                    3.3225934505462646
                ],
                [
                    0.0,
                    0.0,
                    0.0,
                    1.0
                ]
            ]
        },
        {
            "file_path": "./train/r_4",
            "rotation": 0.06283185307179587,
            "transform_matrix": [
                [
                    0.7727066278457642,
                    0.49237942695617676,
                    -0.40052464604377747,
                    -1.6146332025527954
                ],
                [
                    -0.6346956491470337,
                    0.599444568157196,
                    -0.48761647939682007,
                    -1.9657261371612549
                ],
                [
                    -1.4900519929028633e-08,
                    0.6310456991195679,
                    0.7757109999656677,
                    3.12712025642395
                ],
                [
                    0.0,
                    0.0,
                    0.0,
                    1.0
                ]
            ]
        },
        {
            "file_path": "./train/r_5",
            "rotation": 0.06283185307179587,
            "transform_matrix": [
                [
                    -0.9916475415229797,
                    -0.018812065944075584,
                    0.12726148962974548,
                    0.5130286812782288
                ],
                [
                    0.12864407896995544,
                    -0.1450120359659195,
                    0.9809898734092712,
                    3.954659938812256
                ],
                [
                    1.862565213173184e-09,
                    0.9892459511756897,
                    0.14622187614440918,
                    0.5894635915756226
                ],
                [
                    0.0,
                    0.0,
                    0.0,
                    1.0
                ]
            ]
        },
        {
            "file_path": "./train/r_6",
            "rotation": 0.06283185307179587,
            "transform_matrix": [
                [
                    0.511606752872467,
                    -0.830957293510437,
                    0.2184835821390152,
                    0.8807718753814697
                ],
                [
                    0.8591697216033936,
                    0.4948072135448456,
                    -0.13009963929653168,
                    -0.5244700908660889
                ],
                [
                    0.0,
                    0.2542944550514221,
                    0.9670865535736084,
                    3.898611545562744
                ],
                [
                    0.0,
                    0.0,
                    0.0,
                    1.0
                ]
            ]
        },
        {
            "file_path": "./train/r_7",
            "rotation": 0.06283185307179587,
            "transform_matrix": [
                [
                    -0.6449058651924133,
                    -0.3982718586921692,
                    0.6522296667098999,
                    2.6293303966522217
                ],
                [
                    0.7642058730125427,
                    -0.33609774708747864,
                    0.550410270690918,
                    2.2188663482666016
                ],
                [
                    0.0,
                    0.8534680604934692,
                    0.5211165547370911,
                    2.1007747650146484
                ],
                [
                    0.0,
                    0.0,
                    0.0,
                    1.0
                ]
            ]
        },
        {
            "file_path": "./train/r_8",
            "rotation": 0.06283185307179587,
            "transform_matrix": [
                [
                    -0.9843180179595947,
                    -0.08635496348142624,
                    0.15354378521442413,
                    0.618980348110199
                ],
                [
                    0.17615966498851776,
                    -0.48252102732658386,
                    0.8579484224319458,
                    3.4586434364318848
                ],
                [
                    0.0,
                    0.8716111183166504,
                    0.4901697337627411,
                    1.9760189056396484
                ],
                [
                    0.0,
                    0.0,
                    0.0,
                    1.0
                ]
            ]
        },
        {
            "file_path": "./train/r_9",
            "rotation": 0.06283185307179587,
            "transform_matrix": [
                [
                    -0.017251336947083473,
                    -0.8290651440620422,
                    0.5588565468788147,
                    2.252915859222412
                ],
                [
                    0.9998082518577576,
                    -0.01430522557348013,
                    0.009642871096730232,
                    0.03887326270341873
                ],
                [
                    0.0,
                    0.5589600205421448,
                    0.8291584253311157,
                    3.3425827026367188
                ],
                [
                    0.0,
                    0.0,
                    0.0,
                    1.0
                ]
            ]
        },
        {
            "file_path": "./train/r_10",
            "rotation": 0.06283185307179587,
            "transform_matrix": [
                [
                    -0.2822141945362091,
                    0.41591644287109375,
                    -0.8644642233848572,
                    -3.484910726547241
                ],
                [
                    -0.9593067169189453,
                    -0.12235662341117859,
                    0.2543129026889801,
                    1.0252103805541992
                ],
                [
                    -7.450260852692736e-09,
                    0.9011282920837402,
                    0.43352508544921875,
                    1.747667670249939
                ],
                [
                    0.0,
                    0.0,
                    0.0,
                    1.0
                ]
            ]
        },
        {
            "file_path": "./train/r_11",
            "rotation": 0.06283185307179587,
            "transform_matrix": [
                [
                    -0.4509730637073517,
                    -0.7044920325279236,
                    0.5479664206504822,
                    2.209014654159546
                ],
                [
                    0.892489492893219,
                    -0.3559783101081848,
                    0.2768862545490265,
                    1.1162103414535522
                ],
                [
                    1.4900521705385472e-08,
                    0.6139711737632751,
                    0.7892934679985046,
                    3.181875228881836
                ],
                [
                    0.0,
                    0.0,
                    0.0,
                    1.0
                ]
            ]
        },
        {
            "file_path": "./train/r_12",
            "rotation": 0.06283185307179587,
            "transform_matrix": [
                [
                    0.7344744801521301,
                    -0.5135820508003235,
                    0.44352611899375916,
                    1.787984848022461
                ],
                [
                    0.6785730123519897,
                    0.5558913946151733,
                    -0.4800642430782318,
                    -1.9352807998657227
                ],
                [
                    1.4900522593563892e-08,
                    0.6536116003990173,
                    0.7567960619926453,
                    3.050868511199951
                ],
                [
                    0.0,
                    0.0,
                    0.0,
                    1.0
                ]
            ]
        },
        {
            "file_path": "./train/r_13",
            "rotation": 0.06283185307179587,
            "transform_matrix": [
                [
                    0.9638577103614807,
                    0.09454954415559769,
                    -0.24890537559986115,
                    -1.0034109354019165
                ],
                [
                    -0.2662566602230072,
                    0.3422723710536957,
                    -0.9010454416275024,
                    -3.6323797702789307
                ],
                [
                    -7.450260408603526e-09,
                    0.9348261952400208,
                    0.35507872700691223,
                    1.431427001953125
                ],
                [
                    0.0,
                    0.0,
                    0.0,
                    1.0
                ]
            ]
        },
        {
            "file_path": "./train/r_14",
            "rotation": 0.06283185307179587,
            "transform_matrix": [
                [
                    0.7676165699958801,
                    0.5711173415184021,
                    -0.2907387912273407,
                    -1.1720538139343262
                ],
                [
                    -0.6408424377441406,
                    0.6840981841087341,
                    -0.34825393557548523,
                    -1.403914451599121
                ],
                [
                    0.0,
                    0.4536791443824768,
                    0.8911271691322327,
                    3.5923967361450195
                ],
                [
                    0.0,
                    0.0,
                    0.0,
                    1.0
                ]
            ]
        },
        {
            "file_path": "./train/r_15",
            "rotation": 0.06283185307179587,
            "transform_matrix": [
                [
                    0.41887134313583374,
                    0.5459900498390198,
                    -0.7255204916000366,
                    -2.924787759780884
                ],
                [
                    -0.9079983234405518,
                    0.2518722712993622,
                    -0.33469197154045105,
                    -1.3492423295974731
                ],
                [
                    -1.4900522593563892e-08,
                    0.7990276217460632,
                    0.6012640595436096,
                    2.42387318611145
                ],
                [
                    0.0,
                    0.0,
                    0.0,
                    1.0
                ]
            ]
        },
        {
            "file_path": "./train/r_16",
            "rotation": 0.06283185307179587,
            "transform_matrix": [
                [
                    -0.7804366946220398,
                    0.19214628636837006,
                    -0.5949088335037231,
                    -2.3982532024383545
                ],
                [
                    -0.6251661777496338,
                    -0.23986905813217163,
                    0.7426643967628479,
                    2.9938995838165283
                ],
                [
                    0.0,
                    0.9515947103500366,
                    0.3073280155658722,
                    1.2389299869537354
                ],
                [
                    0.0,
                    0.0,
                    0.0,
                    1.0
                ]
            ]
        },
        {
            "file_path": "./train/r_17",
            "rotation": 0.06283185307179587,
            "transform_matrix": [
                [
                    0.40093275904655457,
                    0.5720990300178528,
                    -0.7154691815376282,
                    -2.884268045425415
                ],
                [
                    -0.9160606265068054,
                    0.250390887260437,
                    -0.31313976645469666,
                    -1.2623590230941772
                ],
                [
                    0.0,
                    0.7810230851173401,
                    0.6244714260101318,
                    2.5174288749694824
                ],
                [
                    0.0,
                    0.0,
                    0.0,
                    1.0
                ]
            ]
        },
        {
            "file_path": "./train/r_18",
            "rotation": 0.06283185307179587,
            "transform_matrix": [
                [
                    0.35172057151794434,
                    -0.5416314005851746,
                    0.7634569406509399,
                    3.0777201652526855
                ],
                [
                    0.9360592365264893,
                    0.20351585745811462,
                    -0.2868659198284149,
                    -1.1564412117004395
                ],
                [
                    0.0,
                    0.8156020045280457,
                    0.5785836577415466,
                    2.3324413299560547
                ],
                [
                    0.0,
                    0.0,
                    0.0,
                    1.0
                ]
            ]
        },
        {
            "file_path": "./train/r_19",
            "rotation": 0.06283185307179587,
            "transform_matrix": [
                [
                    -0.7983003854751587,
                    -0.4177316129207611,
                    0.43375658988952637,
                    1.748600721359253
                ],
                [
                    0.602188229560852,
                    -0.5537726283073425,
                    0.5750163197517395,
                    2.3180606365203857
                ],
                [
                    1.4900520817207052e-08,
                    0.7202958464622498,
                    0.693634569644928,
                    2.796245574951172
                ],
                [
                    0.0,
                    0.0,
                    0.0,
                    1.0
                ]
            ]
        },
        {
            "file_path": "./train/r_20",
            "rotation": 0.06283185307179587,
            "transform_matrix": [
                [
                    -0.3109770119190216,
                    0.2943006157875061,
                    -0.9036612510681152,
                    -3.64292573928833
                ],
                [
                    -0.9503722190856934,
                    -0.09629988670349121,
                    0.29569244384765625,
                    1.1920236349105835
                ],
                [
                    -7.450260408603526e-09,
                    0.9508435130119324,
                    0.3096442222595215,
                    1.248267412185669
                ],
                [
                    0.0,
                    0.0,
                    0.0,
                    1.0
                ]
            ]
        },
        {
            "file_path": "./train/r_21",
            "rotation": 0.06283185307179587,
            "transform_matrix": [
                [
                    0.021890802308917046,
                    -0.816365659236908,
                    0.5770907998085022,
                    2.3264236450195312
                ],
                [
                    0.9997174143791199,
                    0.017875950783491135,
                    -0.012636551633477211,
                    -0.050941672176122665
                ],
                [
                    0.0,
                    0.577250063419342,
                    0.8165315985679626,
                    3.291680097579956
                ],
                [
                    0.0,
                    0.0,
                    0.0,
                    1.0
                ]
            ]
        },
        {
            "file_path": "./train/r_22",
            "rotation": 0.06283185307179587,
            "transform_matrix": [
                [
                    -0.9984763264656067,
                    -0.016778048127889633,
                    0.051747459918260574,
                    0.20860929787158966
                ],
                [
                    0.05439919978380203,
                    -0.3079546093940735,
                    0.9498046636581421,
                    3.8289432525634766
                ],
                [
                    0.0,
                    0.9512476921081543,
                    0.30840015411376953,
                    1.2432520389556885
                ],
                [
                    0.0,
                    0.0,
                    0.0,
                    1.0
                ]
            ]
        },
        {
            "file_path": "./train/r_23",
            "rotation": 0.06283185307179587,
            "transform_matrix": [
                [
                    -0.7077356576919556,
                    0.29610389471054077,
                    -0.6413695216178894,
                    -2.585549831390381
                ],
                [
                    -0.7064165472984314,
                    -0.2966568171977997,
                    0.6425671577453613,
                    2.5903780460357666
                ],
                [
                    0.0,
                    0.9079136252403259,
                    0.4191300868988037,
                    1.6896371841430664
                ],
                [
                    0.0,
                    0.0,
                    0.0,
                    1.0
                ]
            ]
        },
        {
            "file_path": "./train/r_24",
            "rotation": 0.06283185307179587,
            "transform_matrix": [
                [
                    -0.05116137117147446,
                    0.7294740080833435,
                    -0.6820602416992188,
                    -2.749586343765259
                ],
                [
                    -0.9986474514007568,
                    -0.0373714342713356,
                    0.03494240343570709,
                    0.14086315035820007
                ],
                [
                    1.8625651021508816e-09,
                    0.6829795241355896,
                    0.7304041385650635,
                    2.944474935531616
                ],
                [
                    0.0,
                    0.0,
                    0.0,
                    1.0
                ]
            ]
        },
        {
            "file_path": "./train/r_25",
            "rotation": 0.06283185307179587,
            "transform_matrix": [
                [
                    0.14898814260959625,
                    -0.26481664180755615,
                    0.9526789784431458,
                    3.8405301570892334
                ],
                [
                    0.9887956380844116,
                    0.03990161418914795,
                    -0.1435462236404419,
                    -0.5786771774291992
                ],
                [
                    0.0,
                    0.9634676575660706,
                    0.2677961587905884,
                    1.079565405845642
                ],
                [
                    0.0,
                    0.0,
                    0.0,
                    1.0
                ]
            ]
        },
        {
            "file_path": "./train/r_26",
            "rotation": 0.06283185307179587,
            "transform_matrix": [
                [
                    0.8447843790054321,
                    0.41054996848106384,
                    -0.34309685230255127,
                    -1.3831247091293335
                ],
                [
                    -0.5350267291069031,
                    0.6482409238815308,
                    -0.5417353510856628,
                    -2.1838951110839844
                ],
                [
                    -2.9801043410770944e-08,
                    0.6412662863731384,
                    0.767284095287323,
                    3.093148708343506
                ],
                [
                    0.0,
                    0.0,
                    0.0,
                    1.0
                ]
            ]
        },
        {
            "file_path": "./train/r_27",
            "rotation": 0.06283185307179587,
            "transform_matrix": [
                [
                    0.8932567238807678,
                    -0.3397446572780609,
                    0.29426077008247375,
                    1.1862521171569824
                ],
                [
                    0.4494516849517822,
                    0.6752209067344666,
                    -0.5848246216773987,
                    -2.357600688934326
                ],
                [
                    0.0,
                    0.6547062993049622,
                    0.755849301815033,
                    3.0470519065856934
                ],
                [
                    0.0,
                    0.0,
                    0.0,
                    1.0
                ]
            ]
        },
        {
            "file_path": "./train/r_28",
            "rotation": 0.06283185307179587,
            "transform_matrix": [
                [
                    0.1392066478729248,
                    0.38210147619247437,
                    -0.913536012172699,
                    -3.6827332973480225
                ],
                [
                    -0.9902200698852539,
                    0.05371640622615814,
                    -0.12842629849910736,
                    -0.5177242755889893
                ],
                [
                    -3.725130426346368e-09,
                    0.9225525259971619,
                    0.38584473729133606,
                    1.5554540157318115
                ],
                [
                    0.0,
                    0.0,
                    0.0,
                    1.0
                ]
            ]
        },
        {
            "file_path": "./train/r_29",
            "rotation": 0.06283185307179587,
            "transform_matrix": [
                [
                    0.6883977651596069,
                    -0.6027377247810364,
                    0.4034326672554016,
                    1.6263563632965088
                ],
                [
                    0.7252742052078247,
                    0.5720916390419006,
                    -0.38292020559310913,
                    -1.5436646938323975
                ],
                [
                    0.0,
                    0.5562447905540466,
                    0.8309821486473083,
                    3.3499348163604736
                ],
                [
                    0.0,
                    0.0,
                    0.0,
                    1.0
                ]
            ]
        },
        {
            "file_path": "./train/r_30",
            "rotation": 0.06283185307179587,
            "transform_matrix": [
                [
                    0.5498465299606323,
                    0.8177327513694763,
                    -0.17013777792453766,
                    -0.685875654220581
                ],
                [
                    -0.835214376449585,
                    0.5383378863334656,
                    -0.1120067909359932,
                    -0.4515324532985687
                ],
                [
                    -7.450260852692736e-09,
                    0.2037041038274765,
                    0.9789918065071106,
                    3.9466052055358887
                ],
                [
                    0.0,
                    0.0,
                    0.0,
                    1.0
                ]
            ]
        },
        {
            "file_path": "./train/r_31",
            "rotation": 0.06283185307179587,
            "transform_matrix": [
                [
                    -0.5803589224815369,
                    0.1062057688832283,
                    -0.8073542714118958,
                    -3.25468373298645
                ],
                [
                    -0.8143081665039062,
                    -0.0756930485367775,
                    0.5754029154777527,
                    2.3196191787719727
                ],
                [
                    0.0,
                    0.9914539456367493,
                    0.130414217710495,
                    0.5257382988929749
                ],
                [
                    0.0,
                    0.0,
                    0.0,
                    1.0
                ]
            ]
        },
        {
            "file_path": "./train/r_32",
            "rotation": 0.06283185307179587,
            "transform_matrix": [
                [
                    0.3182470202445984,
                    0.7488894462585449,
                    -0.5812410116195679,
                    -2.343154191970825
                ],
                [
                    -0.9479625225067139,
                    0.25141480565071106,
                    -0.19513241946697235,
                    -0.7866364121437073
                ],
                [
                    -1.4900521705385472e-08,
                    0.6131435632705688,
                    0.7899364829063416,
                    3.184467315673828
                ],
                [
                    0.0,
                    0.0,
                    0.0,
                    1.0
                ]
            ]
        },
        {
            "file_path": "./train/r_33",
            "rotation": 0.06283185307179587,
            "transform_matrix": [
                [
                    -0.8489500284194946,
                    -0.3839802145957947,
                    0.3629996180534363,
                    1.4633586406707764
                ],
                [
                    0.5283918380737305,
                    -0.6169285774230957,
                    0.5832197070121765,
                    2.351130962371826
                ],
                [
                    1.4900522593563892e-08,
                    0.6869848370552063,
                    0.7266383767127991,
                    2.9292941093444824
                ],
                [
                    0.0,
                    0.0,
                    0.0,
                    1.0
                ]
            ]
        },
        {
            "file_path": "./train/r_34",
            "rotation": 0.06283185307179587,
            "transform_matrix": [
                [
                    0.9787402153015137,
                    -0.048825956881046295,
                    0.19899272918701172,
                    0.8021985292434692
                ],
                [
                    0.2048945426940918,
                    0.2332318127155304,
                    -0.9505484104156494,
                    -3.831941604614258
                ],
                [
                    0.0,
                    0.9711894392967224,
                    0.2382790893316269,
                    0.9605734348297119
                ],
                [
                    0.0,
                    0.0,
                    0.0,
                    1.0
                ]
            ]
        },
        {
            "file_path": "./train/r_35",
            "rotation": 0.06283185307179587,
            "transform_matrix": [
                [
                    0.969506561756134,
                    -0.2447277456521988,
                    0.00917581282556057,
                    0.03699041157960892
                ],
                [
                    0.24489042162895203,
                    0.9688625335693359,
                    -0.03632649406790733,
                    -0.14644283056259155
                ],
                [
                    0.0,
                    0.037468865513801575,
                    0.9992564916610718,
                    4.028298377990723
                ],
                [
                    0.0,
                    0.0,
                    0.0,
                    1.0
                ]
            ]
        },
        {
            "file_path": "./train/r_36",
            "rotation": 0.06283185307179587,
            "transform_matrix": [
                [
                    0.5757084488868713,
                    0.44911906123161316,
                    -0.6832150220870972,
                    -2.754241704940796
                ],
                [
                    -0.8176024556159973,
                    0.3162436783313751,
                    -0.4810805022716522,
                    -1.939377784729004
                ],
                [
                    0.0,
                    0.8356267213821411,
                    0.5492686629295349,
                    2.214264392852783
                ],
                [
                    0.0,
                    0.0,
                    0.0,
                    1.0
                ]
            ]
        },
        {
            "file_path": "./train/r_37",
            "rotation": 0.06283185307179587,
            "transform_matrix": [
                [
                    0.646639883518219,
                    -0.3217151165008545,
                    0.6915778517723083,
                    2.787954568862915
                ],
                [
                    0.7627391815185547,
                    0.27274566888809204,
                    -0.5863102078437805,
                    -2.3635895252227783
                ],
                [
                    -1.4900520817207052e-08,
                    0.9066969156265259,
                    0.42175573110580444,
                    1.7002218961715698
                ],
                [
                    0.0,
                    0.0,
                    0.0,
                    1.0
                ]
            ]
        },
        {
            "file_path": "./train/r_38",
            "rotation": 0.06283185307179587,
            "transform_matrix": [
                [
                    0.9274047017097473,
                    0.317169725894928,
                    -0.1981053203344345,
                    -0.7986210584640503
                ],
                [
                    -0.37394464015960693,
                    0.7865996360778809,
                    -0.4913128614425659,
                    -1.9806272983551025
                ],
                [
                    1.4900520817207052e-08,
                    0.5297682881355286,
                    0.8481057286262512,
                    3.4189648628234863
                ],
                [
                    0.0,
                    0.0,
                    0.0,
                    1.0
                ]
            ]
        },
        {
            "file_path": "./train/r_39",
            "rotation": 0.06283185307179587,
            "transform_matrix": [
                [
                    -0.995612621307373,
                    0.03318914398550987,
                    -0.08699482679367065,
                    -0.35070183873176575
                ],
                [
                    -0.09311020374298096,
                    -0.3548862636089325,
                    0.9302217960357666,
                    3.7499990463256836
                ],
                [
                    -1.8625651021508816e-09,
                    0.9343148469924927,
                    0.3564218580722809,
                    1.4368418455123901
                ],
                [
                    0.0,
                    0.0,
                    0.0,
                    1.0
                ]
            ]
        },
        {
            "file_path": "./train/r_40",
            "rotation": 0.06283185307179587,
            "transform_matrix": [
                [
                    0.927364706993103,
                    -0.15124119818210602,
                    0.34210678935050964,
                    1.3791333436965942
                ],
                [
                    0.37404385209083557,
                    0.3749714195728302,
                    -0.848183274269104,
                    -3.4192771911621094
                ],
                [
                    0.0,
                    0.9146105647087097,
                    0.4043087959289551,
                    1.6298881769180298
                ],
                [
                    0.0,
                    0.0,
                    0.0,
                    1.0
                ]
            ]
        },
        {
            "file_path": "./train/r_41",
            "rotation": 0.06283185307179587,
            "transform_matrix": [
                [
                    0.543342649936676,
                    -0.1516759693622589,
                    0.8256460428237915,
                    3.328423023223877
                ],
                [
                    0.8394600749015808,
                    0.09817264974117279,
                    -0.534401535987854,
                    -2.1543304920196533
                ],
                [
                    7.450261740871156e-09,
                    0.9835377931594849,
                    0.180668443441391,
                    0.7283278703689575
                ],
                [
                    0.0,
                    0.0,
                    0.0,
                    1.0
                ]
            ]
        },
        {
            "file_path": "./train/r_42",
            "rotation": 0.06283185307179587,
            "transform_matrix": [
                [
                    0.8459300398826599,
                    0.19160881638526917,
                    -0.49760034680366516,
                    -2.005974054336548
                ],
                [
                    -0.5332133173942566,
                    0.30398276448249817,
                    -0.7894309163093567,
                    -3.182429313659668
                ],
                [
                    0.0,
                    0.9332045316696167,
                    0.35931888222694397,
                    1.448520541191101
                ],
                [
                    0.0,
                    0.0,
                    0.0,
                    1.0
                ]
            ]
        },
        {
            "file_path": "./train/r_43",
            "rotation": 0.06283185307179587,
            "transform_matrix": [
                [
                    -0.1526283323764801,
                    0.24053624272346497,
                    -0.9585241079330444,
                    -3.864093780517578
                ],
                [
                    -0.9882401823997498,
                    -0.03714951500296593,
                    0.1480388343334198,
                    0.596788227558136
                ],
                [
                    -3.725130204301763e-09,
                    0.9699239134788513,
                    0.24337925016880035,
                    0.9811336994171143
                ],
                [
                    0.0,
                    0.0,
                    0.0,
                    1.0
                ]
            ]
        },
        {
