{
    "camera_angle_x": 0.6911112070083618,
    "frames": [
        {
            "file_path": "./train/r_0",
            "rotation": 0.06283185307179587,
            "transform_matrix": [
                [
                    0.2697788178920746,
                    0.7855055928230286,
                    -0.556922197341919,
                    -2.245117664337158
                ],
                [
                    -0.9628778696060181,
                    0.22008270025253296,
                    -0.15603826940059662,
                    -0.6290363073348999
                ],
                [
                    7.450260852692736e-09,
                    0.578389585018158,
                    0.8157250285148621,
                    3.2884280681610107
                ],
                [
                    0.0,
                    0.0,
                    0.0,
                    1.0
                ]
            ]
        },
        {
            "file_path": "./train/r_1",
            "rotation": 0.06283185307179587,
            "transform_matrix": [
                [
                    -0.11689504235982895,
                    -0.40196362137794495,
                    0.9081243872642517,
                    3.6609175205230713
                ],
                [
                    0.9931010603904724,
                    -0.04731396958231926,
                    0.1068926751613617,
                    0.4309159517288208
                ],
                [
                    0.0,
                    0.914426863193512,
                    0.40472397208213806,
                    1.6315618753433228
                ],
                [
                    0.0,
                    0.0,
                    0.0,
                    1.0
                ]
            ]
        },
        {
            "file_path": "./train/r_2",
            "rotation": 0.06283185307179587,
            "transform_matrix": [
                [
                    0.5871636271476746,
                    0.37857988476753235,
                    -0.7154318690299988,
                    -2.884117364883423
                ],
                [
                    -0.8094152212142944,
                    0.27462831139564514,
                    -0.5189864635467529,
                    -2.0921878814697266
                ],
                [
                    0.0,
                    0.8838815093040466,
                    0.46768319606781006,
                    1.885369062423706
                ],
                [
                    0.0,
                    0.0,
                    0.0,
                    1.0
                ]
            ]
        },
        {
            "file_path": "./train/r_3",
            "rotation": 0.06283185307179587,
            "transform_matrix": [
                [
                    0.7659714221954346,
                    0.13194291293621063,
                    -0.6291229724884033,
                    -2.536180257797241
                ],
                [
                    -0.6428079009056091,
                    0.15722347795963287,
                    -0.7496644258499146,
                    -3.02211856842041
                ],
                [
                    -7.450260852692736e-09,
                    0.9787042140960693,
                    0.20524398982524872,
                    0.8273991346359253
                ],
                [
                    0.0,
                    0.0,
                    0.0,
                    1.0
                ]
            ]
        },
        {
            "file_path": "./train/r_4",
            "rotation": 0.06283185307179587,
            "transform_matrix": [
                [
                    0.7808193564414978,
                    -0.3046254813671112,
                    0.545386791229248,
                    2.198615312576294
                ],
                [
                    0.6246883273124695,
                    0.3807618021965027,
                    -0.6816976070404053,
                    -2.748124361038208
                ],
                [
                    0.0,
                    0.8730484843254089,
                    0.48760539293289185,
                    1.9656814336776733
                ],
                [
                    0.0,
                    0.0,
                    0.0,
                    1.0
                ]
            ]
        },
        {
            "file_path": "./train/r_5",
            "rotation": 0.06283185307179587,
            "transform_matrix": [
                [
                    -0.9341785907745361,
                    0.18170055747032166,
                    -0.3069399893283844,
                    -1.23736572265625
                ],
                [
                    -0.3566853404045105,
                    -0.4758837819099426,
                    0.8038927912712097,
                    3.2407290935516357
                ],
                [
                    0.0,
                    0.8605285286903381,
                    0.5093737840652466,
                    2.053436279296875
                ],
                [
                    0.0,
                    0.0,
                    0.0,
                    1.0
                ]
            ]
        },
        {
            "file_path": "./train/r_6",
            "rotation": 0.06283185307179587,
            "transform_matrix": [
                [
                    -0.038741208612918854,
                    -0.22737999260425568,
                    0.9729946255683899,
                    3.922428846359253
                ],
                [
                    0.9992063641548157,
                    -0.00881597213447094,
                    0.03772492706775665,
                    0.15208032727241516
                ],
                [
                    0.0,
                    0.9737610816955566,
                    0.22754254937171936,
                    0.9172912836074829
                ],
                [
                    0.0,
                    0.0,
                    0.0,
                    1.0
                ]
            ]
        },
        {
            "file_path": "./train/r_7",
            "rotation": 0.06283185307179587,
            "transform_matrix": [
                [
                    -0.9228897094726562,
                    -0.25827282667160034,
                    0.28546327352523804,
                    1.1507867574691772
                ],
                [
                    0.38495302200317383,
                    -0.6191855072975159,
                    0.6843721270561218,
                    2.758906126022339
                ],
                [
                    -1.4900522593563892e-08,
                    0.7415485382080078,
                    0.6708673238754272,
                    2.7044641971588135
                ],
                [
                    0.0,
                    0.0,
                    0.0,
                    1.0
                ]
            ]
        },
        {
            "file_path": "./train/r_8",
            "rotation": 0.06283185307179587,
            "transform_matrix": [
                [
                    -0.9967577457427979,
                    -0.04886072501540184,
                    0.06325185298919678,
                    0.25498688220977783
                ],
                [
                    0.07992479205131531,
                    -0.609351634979248,
                    0.7888262867927551,
                    3.1799914836883545
                ],
                [
                    -3.725129982257158e-09,
                    0.7913867831230164,
                    0.6112853288650513,
                    2.4642715454101562
                ],
                [
                    0.0,
                    0.0,
                    0.0,
                    1.0
                ]
            ]
        },
        {
            "file_path": "./train/r_9",
            "rotation": 0.06283185307179587,
            "transform_matrix": [
                [
                    0.10537929087877274,
                    -0.7584033608436584,
                    0.6431785821914673,
                    2.5928430557250977
                ],
                [
                    0.9943890571594238,
                    0.08037097007036209,
                    -0.06816014647483826,
                    -0.2747736871242523
                ],
                [
                    -3.725130870435578e-09,
                    0.6468035578727722,
                    0.7626222968101501,
                    3.0743558406829834
                ],
                [
                    0.0,
                    0.0,
                    0.0,
                    1.0
                ]
            ]
        },
        {
            "file_path": "./train/r_10",
            "rotation": 0.06283185307179587,
            "transform_matrix": [
                [
                    0.1495043784379959,
                    -0.8681156039237976,
                    0.4732818603515625,
                    1.9079389572143555
                ],
                [
                    0.9887176752090454,
                    0.13126809895038605,
                    -0.07156513631343842,
                    -0.28850021958351135
                ],
                [
                    3.725130870435578e-09,
                    0.478679358959198,
                    0.8779522180557251,
                    3.5392847061157227
                ],
                [
                    0.0,
                    0.0,
                    0.0,
                    1.0
                ]
            ]
        },
        {
            "file_path": "./train/r_11",
            "rotation": 0.06283185307179587,
            "transform_matrix": [
                [
                    0.772266685962677,
                    0.441270649433136,
                    -0.45696166157722473,
                    -1.8421474695205688
                ],
                [
                    -0.6352308988571167,
                    0.5364641547203064,
                    -0.555540144443512,
                    -2.239546537399292
                ],
                [
                    -1.4900520817207052e-08,
                    0.7193584442138672,
                    0.6946067214012146,
                    2.8001649379730225
                ],
                [
                    0.0,
                    0.0,
                    0.0,
                    1.0
                ]
            ]
        },
        {
            "file_path": "./train/r_12",
            "rotation": 0.06283185307179587,
            "transform_matrix": [
                [
                    -0.1935034692287445,
                    -0.4263746440410614,
                    0.8835675120353699,
                    3.5619215965270996
                ],
                [
                    0.9810558557510376,
                    -0.08409813791513443,
                    0.17427486181259155,
                    0.7025534510612488
                ],
                [
                    0.0,
                    0.900623083114624,
                    0.4345735013484955,
                    1.7518941164016724
                ],
                [
                    0.0,
                    0.0,
                    0.0,
                    1.0
                ]
            ]
        },
        {
            "file_path": "./train/r_13",
            "rotation": 0.06283185307179587,
            "transform_matrix": [
                [
                    -0.937420666217804,
                    -0.08252754807472229,
                    0.3381519317626953,
                    1.3631900548934937
                ],
                [
                    0.3480755686759949,
                    -0.2222592979669571,
                    0.9106948375701904,
                    3.671279191970825
                ],
                [
                    7.450259964514316e-09,
                    0.9714833498001099,
                    0.23707790672779083,
                    0.9557309150695801
                ],
                [
                    0.0,
                    0.0,
                    0.0,
                    1.0
                ]
            ]
        },
        {
            "file_path": "./train/r_14",
            "rotation": 0.06283185307179587,
            "transform_matrix": [
                [
                    0.8467645049095154,
                    -0.14668260514736176,
                    0.5112638473510742,
                    2.0610551834106445
                ],
                [
                    0.5318871736526489,
                    0.23351873457431793,
                    -0.8139321804046631,
                    -3.281200647354126
                ],
                [
                    7.450259964514316e-09,
                    0.9612194895744324,
                    0.2757558524608612,
                    1.111653208732605
                ],
                [
                    0.0,
                    0.0,
                    0.0,
                    1.0
                ]
            ]
        },
        {
            "file_path": "./train/r_15",
            "rotation": 0.06283185307179587,
            "transform_matrix": [
                [
                    0.7927976846694946,
                    -0.46824145317077637,
                    0.3900679647922516,
                    1.5724791288375854
                ],
                [
                    0.6094144582748413,
                    0.6091433167457581,
                    -0.5074461102485657,
                    -2.0456650257110596
                ],
                [
                    0.0,
                    0.6400658488273621,
                    0.7682856917381287,
                    3.09718656539917
                ],
                [
                    0.0,
                    0.0,
                    0.0,
                    1.0
                ]
            ]
        },
        {
            "file_path": "./train/r_16",
            "rotation": 0.06283185307179587,
            "transform_matrix": [
                [
                    -0.6898049712181091,
                    -0.603327214717865,
                    0.40013444423675537,
                    1.6130602359771729
                ],
                [
                    0.7239359617233276,
                    -0.5748825669288635,
                    0.38126957416534424,
                    1.5370101928710938
                ],
                [
                    0.0,
                    0.5527171492576599,
                    0.8333325982093811,
                    3.359410047531128
                ],
                [
                    0.0,
                    0.0,
                    0.0,
                    1.0
                ]
            ]
        },
        {
            "file_path": "./train/r_17",
            "rotation": 0.06283185307179587,
            "transform_matrix": [
                [
                    -0.5249869227409363,
                    -0.7897785305976868,
                    0.3171756863594055,
                    1.278628945350647
                ],
                [
                    0.8510597944259644,
                    -0.4871848523616791,
                    0.19565382599830627,
                    0.7887383699417114
                ],
                [
                    0.0,
                    0.3726806938648224,
                    0.9279205799102783,
                    3.7407219409942627
                ],
                [
                    0.0,
                    0.0,
                    0.0,
                    1.0
                ]
            ]
        },
        {
            "file_path": "./train/r_18",
            "rotation": 0.06283185307179587,
            "transform_matrix": [
                [
                    -0.16084277629852295,
                    -0.15867727994918823,
                    0.9740996956825256,
                    3.9268836975097656
                ],
                [
                    0.9869364500045776,
                    -0.02585991472005844,
                    0.1587507426738739,
                    0.639971137046814
                ],
                [
                    -1.8625651021508816e-09,
                    0.9869865775108337,
                    0.1607648730278015,
                    0.6480907201766968
                ],
                [
                    0.0,
                    0.0,
                    0.0,
                    1.0
                ]
            ]
        },
        {
            "file_path": "./train/r_19",
            "rotation": 0.06283185307179587,
            "transform_matrix": [
                [
                    0.4361330270767212,
                    -0.49294906854629517,
                    0.7528104782104492,
                    3.034801483154297
                ],
                [
                    0.8998345136642456,
                    0.23892323672771454,
                    -0.3648732006549835,
                    -1.4709117412567139
                ],
                [
                    0.0,
                    0.8366044759750366,
                    0.5477784276008606,
                    2.208256721496582
                ],
                [
                    0.0,
                    0.0,
                    0.0,
                    1.0
                ]
            ]
        },
        {
            "file_path": "./train/r_20",
            "rotation": 0.06283185307179587,
            "transform_matrix": [
                [
                    -0.2868252694606781,
                    -0.224363312125206,
                    0.9312965273857117,
                    3.754331350326538
                ],
                [
                    0.9579380750656128,
                    -0.06717873364686966,
                    0.2788482904434204,
                    1.124119758605957
                ],
                [
                    -7.450260408603526e-09,
                    0.9721820950508118,
                    0.23419629037380219,
                    0.9441144466400146
                ],
                [
                    0.0,
                    0.0,
                    0.0,
                    1.0
                ]
            ]
        },
        {
            "file_path": "./train/r_21",
            "rotation": 0.06283185307179587,
            "transform_matrix": [
                [
                    0.9344733953475952,
                    -0.31916970014572144,
                    0.1575193554162979,
                    0.6350070834159851
                ],
                [
                    0.3559127151966095,
                    0.83800208568573,
                    -0.4135778844356537,
                    -1.6672546863555908
                ],
                [
                    0.0,
                    0.442575603723526,
                    0.8966929912567139,
                    3.6148345470428467
                ],
                [
                    0.0,
                    0.0,
                    0.0,
                    1.0
                ]
            ]
        },
        {
            "file_path": "./train/r_22",
            "rotation": 0.06283185307179587,
            "transform_matrix": [
                [
                    0.6874778866767883,
                    -0.30906960368156433,
                    0.6570942997932434,
                    2.6489412784576416
                ],
                [
                    0.7261462807655334,
                    0.2926112115383148,
                    -0.6221030354499817,
                    -2.5078811645507812
                ],
                [
                    -1.4900523481742312e-08,
                    0.9049004316329956,
                    0.4255962371826172,
                    1.7157042026519775
                ],
                [
                    0.0,
                    0.0,
                    0.0,
                    1.0
                ]
            ]
        },
        {
            "file_path": "./train/r_23",
            "rotation": 0.06283185307179587,
            "transform_matrix": [
                [
                    0.9088931083679199,
                    -0.35106366872787476,
                    0.2249252200126648,
                    0.9067400097846985
                ],
                [
                    0.4169262945652008,
                    0.7653135657310486,
                    -0.490333616733551,
                    -1.9766795635223389
                ],
                [
                    0.0,
                    0.5394806861877441,
                    0.8419613838195801,
                    3.394195079803467
                ],
                [
                    0.0,
                    0.0,
                    0.0,
                    1.0
                ]
            ]
        },
        {
            "file_path": "./train/r_24",
            "rotation": 0.06283185307179587,
            "transform_matrix": [
                [
                    0.9337262511253357,
                    0.16945138573646545,
                    -0.31521129608154297,
                    -1.2707099914550781
                ],
                [
                    -0.35786792635917664,
                    0.44212183356285095,
                    -0.8224292993545532,
                    -3.315455675125122
                ],
                [
                    0.0,
                    0.8807976245880127,
                    0.47346508502960205,
                    1.9086776971817017
                ],
                [
                    0.0,
                    0.0,
                    0.0,
                    1.0
                ]
            ]
        },
        {
            "file_path": "./train/r_25",
            "rotation": 0.06283185307179587,
            "transform_matrix": [
                [
                    0.9403045773506165,
                    0.1628766804933548,
                    -0.2986887991428375,
                    -1.2041025161743164
                ],
                [
                    -0.3402079939842224,
                    0.4501765966415405,
                    -0.8255491852760315,
                    -3.3280320167541504
                ],
                [
                    0.0,
                    0.8779533505439758,
                    0.4787183403968811,
                    1.9298547506332397
                ],
                [
                    0.0,
                    0.0,
                    0.0,
                    1.0
                ]
            ]
        },
        {
            "file_path": "./train/r_26",
            "rotation": 0.06283185307179587,
            "transform_matrix": [
                [
                    -0.786883533000946,
                    -0.40954509377479553,
                    0.4615352749824524,
                    1.8605849742889404
                ],
                [
                    0.6170321106910706,
                    -0.5222812294960022,
                    0.5885828137397766,
                    2.372750997543335
                ],
                [
                    2.9801046963484623e-08,
                    0.7479873299598694,
                    0.6636813879013062,
                    2.6754956245422363
                ],
                [
                    0.0,
                    0.0,
                    0.0,
                    1.0
                ]
            ]
        },
        {
            "file_path": "./train/r_27",
            "rotation": 0.06283185307179587,
            "transform_matrix": [
                [
                    0.6071138978004456,
                    -0.7933809757232666,
                    0.04383259639143944,
                    0.17670214176177979
                ],
                [
                    0.7945609092712402,
                    0.606212317943573,
                    -0.03349193185567856,
                    -0.13501586019992828
                ],
                [
                    1.862565213173184e-09,
                    0.055165041238069534,
                    0.9984360337257385,
                    4.024990558624268
                ],
                [
                    0.0,
                    0.0,
                    0.0,
                    1.0
                ]
            ]
        },
        {
            "file_path": "./train/r_28",
            "rotation": 0.06283185307179587,
            "transform_matrix": [
                [
                    -0.2515324056148529,
                    -0.287055641412735,
                    0.9242584109306335,
                    3.725958824157715
                ],
                [
                    0.9678045511245728,
                    -0.07460576295852661,
                    0.2402147650718689,
                    0.9683766961097717
                ],
                [
                    7.450261740871156e-09,
                    0.9549989104270935,
                    0.296581506729126,
                    1.1956076622009277
                ],
                [
                    0.0,
                    0.0,
                    0.0,
                    1.0
                ]
            ]
        },
        {
            "file_path": "./train/r_29",
            "rotation": 0.06283185307179587,
            "transform_matrix": [
                [
                    0.9987430572509766,
                    -0.04869837313890457,
                    0.007423723116517067,
                    0.029927220195531845
                ],
                [
                    0.04925914853811264,
                    0.9873731732368469,
                    -0.15051807463169098,
                    -0.6067827939987183
                ],
                [
                    0.0,
                    0.15070629119873047,
                    0.9885376691818237,
                    3.9850871562957764
                ],
                [
                    0.0,
                    0.0,
                    0.0,
                    1.0
                ]
            ]
        },
        {
            "file_path": "./train/r_30",
            "rotation": 0.06283185307179587,
            "transform_matrix": [
                [
                    -0.9940130114555359,
                    -0.10607096552848816,
                    0.024533700197935104,
                    0.09890258312225342
                ],
                [
                    0.10886732488870621,
                    -0.9684808254241943,
                    0.22400492429733276,
                    0.9030299186706543
                ],
                [
                    0.0,
                    0.22535254061222076,
                    0.9742368459701538,
                    3.927436113357544
                ],
                [
                    0.0,
                    0.0,
                    0.0,
                    1.0
                ]
            ]
        },
        {
            "file_path": "./train/r_31",
            "rotation": 0.06283185307179587,
            "transform_matrix": [
                [
                    -0.4354395866394043,
                    0.47863683104515076,
                    -0.7623860836029053,
                    -3.0734035968780518
                ],
                [
                    -0.9001703262329102,
                    -0.2315310835838318,
                    0.3687891960144043,
                    1.4866982698440552
                ],
                [
                    1.4900522593563892e-08,
                    0.8469297885894775,
                    0.5316758751869202,
                    2.1433427333831787
                ],
                [
                    0.0,
                    0.0,
                    0.0,
                    1.0
                ]
            ]
        },
        {
            "file_path": "./train/r_32",
            "rotation": 0.06283185307179587,
            "transform_matrix": [
                [
                    -0.7978307604789734,
                    0.6016209721565247,
                    -0.03820961341261864,
                    -0.15403422713279724
                ],
                [
                    -0.6028103828430176,
                    -0.7962563633918762,
                    0.050571125000715256,
                    0.2038671374320984
                ],
                [
                    1.862565435217789e-09,
                    0.06338576227426529,
                    0.9979478716850281,
                    4.023022651672363
                ],
                [
                    0.0,
                    0.0,
                    0.0,
                    1.0
                ]
            ]
        },
        {
            "file_path": "./train/r_33",
            "rotation": 0.06283185307179587,
            "transform_matrix": [
                [
                    0.4101109206676483,
                    -0.8630183935165405,
                    0.29492247104644775,
                    1.1889195442199707
                ],
                [
                    0.9119885563850403,
                    0.3880895674228668,
                    -0.13262328505516052,
                    -0.5346435904502869
                ],
                [
                    0.0,
                    0.32338181138038635,
                    0.9462289810180664,
                    3.814528465270996
                ],
                [
                    0.0,
                    0.0,
                    0.0,
                    1.0
                ]
            ]
        },
        {
            "file_path": "./train/r_34",
            "rotation": 0.06283185307179587,
            "transform_matrix": [
                [
                    -0.9858099818229675,
                    -0.08184164762496948,
                    0.14627178013324738,
                    0.5896647572517395
                ],
                [
                    0.16760940849781036,
                    -0.4813591241836548,
                    0.8603108525276184,
                    3.4681668281555176
                ],
                [
                    7.450260852692736e-09,
                    0.8726886510848999,
                    0.488249272108078,
                    1.9682769775390625
                ],
                [
                    0.0,
                    0.0,
                    0.0,
                    1.0
                ]
            ]
        },
        {
            "file_path": "./train/r_35",
            "rotation": 0.06283185307179587,
            "transform_matrix": [
                [
                    0.8256530165672302,
                    -0.0967680811882019,
                    0.5557417273521423,
                    2.240359306335449
                ],
                [
                    0.5641022324562073,
                    0.14163541793823242,
                    -0.8134161233901978,
                    -3.279120922088623
                ],
                [
                    7.450260852692736e-09,
                    0.9851726293563843,
                    0.17152994871139526,
                    0.6914879083633423
                ],
                [
                    0.0,
                    0.0,
                    0.0,
                    1.0
                ]
            ]
        },
        {
            "file_path": "./train/r_36",
            "rotation": 0.06283185307179587,
            "transform_matrix": [
                [
                    0.13974519073963165,
                    -0.6485937833786011,
                    0.7481613159179688,
                    3.016059160232544
                ],
                [
                    0.9901441335678101,
                    0.09154006093740463,
                    -0.10559264570474625,
                    -0.4256751537322998
                ],
                [
                    0.0,
                    0.7556034326553345,
                    0.6549980044364929,
                    2.6404902935028076
                ],
                [
                    0.0,
                    0.0,
                    0.0,
                    1.0
                ]
            ]
        },
        {
            "file_path": "./train/r_37",
            "rotation": 0.06283185307179587,
            "transform_matrix": [
                [
                    -0.25758102536201477,
                    0.9363424777984619,
                    -0.23852767050266266,
                    -0.9615753889083862
                ],
                [
                    -0.9662122130393982,
                    -0.24961808323860168,
                    0.0635887160897255,
                    0.25634488463401794
                ],
                [
                    3.725130204301763e-09,
                    0.24686695635318756,
                    0.9690090417861938,
                    3.9063613414764404
                ],
                [
                    0.0,
                    0.0,
                    0.0,
                    1.0
                ]
            ]
        },
        {
            "file_path": "./train/r_38",
            "rotation": 0.06283185307179587,
            "transform_matrix": [
                [
                    0.898525059223175,
                    0.3579092025756836,
                    -0.25392454862594604,
                    -1.0236449241638184
                ],
                [
                    -0.43882429599761963,
                    0.7328454256057739,
                    -0.5199291706085205,
                    -2.0959882736206055
                ],
                [
                    -1.4900521705385472e-08,
                    0.5786434412002563,
                    0.8155447244644165,
                    3.2877018451690674
                ],
                [
                    0.0,
                    0.0,
                    0.0,
                    1.0
                ]
            ]
        },
        {
            "file_path": "./train/r_39",
            "rotation": 0.06283185307179587,
            "transform_matrix": [
                [
                    0.9048386812210083,
                    0.28967979550361633,
                    -0.31188705563545227,
                    -1.257308840751648
                ],
                [
                    -0.42565393447875977,
                    0.6157901287078857,
                    -0.6629974842071533,
                    -2.672738552093506
                ],
                [
                    0.0,
                    0.7327196002006531,
                    0.680498480796814,
                    2.743290424346924
                ],
                [
                    0.0,
                    0.0,
                    0.0,
                    1.0
                ]
            ]
        },
        {
            "file_path": "./train/r_40",
            "rotation": 0.06283185307179587,
            "transform_matrix": [
                [
                    -0.847649335861206,
                    -0.3350639045238495,
                    0.4112735688686371,
                    1.657965064048767
                ],
                [
                    0.5304758548736572,
                    -0.5353997945785522,
                    0.657175600528717,
                    2.649268627166748
                ],
                [
                    -1.4900519929028633e-08,
                    0.7752864956855774,
                    0.631578803062439,
                    2.5460805892944336
                ],
                [
                    0.0,
                    0.0,
                    0.0,
                    1.0
                ]
            ]
        },
        {
            "file_path": "./train/r_41",
            "rotation": 0.06283185307179587,
            "transform_matrix": [
                [
                    0.9987626075744629,
                    0.01200361829251051,
                    -0.047364600002765656,
                    -0.19094069302082062
                ],
                [
                    -0.0488617867231369,
                    0.24536077678203583,
                    -0.9681592583656311,
                    -3.9029359817504883
                ],
                [
                    0.0,
                    0.9693524241447449,
                    0.24564528465270996,
                    0.9902687072753906
                ],
                [
                    0.0,
                    0.0,
                    0.0,
                    1.0
                ]
            ]
        },
        {
            "file_path": "./train/r_42",
            "rotation": 0.06283185307179587,
            "transform_matrix": [
                [
                    -0.6244837641716003,
                    -0.2778131663799286,
                    0.7299052476882935,
                    2.9424633979797363
                ],
                [
                    0.7809828519821167,
                    -0.22214293479919434,
                    0.583641529083252,
                    2.3528313636779785
                ],
                [
                    -1.4900521705385472e-08,
                    0.9345920085906982,
                    0.35569435358047485,
                    1.4339089393615723
                ],
                [
                    0.0,
                    0.0,
                    0.0,
                    1.0
                ]
            ]
        },
        {
            "file_path": "./train/r_43",
            "rotation": 0.06283185307179587,
            "transform_matrix": [
                [
                    0.9562945365905762,
                    -0.046712134033441544,
                    0.2885015606880188,
                    1.1630350351333618
                ],
                [
                    0.29225799441337585,
                    0.1528463512659073,
                    -0.9440032243728638,
                    -3.805555820465088
                ],
                [
                    -3.725130204301763e-09,
                    0.9871402978897095,
                    0.15981918573379517,
                    0.644278347492218
                ],
                [
                    0.0,
                    0.0,
                    0.0,
                    1.0
                ]
            ]
