{
    "camera_angle_x": 0.6911112070083618,
    "frames": [
        {
            "file_path": "./train/r_0",
            "rotation": 0.06283185307179587,
            "transform_matrix": [
                [
                    0.9477664828300476,
                    -0.14135409891605377,
                    0.28578630089759827,
                    1.15208899974823
                ],
                [
                    0.3188307285308838,
                    0.42019373178482056,
                    -0.8495375514030457,
                    -3.424736976623535
                ],
                [
                    -7.450261740871156e-09,
                    0.8963516354560852,
                    0.44331642985343933,
                    1.7871394157409668
                ],
                [
                    0.0,
                    0.0,
                    0.0,
                    1.0
                ]
            ]
        },
        {
            "file_path": "./train/r_1",
            "rotation": 0.06283185307179587,
            "transform_matrix": [
                [
                    -0.7754307389259338,
                    0.47996729612350464,
                    -0.4102080762386322,
                    -1.653669834136963
                ],
                [
                    -0.6313645839691162,
                    -0.5894873142242432,
                    0.5038102865219116,
                    2.031007766723633
                ],
                [
                    -1.4900519040850213e-08,
                    0.649712324142456,
                    0.7601460814476013,
                    3.064373016357422
                ],
                [
                    0.0,
                    0.0,
                    0.0,
                    1.0
                ]
            ]
        },
        {
            "file_path": "./train/r_2",
            "rotation": 0.06283185307179587,
            "transform_matrix": [
                [
                    0.9768489599227905,
                    0.16015556454658508,
                    -0.14153607189655304,
                    -0.5705736875534058
                ],
                [
                    -0.2137293815612793,
                    0.7319901585578918,
                    -0.6468898057937622,
                    -2.6078038215637207
                ],
                [
                    7.450260408603526e-09,
                    0.6622164845466614,
                    0.7492786645889282,
                    3.0205636024475098
                ],
                [
                    0.0,
                    0.0,
                    0.0,
                    1.0
                ]
            ]
        },
        {
            "file_path": "./train/r_3",
            "rotation": 0.06283185307179587,
            "transform_matrix": [
                [
                    0.18864762783050537,
                    -0.639900267124176,
                    0.7449072003364563,
                    3.0029408931732178
                ],
                [
                    0.9820011258125305,
                    0.12292822450399399,
                    -0.14310060441493988,
                    -0.5768808126449585
                ],
                [
                    0.0,
                    0.7585553526878357,
                    0.6515772342681885,
                    2.6267004013061523
                ],
                [
                    0.0,
                    0.0,
                    0.0,
                    1.0
                ]
            ]
        },
        {
            "file_path": "./train/r_4",
            "rotation": 0.06283185307179587,
            "transform_matrix": [
                [
                    0.5033865571022034,
                    0.11742235720157623,
                    -0.8559974431991577,
                    -3.4507782459259033
                ],
                [
                    -0.8640115857124329,
                    0.06841207295656204,
                    -0.49871736764907837,
                    -2.01047682762146
                ],
                [
                    -7.4502595204251065e-09,
                    0.9907178282737732,
                    0.13589291274547577,
                    0.5478244423866272
                ],
                [
                    0.0,
                    0.0,
                    0.0,
                    1.0
                ]
            ]
        },
        {
            "file_path": "./train/r_5",
            "rotation": 0.06283185307179587,
            "transform_matrix": [
                [
                    0.03001532331109047,
                    0.44933682680130005,
                    -0.8928199410438538,
                    -3.5992209911346436
                ],
                [
                    -0.9995065927505493,
                    0.013493647798895836,
                    -0.02681150659918785,
                    -0.10808511078357697
                ],
                [
                    9.312827176088945e-10,
                    0.893254816532135,
                    0.44952309131622314,
                    1.8121603727340698
                ],
                [
                    0.0,
                    0.0,
                    0.0,
                    1.0
                ]
            ]
        },
        {
            "file_path": "./train/r_6",
            "rotation": 0.06283185307179587,
            "transform_matrix": [
                [
                    0.9764137864112854,
                    -0.08646468818187714,
                    0.19762267172336578,
                    0.7966753840446472
                ],
                [
                    0.21570853888988495,
                    0.3913860619068146,
                    -0.8945474028587341,
                    -3.606184959411621
                ],
                [
                    0.0,
                    0.9161498546600342,
                    0.4008086025714874,
                    1.6157779693603516
                ],
                [
                    0.0,
                    0.0,
                    0.0,
                    1.0
                ]
            ]
        },
        {
            "file_path": "./train/r_7",
            "rotation": 0.06283185307179587,
            "transform_matrix": [
                [
                    0.7683894634246826,
                    -0.4807138741016388,
                    0.4224027693271637,
                    1.7028303146362305
                ],
                [
                    0.6399155259132385,
                    0.577225387096405,
                    -0.5072073340415955,
                    -2.0447025299072266
                ],
                [
                    0.0,
                    0.6600871086120605,
                    0.7511551380157471,
                    3.028128147125244
                ],
                [
                    0.0,
                    0.0,
                    0.0,
                    1.0
                ]
            ]
        },
        {
            "file_path": "./train/r_8",
            "rotation": 0.06283185307179587,
            "transform_matrix": [
                [
                    0.34399980306625366,
                    0.1363506019115448,
                    -0.9289730787277222,
                    -3.744965076446533
                ],
                [
                    -0.9389240145683289,
                    0.049955666065216064,
                    -0.34035399556159973,
                    -1.3720675706863403
                ],
                [
                    0.0,
                    0.989395260810852,
                    0.14520853757858276,
                    0.5853785276412964
                ],
                [
                    0.0,
                    0.0,
                    0.0,
                    1.0
                ]
            ]
        },
        {
            "file_path": "./train/r_9",
            "rotation": 0.06283185307179587,
            "transform_matrix": [
                [
                    0.6633144021034241,
                    -0.5834649205207825,
                    0.46853315830230713,
                    1.8887956142425537
                ],
                [
                    0.7482834458351135,
                    0.517211377620697,
                    -0.4153302311897278,
                    -1.6743190288543701
                ],
                [
                    -4.470156156344274e-08,
                    0.6261398196220398,
                    0.7796760201454163,
                    3.1431045532226562
                ],
                [
                    0.0,
                    0.0,
                    0.0,
                    1.0
                ]
            ]
        },
        {
            "file_path": "./train/r_10",
            "rotation": 0.06283185307179587,
            "transform_matrix": [
                [
                    -0.9662913680076599,
                    0.21971164643764496,
                    -0.13388745486736298,
                    -0.5397399067878723
                ],
                [
                    -0.25728458166122437,
                    -0.8251776695251465,
                    0.5028451681137085,
                    2.0271172523498535
                ],
                [
                    0.0,
                    0.5203831791877747,
                    0.8538959622383118,
                    3.4423067569732666
                ],
                [
                    0.0,
                    0.0,
                    0.0,
                    1.0
                ]
            ]
        },
        {
            "file_path": "./train/r_11",
            "rotation": 0.06283185307179587,
            "transform_matrix": [
                [
                    0.3785759508609772,
                    0.3835565149784088,
                    -0.8423135876655579,
                    -3.3956151008605957
                ],
                [
                    -0.9255238175392151,
                    0.15688982605934143,
                    -0.34453967213630676,
                    -1.3889412879943848
                ],
                [
                    0.0,
                    0.9100878834724426,
                    0.41438814997673035,
                    1.6705210208892822
                ],
                [
                    0.0,
                    0.0,
                    0.0,
                    1.0
                ]
            ]
        },
        {
            "file_path": "./train/r_12",
            "rotation": 0.06283185307179587,
            "transform_matrix": [
                [
                    -0.36413776874542236,
                    -0.28820815682411194,
                    0.885586142539978,
                    3.570059299468994
                ],
                [
                    0.9312990307807922,
                    -0.11268933862447739,
                    0.3462640345096588,
                    1.3958925008773804
                ],
                [
                    0.0,
                    0.9509086012840271,
                    0.30944448709487915,
                    1.2474620342254639
                ],
                [
                    0.0,
                    0.0,
                    0.0,
                    1.0
                ]
            ]
        },
        {
            "file_path": "./train/r_13",
            "rotation": 0.06283185307179587,
            "transform_matrix": [
                [
                    0.23663651943206787,
                    -0.5350731015205383,
                    0.8109488487243652,
                    3.269174098968506
                ],
                [
                    0.9715541005134583,
                    0.130325049161911,
                    -0.1975187063217163,
                    -0.7962562441825867
                ],
                [
                    0.0,
                    0.8346867561340332,
                    0.5506957769393921,
                    2.220017194747925
                ],
                [
                    0.0,
                    0.0,
                    0.0,
                    1.0
                ]
            ]
        },
        {
            "file_path": "./train/r_14",
            "rotation": 0.06283185307179587,
            "transform_matrix": [
                [
                    -0.6638450026512146,
                    -0.737636148929596,
                    0.12311816960573196,
                    0.4963257312774658
                ],
                [
                    0.7478127479553223,
                    -0.6548110842704773,
                    0.10929390788078308,
                    0.4405960440635681
                ],
                [
                    7.450261296781946e-09,
                    0.1646367609500885,
                    0.9863133430480957,
                    3.976120710372925
                ],
                [
                    0.0,
                    0.0,
                    0.0,
                    1.0
                ]
            ]
        },
        {
            "file_path": "./train/r_15",
            "rotation": 0.06283185307179587,
            "transform_matrix": [
                [
                    -0.9543566703796387,
                    -0.2950766086578369,
                    0.04532073438167572,
                    0.1827012598514557
                ],
                [
                    0.29852572083473206,
                    -0.9433303475379944,
                    0.1448858380317688,
                    0.5840775966644287
                ],
                [
                    0.0,
                    0.15181435644626617,
                    0.9883681535720825,
                    3.9844038486480713
                ],
                [
                    0.0,
                    0.0,
                    0.0,
                    1.0
                ]
            ]
        },
        {
            "file_path": "./train/r_16",
            "rotation": 0.06283185307179587,
            "transform_matrix": [
                [
                    -0.916290819644928,
                    0.12094917893409729,
                    -0.38170430064201355,
                    -1.5387628078460693
                ],
                [
                    -0.40040647983551025,
                    -0.27678030729293823,
                    0.8734928369522095,
                    3.5213077068328857
                ],
                [
                    7.450261296781946e-09,
                    0.953285813331604,
                    0.3020420968532562,
                    1.2176209688186646
                ],
                [
                    0.0,
                    0.0,
                    0.0,
                    1.0
                ]
            ]
        },
        {
            "file_path": "./train/r_17",
            "rotation": 0.06283185307179587,
            "transform_matrix": [
                [
                    -0.438850462436676,
                    -0.8895112872123718,
                    0.12709859013557434,
                    0.5123718976974487
                ],
                [
                    0.8985122442245483,
                    -0.4344542324542999,
                    0.062077369540929794,
                    0.2502521872520447
                ],
                [
                    0.0,
                    0.14145337045192719,
                    0.98990398645401,
                    3.9905948638916016
                ],
                [
                    0.0,
                    0.0,
                    0.0,
                    1.0
                ]
            ]
        },
        {
            "file_path": "./train/r_18",
            "rotation": 0.06283185307179587,
            "transform_matrix": [
                [
                    0.5322564840316772,
                    -0.7318178415298462,
                    0.4255596399307251,
                    1.7155565023422241
                ],
                [
                    0.84653240442276,
                    0.46012982726097107,
                    -0.26757025718688965,
                    -1.0786546468734741
                ],
                [
                    0.0,
                    0.5027058720588684,
                    0.8644204139709473,
                    3.484733819961548
                ],
                [
                    0.0,
                    0.0,
                    0.0,
                    1.0
                ]
            ]
        },
        {
            "file_path": "./train/r_19",
            "rotation": 0.06283185307179587,
            "transform_matrix": [
                [
                    -0.848913848400116,
                    -0.2243303805589676,
                    0.47847673296928406,
                    1.9288811683654785
                ],
                [
                    0.5284501314163208,
                    -0.3603692054748535,
                    0.7686354517936707,
                    3.0985965728759766
                ],
                [
                    1.4900521705385472e-08,
                    0.9054280519485474,
                    0.4244725704193115,
                    1.7111743688583374
                ],
                [
                    0.0,
                    0.0,
                    0.0,
                    1.0
                ]
            ]
        },
        {
            "file_path": "./train/r_20",
            "rotation": 0.06283185307179587,
            "transform_matrix": [
                [
                    -0.6502104997634888,
                    -0.6088471412658691,
                    0.4543946087360382,
                    1.8317989110946655
                ],
                [
                    0.759697675704956,
                    -0.5211004614830017,
                    0.3889075219631195,
                    1.5678011178970337
                ],
                [
                    1.4900522593563892e-08,
                    0.5981215834617615,
                    0.8013700246810913,
                    3.2305593490600586
                ],
                [
                    0.0,
                    0.0,
                    0.0,
                    1.0
                ]
            ]
        },
        {
            "file_path": "./train/r_21",
            "rotation": 0.06283185307179587,
            "transform_matrix": [
                [
                    -0.8764684796333313,
                    -0.34341540932655334,
                    0.33733147382736206,
                    1.3598828315734863
                ],
                [
                    0.48137038946151733,
                    -0.6252831220626831,
                    0.6142055988311768,
                    2.4760444164276123
                ],
                [
                    1.4900524369920731e-08,
                    0.7007686495780945,
                    0.7133556008338928,
                    2.8757472038269043
                ],
                [
                    0.0,
                    0.0,
                    0.0,
                    1.0
                ]
            ]
        },
        {
            "file_path": "./train/r_22",
            "rotation": 0.06283185307179587,
            "transform_matrix": [
                [
                    -0.9229720234870911,
                    -0.23751981556415558,
                    0.3026972711086273,
                    1.220262050628662
                ],
                [
                    0.3847554326057434,
                    -0.5697753429412842,
                    0.7261265516281128,
                    2.9272305965423584
                ],
                [
                    -1.4900521705385472e-08,
                    0.7867211699485779,
                    0.6172778606414795,
                    2.488429069519043
                ],
                [
                    0.0,
                    0.0,
                    0.0,
                    1.0
                ]
            ]
        },
        {
            "file_path": "./train/r_23",
            "rotation": 0.06283185307179587,
            "transform_matrix": [
                [
                    -0.17864075303077698,
                    -0.5804548263549805,
                    0.79441899061203,
                    3.2025375366210938
                ],
                [
                    0.9838706851005554,
                    -0.10539280623197556,
                    0.14424215257167816,
                    0.5814827084541321
                ],
                [
                    7.4502595204251065e-09,
                    0.8074369430541992,
                    0.5899239182472229,
                    2.378157377243042
                ],
                [
                    0.0,
                    0.0,
                    0.0,
                    1.0
                ]
            ]
        },
        {
            "file_path": "./train/r_24",
            "rotation": 0.06283185307179587,
            "transform_matrix": [
                [
                    -0.21839365363121033,
                    -0.6824133396148682,
                    0.6975437998771667,
                    2.812005043029785
                ],
                [
                    0.9758167862892151,
                    -0.15272819995880127,
                    0.15611447393894196,
                    0.629343569278717
                ],
                [
                    0.0,
                    0.7148259878158569,
                    0.6992698311805725,
                    2.8189632892608643
                ],
                [
                    0.0,
                    0.0,
                    0.0,
                    1.0
                ]
            ]
        },
        {
            "file_path": "./train/r_25",
            "rotation": 0.06283185307179587,
            "transform_matrix": [
                [
                    0.021728720515966415,
                    -0.556723952293396,
                    0.8303771615028381,
                    3.3474955558776855
                ],
                [
                    0.9997209906578064,
                    0.012100275605916977,
                    -0.01804806850850582,
                    -0.07275709509849548
                ],
                [
                    0.0,
                    0.830603301525116,
                    0.5568352341651917,
                    2.244767427444458
                ],
                [
                    0.0,
                    0.0,
                    0.0,
                    1.0
                ]
            ]
        },
        {
            "file_path": "./train/r_26",
            "rotation": 0.06283185307179587,
            "transform_matrix": [
                [
                    -0.5875203609466553,
                    -0.7256777882575989,
                    0.3580028712749481,
                    1.4432153701782227
                ],
                [
                    0.8091564774513245,
                    -0.5269073247909546,
                    0.25994229316711426,
                    1.047904133796692
                ],
                [
                    -1.4900523481742312e-08,
                    0.44243666529655457,
                    0.8967615962028503,
                    3.6151108741760254
                ],
                [
                    0.0,
                    0.0,
                    0.0,
                    1.0
                ]
            ]
        },
        {
            "file_path": "./train/r_27",
            "rotation": 0.06283185307179587,
            "transform_matrix": [
                [
                    -0.9997221827507019,
                    0.01122171338647604,
                    -0.018540387973189354,
                    -0.07474178075790405
                ],
                [
                    -0.021671690046787262,
                    -0.5176613330841064,
                    0.8552742004394531,
                    3.4478628635406494
                ],
                [
                    0.0,
                    0.855506181716919,
                    0.517764151096344,
                    2.0872600078582764
                ],
                [
                    0.0,
                    0.0,
                    0.0,
                    1.0
                ]
            ]
        },
        {
            "file_path": "./train/r_28",
            "rotation": 0.06283185307179587,
            "transform_matrix": [
                [
                    0.9855563044548035,
                    -0.12226933985948563,
                    0.11680851876735687,
                    0.4708896577358246
                ],
                [
                    0.16909419000148773,
                    0.7126402258872986,
                    -0.6808121800422668,
                    -2.7445549964904785
                ],
                [
                    0.0,
                    0.6907851099967957,
                    0.7230269312858582,
                    2.9147350788116455
                ],
                [
                    0.0,
                    0.0,
                    0.0,
                    1.0
                ]
            ]
        },
        {
            "file_path": "./train/r_29",
            "rotation": 0.06283185307179587,
            "transform_matrix": [
                [
                    0.6675142049789429,
                    -0.15457357466220856,
                    0.7283195853233337,
                    2.9360713958740234
                ],
                [
                    0.7445394396781921,
                    0.13858240842819214,
                    -0.652972400188446,
                    -2.632324695587158
                ],
                [
                    0.0,
                    0.9782084226608276,
                    0.20759324729442596,
                    0.8368697166442871
                ],
                [
                    0.0,
                    0.0,
                    0.0,
                    1.0
                ]
            ]
        },
        {
            "file_path": "./train/r_30",
            "rotation": 0.06283185307179587,
            "transform_matrix": [
                [
                    -0.31061646342277527,
                    -0.5014729499816895,
                    0.8074513673782349,
                    3.255074977874756
                ],
                [
                    0.9504902362823486,
                    -0.1638793796300888,
                    0.2638719379901886,
                    1.0637456178665161
                ],
                [
                    -1.4900521705385472e-08,
                    0.8495048880577087,
                    0.5275522470474243,
                    2.126718759536743
                ],
                [
                    0.0,
                    0.0,
                    0.0,
                    1.0
                ]
            ]
        },
        {
            "file_path": "./train/r_31",
            "rotation": 0.06283185307179587,
            "transform_matrix": [
                [
                    -0.6389998197555542,
                    -0.12801995873451233,
                    0.7584242820739746,
                    3.057432174682617
                ],
                [
                    0.7691510319709778,
                    -0.10635717958211899,
                    0.630088210105896,
                    2.540071487426758
                ],
                [
                    0.0,
                    0.9860472083091736,
                    0.1664300113916397,
                    0.6709285378456116
                ],
                [
                    0.0,
                    0.0,
                    0.0,
                    1.0
                ]
            ]
        },
        {
            "file_path": "./train/r_32",
            "rotation": 0.06283185307179587,
            "transform_matrix": [
                [
                    -0.6769813299179077,
                    -0.6435266733169556,
                    0.3570932149887085,
                    1.4395482540130615
                ],
                [
                    0.7359418869018555,
                    -0.5919700860977173,
                    0.328484445810318,
                    1.3242177963256836
                ],
                [
                    0.0,
                    0.48521608114242554,
                    0.8743568062782288,
                    3.5247905254364014
                ],
                [
                    0.0,
                    0.0,
                    0.0,
                    1.0
                ]
            ]
        },
        {
            "file_path": "./train/r_33",
            "rotation": 0.06283185307179587,
            "transform_matrix": [
                [
                    0.869094967842102,
                    -0.33691781759262085,
                    0.3620542883872986,
                    1.4595478773117065
                ],
                [
                    0.49455827474594116,
                    0.592070996761322,
                    -0.6362437009811401,
                    -2.5648863315582275
                ],
                [
                    -1.4900521705385472e-08,
                    0.7320712208747864,
                    0.6811959743499756,
                    2.7461023330688477
                ],
                [
                    0.0,
                    0.0,
                    0.0,
                    1.0
                ]
            ]
        },
        {
            "file_path": "./train/r_34",
            "rotation": 0.06283185307179587,
            "transform_matrix": [
                [
                    0.3782496750354767,
                    -0.37645435333251953,
                    0.845657467842102,
                    3.409095048904419
                ],
                [
                    0.9256572723388672,
                    0.15382985770702362,
                    -0.3455594778060913,
                    -1.393052339553833
                ],
                [
                    0.0,
                    0.9135692119598389,
                    0.4066564440727234,
                    1.6393523216247559
                ],
                [
                    0.0,
                    0.0,
                    0.0,
                    1.0
                ]
            ]
        },
        {
            "file_path": "./train/r_35",
            "rotation": 0.06283185307179587,
            "transform_matrix": [
                [
                    0.6563020944595337,
                    0.38663092255592346,
                    -0.6478509902954102,
                    -2.6116786003112793
                ],
                [
                    -0.7544413208961487,
                    0.33633723855018616,
                    -0.5635772943496704,
                    -2.271946430206299
                ],
                [
                    -1.4900521705385472e-08,
                    0.8587104678153992,
                    0.5124326348304749,
                    2.065767288208008
                ],
                [
                    0.0,
                    0.0,
                    0.0,
                    1.0
                ]
            ]
        },
        {
            "file_path": "./train/r_36",
            "rotation": 0.06283185307179587,
            "transform_matrix": [
                [
                    0.9851235747337341,
                    0.17159409821033478,
                    -0.00189612724352628,
                    -0.007643848657608032
                ],
                [
                    -0.17159807682037354,
                    0.9851007461547852,
                    -0.010885434225201607,
                    -0.043882399797439575
                ],
                [
                    1.16410325823324e-10,
                    0.011047233827412128,
                    0.9998977184295654,
                    4.030882835388184
                ],
                [
                    0.0,
                    0.0,
                    0.0,
                    1.0
                ]
            ]
        },
        {
            "file_path": "./train/r_37",
            "rotation": 0.06283185307179587,
            "transform_matrix": [
                [
                    -0.9635434746742249,
                    -0.04803483188152313,
                    0.2630424201488495,
                    1.0604016780853271
                ],
                [
                    0.2673915922641754,
                    -0.17309315502643585,
                    0.9478712677955627,
                    3.8211488723754883
                ],
                [
                    3.725130870435578e-09,
                    0.9837282299995422,
                    0.17962808907032013,
                    0.7241338491439819
                ],
                [
                    0.0,
                    0.0,
                    0.0,
                    1.0
                ]
            ]
        },
        {
            "file_path": "./train/r_38",
            "rotation": 0.06283185307179587,
            "transform_matrix": [
                [
                    -0.8220399022102356,
                    -0.5693726539611816,
                    0.0019831841345876455,
                    0.007994800806045532
                ],
                [
                    0.5693544745445251,
                    -0.822066068649292,
                    0.002863341709598899,
                    0.011542975902557373
                ],
                [
                    -1.164103188844301e-10,
                    0.0034908291418105364,
                    0.9999527335166931,
                    4.031104564666748
                ],
                [
                    0.0,
                    0.0,
                    0.0,
                    1.0
                ]
            ]
        },
        {
            "file_path": "./train/r_39",
            "rotation": 0.06283185307179587,
            "transform_matrix": [
                [
                    0.29428666830062866,
                    -0.5211010575294495,
                    0.8011153936386108,
                    3.2295327186584473
                ],
                [
                    0.9556723237037659,
                    0.16046617925167084,
                    -0.24669288098812103,
                    -0.9944918751716614
                ],
                [
                    -1.4900522593563892e-08,
                    0.838268518447876,
                    0.5452285408973694,
                    2.197977304458618
                ],
                [
                    0.0,
                    0.0,
                    0.0,
                    1.0
                ]
            ]
        },
        {
            "file_path": "./train/r_40",
            "rotation": 0.06283185307179587,
            "transform_matrix": [
                [
                    -0.9489201307296753,
                    -0.09559812396764755,
                    0.30054402351379395,
                    1.211581826210022
                ],
                [
                    0.3153802752494812,
                    -0.28763681650161743,
                    0.9042805433273315,
                    3.6454222202301025
                ],
                [
                    7.450260408603526e-09,
                    0.952951192855835,
                    0.30309614539146423,
                    1.2218700647354126
                ],
                [
                    0.0,
                    0.0,
                    0.0,
                    1.0
                ]
            ]
        },
        {
            "file_path": "./train/r_41",
            "rotation": 0.06283185307179587,
            "transform_matrix": [
                [
                    0.38359177112579346,
                    0.61104416847229,
                    -0.6924062967300415,
                    -2.7912943363189697
                ],
                [
                    -0.9234563708305359,
                    0.2538197934627533,
                    -0.2876165807247162,
                    -1.1594674587249756
                ],
                [
                    -2.9801043410770944e-08,
                    0.7497937679290771,
                    0.6616400480270386,
                    2.667266607284546
                ],
                [
                    0.0,
                    0.0,
                    0.0,
                    1.0
                ]
            ]
        },
        {
            "file_path": "./train/r_42",
            "rotation": 0.06283185307179587,
            "transform_matrix": [
                [
                    -0.9976792335510254,
                    0.051217272877693176,
                    -0.04390207305550575,
                    -0.17698220908641815
                ],
                [
                    -0.06745661795139313,
                    -0.7575002908706665,
                    0.6493089199066162,
                    2.617555856704712
                ],
                [
                    -3.725130426346368e-09,
                    0.6508150100708008,
                    0.759202241897583,
                    3.060568332672119
                ],
                [
                    0.0,
                    0.0,
                    0.0,
                    1.0
                ]
            ]
        },
        {
            "file_path": "./train/r_43",
            "rotation": 0.06283185307179587,
            "transform_matrix": [
                [
                    0.9607942700386047,
                    -0.2435579001903534,
                    0.13218450546264648,
                    0.5328747034072876
                ],
                [
                    0.27710768580436707,
                    0.8444696664810181,
                    -0.4583132266998291,
                    -1.8475958108901978
                ],
                [
                    7.450261740871156e-09,
                    0.47701185941696167,
                    0.8788593411445618,
                    3.5429413318634033
                ],
                [
                    0.0,
                    0.0,
                    0.0,
                    1.0
