{
    "camera_angle_x": 0.6911112070083618,
    "frames": [
        {
            "file_path": "./train/r_0",
            "rotation": 0.06283185307179587,
            "transform_matrix": [
                [
                    0.8291332721710205,
                    0.20222696661949158,
                    -0.5211144685745239,
                    -2.10076642036438
                ],
                [
                    -0.5589740872383118,
                    0.29996582865715027,
                    -0.7729756236076355,
                    -3.116093158721924
                ],
                [
                    0.0,
                    0.932263195514679,
                    0.3617537021636963,
                    1.4583359956741333
                ],
                [
                    0.0,
                    0.0,
                    0.0,
                    1.0
                ]
            ]
        },
        {
            "file_path": "./train/r_1",
            "rotation": 0.06283185307179587,
            "transform_matrix": [
                [
                    0.7858474850654602,
                    0.11968202143907547,
                    -0.606660008430481,
                    -2.4456255435943604
                ],
                [
                    -0.6183509230613708,
                    0.1521010398864746,
                    -0.7709897756576538,
                    -3.1080875396728516
                ],
                [
                    0.0,
                    0.9810870289802551,
                    0.1935349404811859,
                    0.7801965475082397
                ],
                [
                    0.0,
                    0.0,
                    0.0,
                    1.0
                ]
            ]
        },
        {
            "file_path": "./train/r_2",
            "rotation": 0.06283185307179587,
            "transform_matrix": [
                [
                    -0.9003166556358337,
                    0.4037257134914398,
                    -0.1623644232749939,
                    -0.6545389294624329
                ],
                [
                    -0.4351370334625244,
                    -0.8353253602981567,
                    0.3359387516975403,
                    1.3542684316635132
                ],
                [
                    0.0,
                    0.37313148379325867,
                    0.9277393221855164,
                    3.7399914264678955
                ],
                [
                    0.0,
                    0.0,
                    0.0,
                    1.0
                ]
            ]
        },
        {
            "file_path": "./train/r_3",
            "rotation": 0.06283185307179587,
            "transform_matrix": [
                [
                    -0.1638304740190506,
                    0.19705407321453094,
                    -0.9665659070014954,
                    -3.896512031555176
                ],
                [
                    -0.9864450097084045,
                    -0.03272707760334015,
                    0.16052892804145813,
                    0.6471393704414368
                ],
                [
                    -3.725129982257158e-09,
                    0.9798410534858704,
                    0.19974607229232788,
                    0.8052352666854858
                ],
                [
                    0.0,
                    0.0,
                    0.0,
                    1.0
                ]
            ]
        },
        {
            "file_path": "./train/r_4",
            "rotation": 0.06283185307179587,
            "transform_matrix": [
                [
                    0.8656997084617615,
                    -0.31237736344337463,
                    0.3910323679447174,
                    1.5763671398162842
                ],
                [
                    0.5004778504371643,
                    0.5403336882591248,
                    -0.676386833190918,
                    -2.726715326309204
                ],
                [
                    -2.9801041634414105e-08,
                    0.7813128232955933,
                    0.6241087913513184,
                    2.5159671306610107
                ],
                [
                    0.0,
                    0.0,
                    0.0,
                    1.0
                ]
            ]
        },
        {
            "file_path": "./train/r_5",
            "rotation": 0.06283185307179587,
            "transform_matrix": [
                [
                    0.9122665524482727,
                    0.2800239026546478,
                    -0.29879212379455566,
                    -1.2045191526412964
                ],
                [
                    -0.409492164850235,
                    0.6238371729850769,
                    -0.6656489968299866,
                    -2.683427333831787
                ],
                [
                    0.0,
                    0.7296600937843323,
                    0.683777928352356,
                    2.7565104961395264
                ],
                [
                    0.0,
                    0.0,
                    0.0,
                    1.0
                ]
            ]
        },
        {
            "file_path": "./train/r_6",
            "rotation": 0.06283185307179587,
            "transform_matrix": [
                [
                    -0.9347139000892639,
                    -0.35488346219062805,
                    0.017072768881917,
                    0.0688253715634346
                ],
                [
                    0.35528048872947693,
                    -0.9336694478988647,
                    0.04491706192493439,
                    0.18107393383979797
                ],
                [
                    0.0,
                    0.048053838312625885,
                    0.9988036155700684,
                    4.026472091674805
                ],
                [
                    0.0,
                    0.0,
                    0.0,
                    1.0
                ]
            ]
        },
        {
            "file_path": "./train/r_7",
            "rotation": 0.06283185307179587,
            "transform_matrix": [
                [
                    0.5378458499908447,
                    0.5640845894813538,
                    -0.626474142074585,
                    -2.5255022048950195
                ],
                [
                    -0.8429921865463257,
                    0.3598972260951996,
                    -0.3997029662132263,
                    -1.6113207340240479
                ],
                [
                    1.4900521705385472e-08,
                    0.7431502342224121,
                    0.6690927147865295,
                    2.697310447692871
                ],
                [
                    0.0,
                    0.0,
                    0.0,
                    1.0
                ]
            ]
        },
        {
            "file_path": "./train/r_8",
            "rotation": 0.06283185307179587,
            "transform_matrix": [
                [
                    -0.8313001394271851,
                    -0.4993971288204193,
                    0.24387682974338531,
                    0.9831395745277405
                ],
                [
                    0.5557466149330139,
                    -0.747011125087738,
                    0.3647972643375397,
                    1.4706056118011475
                ],
                [
                    -1.4900521705385472e-08,
                    0.43882444500923157,
                    0.8985345959663391,
                    3.622258424758911
                ],
                [
                    0.0,
                    0.0,
                    0.0,
                    1.0
                ]
            ]
        },
        {
            "file_path": "./train/r_9",
            "rotation": 0.06283185307179587,
            "transform_matrix": [
                [
                    -0.23341362178325653,
                    0.5916714668273926,
                    -0.771612286567688,
                    -3.1105968952178955
                ],
                [
                    -0.9723333716392517,
                    -0.14203377068042755,
                    0.18522948026657104,
                    0.74671471118927
                ],
                [
                    0.0,
                    0.7935622930526733,
                    0.6084586977958679,
                    2.452876567840576
                ],
                [
                    0.0,
                    0.0,
                    0.0,
                    1.0
                ]
            ]
        },
        {
            "file_path": "./train/r_10",
            "rotation": 0.06283185307179587,
            "transform_matrix": [
                [
                    -0.1692417412996292,
                    0.5952552556991577,
                    -0.7854753136634827,
                    -3.166482925415039
                ],
                [
                    -0.9855310916900635,
                    -0.1022210568189621,
                    0.13488687574863434,
                    0.5437688231468201
                ],
                [
                    -7.450261740871156e-09,
                    0.7970018982887268,
                    0.6039466261863708,
                    2.4346871376037598
                ],
                [
                    0.0,
                    0.0,
                    0.0,
                    1.0
                ]
            ]
        },
        {
            "file_path": "./train/r_11",
            "rotation": 0.06283185307179587,
            "transform_matrix": [
                [
                    -0.882334291934967,
                    0.46322569251060486,
                    -0.08269506692886353,
                    -0.3333682417869568
                ],
                [
                    -0.4705318212509155,
                    -0.8686339259147644,
                    0.1550685614347458,
                    0.6251271963119507
                ],
                [
                    7.450260408603526e-09,
                    0.17574702203273773,
                    0.9843945503234863,
                    3.9683852195739746
                ],
                [
                    0.0,
                    0.0,
                    0.0,
                    1.0
                ]
            ]
        },
        {
            "file_path": "./train/r_12",
            "rotation": 0.06283185307179587,
            "transform_matrix": [
                [
                    -0.9745532274246216,
                    -0.11813726276159286,
                    0.19027595221996307,
                    0.7670585513114929
                ],
                [
                    0.22396469116210938,
                    -0.5140590071678162,
                    0.8279610872268677,
                    3.3377559185028076
                ],
                [
                    7.450261740871156e-09,
                    0.8495745658874512,
                    0.5274398326873779,
                    2.1262660026550293
                ],
                [
                    0.0,
                    0.0,
                    0.0,
                    1.0
                ]
            ]
        },
        {
            "file_path": "./train/r_13",
            "rotation": 0.06283185307179587,
            "transform_matrix": [
                [
                    -0.9999418258666992,
                    -0.001969050383195281,
                    0.0051613906398415565,
                    0.020807089284062386
                ],
                [
                    0.005524194333702326,
                    -0.3564204275608063,
                    0.9342701435089111,
                    3.7663187980651855
                ],
                [
                    1.164103188844301e-10,
                    0.9343183040618896,
                    0.35641294717788696,
                    1.4368057250976562
                ],
                [
                    0.0,
                    0.0,
                    0.0,
                    1.0
                ]
            ]
        },
        {
            "file_path": "./train/r_14",
            "rotation": 0.06283185307179587,
            "transform_matrix": [
                [
                    0.3470541536808014,
                    0.7023669481277466,
                    -0.6214393377304077,
                    -2.5052053928375244
                ],
                [
                    -0.9377994537353516,
                    0.25992700457572937,
                    -0.22997787594795227,
                    -0.9271087646484375
                ],
                [
                    -1.4900522593563892e-08,
                    0.6626526117324829,
                    0.7488930821418762,
                    3.0190091133117676
                ],
                [
                    0.0,
                    0.0,
                    0.0,
                    1.0
                ]
            ]
        },
        {
            "file_path": "./train/r_15",
            "rotation": 0.06283185307179587,
            "transform_matrix": [
                [
                    -0.9346898794174194,
                    0.32150721549987793,
                    -0.15136009454727173,
                    -0.6101772785186768
                ],
                [
                    -0.3553432822227478,
                    -0.845687985420227,
                    0.3981354236602783,
                    1.60500168800354
                ],
                [
                    0.0,
                    0.42595174908638,
                    0.9047074317932129,
                    3.6471431255340576
                ],
                [
                    0.0,
                    0.0,
                    0.0,
                    1.0
                ]
            ]
        },
        {
            "file_path": "./train/r_16",
            "rotation": 0.06283185307179587,
            "transform_matrix": [
                [
                    0.8767349720001221,
                    0.0748930275440216,
                    -0.4750179350376129,
                    -1.9149376153945923
                ],
                [
                    -0.4808844327926636,
                    0.1365428864955902,
                    -0.8660393953323364,
                    -3.491260528564453
                ],
                [
                    7.450260408603526e-09,
                    0.9877939820289612,
                    0.15572784841060638,
                    0.6277849674224854
                ],
                [
                    0.0,
                    0.0,
                    0.0,
                    1.0
                ]
            ]
        },
        {
            "file_path": "./train/r_17",
            "rotation": 0.06283185307179587,
            "transform_matrix": [
                [
                    -0.039597805589437485,
                    0.784339427947998,
                    -0.6190361380577087,
                    -2.4955174922943115
                ],
                [
                    -0.9991726875305176,
                    -0.031083835288882256,
                    0.02453276887536049,
                    0.09889884293079376
                ],
                [
                    0.0,
                    0.6195445656776428,
                    0.7849265933036804,
                    3.164271116256714
                ],
                [
                    0.0,
                    0.0,
                    0.0,
                    1.0
                ]
            ]
        },
        {
            "file_path": "./train/r_18",
            "rotation": 0.06283185307179587,
            "transform_matrix": [
                [
                    -0.5148183703422546,
                    -0.3205427825450897,
                    0.7950713038444519,
                    3.205167293548584
                ],
                [
                    0.8572492003440857,
                    -0.1925009787082672,
                    0.4774776101112366,
                    1.9248533248901367
                ],
                [
                    0.0,
                    0.9274619817733765,
                    0.37389057874679565,
                    1.507263422012329
                ],
                [
                    0.0,
                    0.0,
                    0.0,
                    1.0
                ]
            ]
        },
        {
            "file_path": "./train/r_19",
            "rotation": 0.06283185307179587,
            "transform_matrix": [
                [
                    0.9952980875968933,
                    -0.032070573419332504,
                    0.0909254178404808,
                    0.36654722690582275
                ],
                [
                    0.09641498327255249,
                    0.33106663823127747,
                    -0.9386290311813354,
                    -3.783890724182129
                ],
                [
                    0.0,
                    0.9430568218231201,
                    0.332604318857193,
                    1.3408262729644775
                ],
                [
                    0.0,
                    0.0,
                    0.0,
                    1.0
                ]
            ]
        },
        {
            "file_path": "./train/r_20",
            "rotation": 0.06283185307179587,
            "transform_matrix": [
                [
                    0.9590609669685364,
                    -0.14557567238807678,
                    0.2427462339401245,
                    0.9785817861557007
                ],
                [
                    0.2830480635166168,
                    0.4932587742805481,
                    -0.8225049376487732,
                    -3.315760374069214
                ],
                [
                    0.0,
                    0.857609212398529,
                    0.5142735242843628,
                    2.073188543319702
                ],
                [
                    0.0,
                    0.0,
                    0.0,
                    1.0
                ]
            ]
        },
        {
            "file_path": "./train/r_21",
            "rotation": 0.06283185307179587,
            "transform_matrix": [
                [
                    0.9717912077903748,
                    0.02989807538688183,
                    -0.2337574064731598,
                    -0.942345142364502
                ],
                [
                    -0.23566116392612457,
                    0.12329009175300598,
                    -0.9639407396316528,
                    -3.885929822921753
                ],
                [
                    0.0,
                    0.9919150471687317,
                    0.1268588900566101,
                    0.5114057064056396
                ],
                [
                    0.0,
                    0.0,
                    0.0,
                    1.0
                ]
            ]
        },
        {
            "file_path": "./train/r_22",
            "rotation": 0.06283185307179587,
            "transform_matrix": [
                [
                    0.9589794874191284,
                    0.23146334290504456,
                    -0.16340568661689758,
                    -0.658736526966095
                ],
                [
                    -0.28332415223121643,
                    0.7834440469741821,
                    -0.5530863404273987,
                    -2.22965407371521
                ],
                [
                    0.0,
                    0.5767409205436707,
                    0.8168914318084717,
                    3.293130397796631
                ],
                [
                    0.0,
                    0.0,
                    0.0,
                    1.0
                ]
            ]
        },
        {
            "file_path": "./train/r_23",
            "rotation": 0.06283185307179587,
            "transform_matrix": [
                [
                    -0.8615939617156982,
                    0.22124838829040527,
                    -0.45675334334373474,
                    -1.8413077592849731
                ],
                [
                    -0.507513701915741,
                    -0.3756081759929657,
                    0.7754193544387817,
                    3.1259446144104004
                ],
                [
                    -1.4900521705385472e-08,
                    0.8999764323234558,
                    0.4359111487865448,
                    1.757286787033081
                ],
                [
                    0.0,
                    0.0,
                    0.0,
                    1.0
                ]
            ]
        },
        {
            "file_path": "./train/r_24",
            "rotation": 0.06283185307179587,
            "transform_matrix": [
                [
                    0.1730504035949707,
                    -0.2139701098203659,
                    0.9613485932350159,
                    3.8754799365997314
                ],
                [
                    0.9848694205284119,
                    0.03759647160768509,
                    -0.16891756653785706,
                    -0.6809566020965576
                ],
                [
                    0.0,
                    0.9761112332344055,
                    0.21724016964435577,
                    0.8757592439651489
                ],
                [
                    0.0,
                    0.0,
                    0.0,
                    1.0
                ]
            ]
        },
        {
            "file_path": "./train/r_25",
            "rotation": 0.06283185307179587,
            "transform_matrix": [
                [
                    -0.30628398060798645,
                    -0.3947007656097412,
                    0.8662157654762268,
                    3.491971731185913
                ],
                [
                    0.9518951773643494,
                    -0.12699982523918152,
                    0.278715580701828,
                    1.1235849857330322
                ],
                [
                    -7.450261740871156e-09,
                    0.9099847078323364,
                    0.4146144688129425,
                    1.6714335680007935
                ],
                [
                    0.0,
                    0.0,
                    0.0,
                    1.0
                ]
            ]
        },
        {
            "file_path": "./train/r_26",
            "rotation": 0.06283185307179587,
            "transform_matrix": [
                [
                    -0.8434937000274658,
                    0.2729744017124176,
                    -0.46251896023750305,
                    -1.8645504713058472
                ],
                [
                    -0.5370590090751648,
                    -0.4287278950214386,
                    0.7264226078987122,
                    2.928424119949341
                ],
                [
                    -1.4900519040850213e-08,
                    0.8612011075019836,
                    0.5082360506057739,
                    2.048849582672119
                ],
                [
                    0.0,
                    0.0,
                    0.0,
                    1.0
                ]
            ]
        },
        {
            "file_path": "./train/r_27",
            "rotation": 0.06283185307179587,
            "transform_matrix": [
                [
                    -0.8419304490089417,
                    -0.3167765140533447,
                    0.43672436475753784,
                    1.7605646848678589
                ],
                [
                    0.5395064949989319,
                    -0.4943476915359497,
                    0.6815330982208252,
                    2.7474608421325684
                ],
                [
                    0.0,
                    0.809482991695404,
                    0.5871133208274841,
                    2.3668270111083984
                ],
                [
                    0.0,
                    0.0,
                    0.0,
                    1.0
                ]
            ]
        },
        {
            "file_path": "./train/r_28",
            "rotation": 0.06283185307179587,
            "transform_matrix": [
                [
                    -0.884695291519165,
                    0.16538938879966736,
                    -0.4357491433620453,
                    -1.7566335201263428
                ],
                [
                    -0.4660775363445282,
                    -0.3139375150203705,
                    0.8271268010139465,
                    3.334392547607422
                ],
                [
                    0.0,
                    0.9349222183227539,
                    0.3548256754875183,
                    1.430407166481018
                ],
                [
                    0.0,
                    0.0,
                    0.0,
                    1.0
                ]
            ]
        },
        {
            "file_path": "./train/r_29",
            "rotation": 0.06283185307179587,
            "transform_matrix": [
                [
                    -0.4253448247909546,
                    -0.17442888021469116,
                    0.8880177736282349,
                    3.5798614025115967
                ],
                [
                    0.9049839377403259,
                    -0.08198203891515732,
                    0.41737067699432373,
                    1.682544231414795
                ],
                [
                    7.450260408603526e-09,
                    0.9812459349632263,
                    0.19272728264331818,
                    0.7769405245780945
                ],
                [
                    0.0,
                    0.0,
                    0.0,
                    1.0
                ]
            ]
        },
        {
            "file_path": "./train/r_30",
            "rotation": 0.06283185307179587,
            "transform_matrix": [
                [
                    -0.7921872138977051,
                    -0.5539529919624329,
                    0.25595489144325256,
                    1.031829833984375
                ],
                [
                    0.6102075576782227,
                    -0.7191560864448547,
                    0.3322872519493103,
                    1.339548110961914
                ],
                [
                    0.0,
                    0.4194526970386505,
                    0.9077387452125549,
                    3.659363031387329
                ],
                [
                    0.0,
                    0.0,
                    0.0,
                    1.0
                ]
            ]
        },
        {
            "file_path": "./train/r_31",
            "rotation": 0.06283185307179587,
            "transform_matrix": [
                [
                    0.33830851316452026,
                    -0.8476634621620178,
                    0.40863582491874695,
                    1.647331714630127
                ],
                [
                    0.9409896731376648,
                    0.3047555088996887,
                    -0.14691445231437683,
                    -0.5922555327415466
                ],
                [
                    0.0,
                    0.4342588484287262,
                    0.9007498621940613,
                    3.6311886310577393
                ],
                [
                    0.0,
                    0.0,
                    0.0,
                    1.0
                ]
            ]
        },
        {
            "file_path": "./train/r_32",
            "rotation": 0.06283185307179587,
            "transform_matrix": [
                [
                    -0.19303005933761597,
                    0.24270348250865936,
                    -0.9506608247756958,
                    -3.832394599914551
                ],
                [
                    -0.9811490774154663,
                    -0.04774918407201767,
                    0.1870318502187729,
                    0.7539806365966797
                ],
                [
                    0.0,
                    0.9689194560050964,
                    0.24734699726104736,
                    0.9971288442611694
                ],
                [
                    0.0,
                    0.0,
                    0.0,
                    1.0
                ]
            ]
        },
        {
            "file_path": "./train/r_33",
            "rotation": 0.06283185307179587,
            "transform_matrix": [
                [
                    -0.4616331458091736,
                    0.1910041868686676,
                    -0.866216778755188,
                    -3.491975784301758
                ],
                [
                    -0.8870224356651306,
                    -0.09940432757139206,
                    0.4508052468299866,
                    1.8173291683197021
                ],
                [
                    0.0,
                    0.9765377640724182,
                    0.21531479060649872,
                    0.8679975271224976
                ],
                [
                    0.0,
                    0.0,
                    0.0,
                    1.0
                ]
            ]
        },
        {
            "file_path": "./train/r_34",
            "rotation": 0.06283185307179587,
            "transform_matrix": [
                [
                    0.565489649772644,
                    0.24051828682422638,
                    -0.7888554334640503,
                    -3.1801095008850098
                ],
                [
                    -0.8247033357620239,
                    0.1649206429719925,
                    -0.5409091711044312,
                    -2.1805646419525146
                ],
                [
                    0.0,
                    0.9565261602401733,
                    0.29161903262138367,
                    1.1756025552749634
                ],
                [
                    0.0,
                    0.0,
                    0.0,
                    1.0
                ]
            ]
        },
        {
            "file_path": "./train/r_35",
            "rotation": 0.06283185307179587,
            "transform_matrix": [
                [
                    -0.19599203765392303,
                    -0.9495866894721985,
                    0.24465204775333405,
                    0.986264705657959
                ],
                [
                    0.9805617928504944,
                    -0.18980081379413605,
                    0.048900388181209564,
                    0.1971319019794464
                ],
                [
                    0.0,
                    0.24950028955936432,
                    0.9683343768119812,
                    3.903641939163208
                ],
                [
                    0.0,
                    0.0,
                    0.0,
                    1.0
                ]
            ]
        },
        {
            "file_path": "./train/r_36",
            "rotation": 0.06283185307179587,
            "transform_matrix": [
                [
                    -0.1575014740228653,
                    -0.630042552947998,
                    0.760385274887085,
                    3.065337657928467
                ],
                [
                    0.9874753355979919,
                    -0.10049125552177429,
                    0.12128081172704697,
                    0.4889187812805176
                ],
                [
                    -7.450261740871156e-09,
                    0.7700244784355164,
                    0.6379832625389099,
                    2.571898937225342
                ],
                [
                    0.0,
                    0.0,
                    0.0,
                    1.0
                ]
            ]
        },
        {
            "file_path": "./train/r_37",
            "rotation": 0.06283185307179587,
            "transform_matrix": [
                [
                    0.8624668121337891,
                    0.20835137367248535,
                    -0.4611496329307556,
                    -1.8590304851531982
                ],
                [
                    -0.5060290694236755,
                    0.3551103174686432,
                    -0.7859752178192139,
                    -3.1684982776641846
                ],
                [
                    -1.4900523481742312e-08,
                    0.9113046526908875,
                    0.41170546412467957,
                    1.6597063541412354
                ],
                [
                    0.0,
                    0.0,
                    0.0,
                    1.0
                ]
            ]
        },
        {
            "file_path": "./train/r_38",
            "rotation": 0.06283185307179587,
            "transform_matrix": [
                [
                    -0.1613067239522934,
                    0.2974887788295746,
                    -0.9409592747688293,
                    -3.7932844161987305
                ],
                [
                    -0.9868606925010681,
                    -0.048625849187374115,
                    0.15380392968654633,
                    0.6200289726257324
                ],
                [
                    0.0,
                    0.9534809589385986,
                    0.3014257252216339,
                    1.2151360511779785
                ],
                [
                    0.0,
                    0.0,
                    0.0,
                    1.0
                ]
            ]
        },
        {
            "file_path": "./train/r_39",
            "rotation": 0.06283185307179587,
            "transform_matrix": [
                [
                    0.5344493985176086,
                    -0.15051184594631195,
                    0.8316418528556824,
                    3.3525938987731934
                ],
                [
                    0.8451496958732605,
                    0.09517954289913177,
                    -0.5259073972702026,
                    -2.1200881004333496
                ],
                [
                    7.450260408603526e-09,
                    0.9840106964111328,
                    0.17807486653327942,
                    0.7178723812103271
                ],
                [
                    0.0,
                    0.0,
                    0.0,
                    1.0
                ]
            ]
        },
        {
            "file_path": "./train/r_40",
            "rotation": 0.06283185307179587,
            "transform_matrix": [
                [
                    0.5985346436500549,
                    0.5358110070228577,
                    -0.5954827666282654,
                    -2.400567054748535
                ],
                [
                    -0.8010432124137878,
                    0.4003547430038452,
                    -0.44494113326072693,
                    -1.793689250946045
                ],
                [
                    0.0,
                    0.7433790564537048,
                    0.6688385009765625,
                    2.6962857246398926
                ],
                [
                    0.0,
                    0.0,
                    0.0,
                    1.0
                ]
            ]
        },
        {
            "file_path": "./train/r_41",
            "rotation": 0.06283185307179587,
            "transform_matrix": [
                [
                    0.7388043403625488,
                    0.25598740577697754,
                    -0.6233450174331665,
                    -2.512887954711914
                ],
                [
                    -0.6738563179969788,
                    0.28066012263298035,
                    -0.6834245920181274,
                    -2.7550864219665527
                ],
                [
                    -1.4900521705385472e-08,
                    0.9250351786613464,
                    0.3798542618751526,
                    1.5313047170639038
                ],
                [
                    0.0,
                    0.0,
                    0.0,
                    1.0
                ]
            ]
        },
        {
            "file_path": "./train/r_42",
            "rotation": 0.06283185307179587,
            "transform_matrix": [
                [
                    -0.9502137303352356,
                    -0.23579955101013184,
                    0.20349657535552979,
                    0.8203548192977905
                ],
                [
                    0.311460942029953,
                    -0.7193838357925415,
                    0.6208330392837524,
                    2.5027613639831543
                ],
                [
                    -1.4900520817207052e-08,
                    0.6533570885658264,
                    0.7570157647132874,
                    3.0517542362213135
                ],
                [
                    0.0,
                    0.0,
                    0.0,
                    1.0
                ]
            ]
        },
        {
            "file_path": "./train/r_43",
            "rotation": 0.06283185307179587,
            "transform_matrix": [
                [
                    0.7234613299369812,
                    -0.10241403430700302,
                    0.6826648712158203,
                    2.752023935317993
                ],
                [
                    0.6903026700019836,
                    0.10733350366353989,
                    -0.7154567241668701,
                    -2.8842177391052246
                ],
                [
                    0.0,
                    0.9889290928840637,
                    0.14834930002689362,
                    0.5980399250984192
                ],
                [
                    0.0,
                    0.0,
                    0.0,
                    1.0
                ]
            ]
        },
        {
            "file_path": "./train/r_44",
