{
    "camera_angle_x": 0.6911112070083618,
    "frames": [
        {
            "file_path": "./train/r_0",
            "rotation": 0.06283185307179587,
            "transform_matrix": [
                [
                    0.9999452233314514,
                    -0.0013151050079613924,
                    0.004716361407190561,
                    0.019013045355677605
                ],
                [
                    0.00489626033231616,
                    0.26857903599739075,
                    -0.9632050395011902,
                    -3.8829641342163086
                ],
                [
                    0.0,
                    0.9632514119148254,
                    0.26857253909111023,
                    1.0826952457427979
                ],
                [
                    0.0,
                    0.0,
                    0.0,
                    1.0
                ]
            ]
        },
        {
            "file_path": "./train/r_1",
            "rotation": 0.06283185307179587,
            "transform_matrix": [
                [
                    -0.46312808990478516,
                    0.4731631577014923,
                    -0.7493743896484375,
                    -3.020949602127075
                ],
                [
                    -0.8862429261207581,
                    -0.2472630739212036,
                    0.39160409569740295,
                    1.5786718130111694
                ],
                [
                    1.4900520817207052e-08,
                    0.8455575108528137,
                    0.5338554382324219,
                    2.1521289348602295
                ],
                [
                    0.0,
                    0.0,
                    0.0,
                    1.0
                ]
            ]
        },
        {
            "file_path": "./train/r_2",
            "rotation": 0.06283185307179587,
            "transform_matrix": [
                [
                    0.2864223122596741,
                    0.22569650411605835,
                    -0.9310984015464783,
                    -3.753532648086548
                ],
                [
                    -0.9580585956573486,
                    0.06747449189424515,
                    -0.2783622443675995,
                    -1.1221604347229004
                ],
                [
                    0.0,
                    0.9718530178070068,
                    0.23555824160575867,
                    0.949604868888855
                ],
                [
                    0.0,
                    0.0,
                    0.0,
                    1.0
                ]
            ]
        },
        {
            "file_path": "./train/r_3",
            "rotation": 0.06283185307179587,
            "transform_matrix": [
                [
                    -0.7344552874565125,
                    -0.6399378180503845,
                    0.22583261132240295,
                    0.910398006439209
                ],
                [
                    0.6785937547683716,
                    -0.6926172375679016,
                    0.2444230318069458,
                    0.985341489315033
                ],
                [
                    0.0,
                    0.3327926695346832,
                    0.9429604411125183,
                    3.801352024078369
                ],
                [
                    0.0,
                    0.0,
                    0.0,
                    1.0
                ]
            ]
        },
        {
            "file_path": "./train/r_4",
            "rotation": 0.06283185307179587,
            "transform_matrix": [
                [
                    -0.997445821762085,
                    0.02942296676337719,
                    -0.0644245520234108,
                    -0.25971439480781555
                ],
                [
                    -0.07082482427358627,
                    -0.41437187790870667,
                    0.9073089361190796,
                    3.657630443572998
                ],
                [
                    0.0,
                    0.9096262454986572,
                    0.4154001772403717,
                    1.6746008396148682
                ],
                [
                    0.0,
                    0.0,
                    0.0,
                    1.0
                ]
            ]
        },
        {
            "file_path": "./train/r_5",
            "rotation": 0.06283185307179587,
            "transform_matrix": [
                [
                    -0.7207407355308533,
                    -0.6881918907165527,
                    0.08291391283273697,
                    0.33425047993659973
                ],
                [
                    0.693142831325531,
                    -0.7155926823616028,
                    0.08621519058942795,
                    0.3475589156150818
                ],
                [
                    -3.725130870435578e-09,
                    0.1196197122335434,
                    0.9927787184715271,
                    4.0021843910217285
                ],
                [
                    0.0,
                    0.0,
                    0.0,
                    1.0
                ]
            ]
        },
        {
            "file_path": "./train/r_6",
            "rotation": 0.06283185307179587,
            "transform_matrix": [
                [
                    -0.30800172686576843,
                    0.8551817536354065,
                    -0.41685646772384644,
                    -1.680471658706665
                ],
                [
                    -0.9513406753540039,
                    -0.2768697440624237,
                    0.13495954871177673,
                    0.5440617799758911
                ],
                [
                    -7.450260408603526e-09,
                    0.4381749927997589,
                    0.8988514542579651,
                    3.6235358715057373
                ],
                [
                    0.0,
                    0.0,
                    0.0,
                    1.0
                ]
            ]
        },
        {
            "file_path": "./train/r_7",
            "rotation": 0.06283185307179587,
            "transform_matrix": [
                [
                    -0.6703370213508606,
                    -0.6582656502723694,
                    0.34246474504470825,
                    1.380576491355896
                ],
                [
                    0.7419989109039307,
                    -0.5946906208992004,
                    0.3093896508216858,
                    1.2472410202026367
                ],
                [
                    0.0,
                    0.4615403413772583,
                    0.8870813846588135,
                    3.57608699798584
                ],
                [
                    0.0,
                    0.0,
                    0.0,
                    1.0
                ]
            ]
        },
        {
            "file_path": "./train/r_8",
            "rotation": 0.06283185307179587,
            "transform_matrix": [
                [
                    -0.9143770337104797,
                    -0.29318007826805115,
                    0.27907195687294006,
                    1.1250215768814087
                ],
                [
                    0.40475794672966003,
                    -0.6623146533966064,
                    0.6304433941841125,
                    2.541503667831421
                ],
                [
                    0.0,
                    0.6894741654396057,
                    0.7242770195007324,
                    2.9197747707366943
                ],
                [
                    0.0,
                    0.0,
                    0.0,
                    1.0
                ]
            ]
        },
        {
            "file_path": "./train/r_9",
            "rotation": 0.06283185307179587,
            "transform_matrix": [
                [
                    -0.5223880410194397,
                    -0.20359815657138824,
                    0.8279963731765747,
                    3.337898015975952
                ],
                [
                    0.8526574373245239,
                    -0.12473618984222412,
                    0.5072792172431946,
                    2.044992446899414
                ],
                [
                    0.0,
                    0.9710709452629089,
                    0.2387617528438568,
                    0.9625191688537598
                ],
                [
                    0.0,
                    0.0,
                    0.0,
                    1.0
                ]
            ]
        },
        {
            "file_path": "./train/r_10",
            "rotation": 0.06283185307179587,
            "transform_matrix": [
                [
                    -0.38824591040611267,
                    -0.4992276728153229,
                    0.7745785117149353,
                    3.1225547790527344
                ],
                [
                    0.9215092062950134,
                    -0.2103322297334671,
                    0.32634177803993225,
                    1.315580129623413
                ],
                [
                    -1.4900519929028633e-08,
                    0.8405486941337585,
                    0.5417071580886841,
                    2.183781385421753
                ],
                [
                    0.0,
                    0.0,
                    0.0,
                    1.0
                ]
            ]
        },
        {
            "file_path": "./train/r_11",
            "rotation": 0.06283185307179587,
            "transform_matrix": [
                [
                    -0.5416779518127441,
                    0.8351061344146729,
                    -0.0956544503569603,
                    -0.385611355304718
                ],
                [
                    -0.8405351638793945,
                    -0.5381792783737183,
                    0.06164395436644554,
                    0.24850499629974365
                ],
                [
                    3.725130870435578e-09,
                    0.1138012483716011,
                    0.9934624433517456,
                    4.004940509796143
                ],
                [
                    0.0,
                    0.0,
                    0.0,
                    1.0
                ]
            ]
        },
        {
            "file_path": "./train/r_12",
            "rotation": 0.06283185307179587,
            "transform_matrix": [
                [
                    0.32088419795036316,
                    0.6079409122467041,
                    -0.726212739944458,
                    -2.9275779724121094
                ],
                [
                    -0.9470731019973755,
                    0.2059805542230606,
                    -0.2460530549287796,
                    -0.9919124841690063
                ],
                [
                    -1.4900522593563892e-08,
                    0.7667917609214783,
                    0.6418647766113281,
                    2.5875463485717773
                ],
                [
                    0.0,
                    0.0,
                    0.0,
                    1.0
                ]
            ]
        },
        {
            "file_path": "./train/r_13",
            "rotation": 0.06283185307179587,
            "transform_matrix": [
                [
                    -0.731162428855896,
                    -0.32602396607398987,
                    0.5991939306259155,
                    2.41552734375
                ],
                [
                    0.682140588760376,
                    -0.3494535982608795,
                    0.6422548294067383,
                    2.589118719100952
                ],
                [
                    1.4900521705385472e-08,
                    0.8783964514732361,
                    0.477904736995697,
                    1.926574945449829
                ],
                [
                    0.0,
                    0.0,
                    0.0,
                    1.0
                ]
            ]
        },
        {
            "file_path": "./train/r_14",
            "rotation": 0.06283185307179587,
            "transform_matrix": [
                [
                    0.9345763325691223,
                    -0.063033826649189,
                    0.3500124216079712,
                    1.4110034704208374
                ],
                [
                    0.35564208030700684,
                    0.1656438410282135,
                    -0.9197824597358704,
                    -3.7079148292541504
                ],
                [
                    3.725130426346368e-09,
                    0.9841640591621399,
                    0.17722545564174652,
                    0.7144481539726257
                ],
                [
                    0.0,
                    0.0,
                    0.0,
                    1.0
                ]
            ]
        },
        {
            "file_path": "./train/r_15",
            "rotation": 0.06283185307179587,
            "transform_matrix": [
                [
                    -0.8267713785171509,
                    -0.1790006458759308,
                    0.5332218408584595,
                    2.1495747566223145
                ],
                [
                    0.5624619722366333,
                    -0.2631157338619232,
                    0.7837908267974854,
                    3.1596922874450684
                ],
                [
                    0.0,
                    0.9480077028274536,
                    0.31821972131729126,
                    1.2828376293182373
                ],
                [
                    0.0,
                    0.0,
                    0.0,
                    1.0
                ]
            ]
        },
        {
            "file_path": "./train/r_16",
            "rotation": 0.06283185307179587,
            "transform_matrix": [
                [
                    -0.9048128724098206,
                    -0.28411000967025757,
                    0.3170424997806549,
                    1.2780919075012207
                ],
                [
                    0.4257088601589203,
                    -0.6038548946380615,
                    0.6738505363464355,
                    2.7164902687072754
                ],
                [
                    -1.4900523481742312e-08,
                    0.7447353005409241,
                    0.6673282384872437,
                    2.690197229385376
                ],
                [
                    0.0,
                    0.0,
                    0.0,
                    1.0
                ]
            ]
        },
        {
            "file_path": "./train/r_17",
            "rotation": 0.06283185307179587,
            "transform_matrix": [
                [
                    0.7969362139701843,
                    0.4741160273551941,
                    -0.37421688437461853,
                    -1.5085787773132324
                ],
                [
                    -0.6039924025535583,
                    0.6255712509155273,
                    -0.49375954270362854,
                    -1.990490436553955
                ],
                [
                    0.0,
                    0.6195679903030396,
                    0.7849081158638,
                    3.164196252822876
                ],
                [
                    0.0,
                    0.0,
                    0.0,
                    1.0
                ]
            ]
        },
        {
            "file_path": "./train/r_18",
            "rotation": 0.06283185307179587,
            "transform_matrix": [
                [
                    0.04736020416021347,
                    -0.3121691942214966,
                    0.9488054513931274,
                    3.8249151706695557
                ],
                [
                    0.9988349676132202,
                    0.014801640063524246,
                    -0.044988032430410385,
                    -0.18136005103588104
                ],
                [
                    0.0,
                    0.9499059319496155,
                    0.31250855326652527,
                    1.2598142623901367
                ],
                [
                    0.0,
                    0.0,
                    0.0,
                    1.0
                ]
            ]
        },
        {
            "file_path": "./train/r_19",
            "rotation": 0.06283185307179587,
            "transform_matrix": [
                [
                    0.07165788114070892,
                    0.12720879912376404,
                    -0.9892428517341614,
                    -3.9879305362701416
                ],
                [
                    -0.9973862767219543,
                    0.009139400906860828,
                    -0.07107280939817429,
                    -0.2865155339241028
                ],
                [
                    0.0,
                    0.9918287992477417,
                    0.12753206491470337,
                    0.5141194462776184
                ],
                [
                    0.0,
                    0.0,
                    0.0,
                    1.0
                ]
            ]
        },
        {
            "file_path": "./train/r_20",
            "rotation": 0.06283185307179587,
            "transform_matrix": [
                [
                    0.16997256875038147,
                    -0.22477509081363678,
                    0.9594302773475647,
                    3.8677468299865723
                ],
                [
                    0.9854052066802979,
                    0.03877146169543266,
                    -0.16549214720726013,
                    -0.6671477556228638
                ],
                [
                    0.0,
                    0.9736338257789612,
                    0.2280861735343933,
                    0.9194827675819397
                ],
                [
                    0.0,
                    0.0,
                    0.0,
                    1.0
                ]
            ]
        },
        {
            "file_path": "./train/r_21",
            "rotation": 0.06283185307179587,
            "transform_matrix": [
                [
                    -0.462051123380661,
                    0.4427248537540436,
                    -0.7683972716331482,
                    -3.0976364612579346
                ],
                [
                    -0.8868048787117004,
                    -0.23067252337932587,
                    0.40035730600357056,
                    1.6139585971832275
                ],
                [
                    -1.4900521705385472e-08,
                    0.866472601890564,
                    0.4991963505744934,
                    2.0124080181121826
                ],
                [
                    0.0,
                    0.0,
                    0.0,
                    1.0
                ]
            ]
        },
        {
            "file_path": "./train/r_22",
            "rotation": 0.06283185307179587,
            "transform_matrix": [
                [
                    0.9892930388450623,
                    0.10285742580890656,
                    -0.10312530398368835,
                    -0.4157285690307617
                ],
                [
                    -0.1456490457057953,
                    0.6986392140388489,
                    -0.7004587054252625,
                    -2.823755979537964
                ],
                [
                    0.0,
                    0.7080349922180176,
                    0.7061445713043213,
                    2.846677303314209
                ],
                [
                    0.0,
                    0.0,
                    0.0,
                    1.0
                ]
            ]
        },
        {
            "file_path": "./train/r_23",
            "rotation": 0.06283185307179587,
            "transform_matrix": [
                [
                    -0.24946752190589905,
                    0.5725297927856445,
                    -0.7809715867042542,
                    -3.148327112197876
                ],
                [
                    -0.9683389067649841,
                    -0.1474975198507309,
                    0.20119717717170715,
                    0.8110852837562561
                ],
                [
                    0.0,
                    0.8065011501312256,
                    0.5912025570869446,
                    2.383312225341797
                ],
                [
                    0.0,
                    0.0,
                    0.0,
                    1.0
                ]
            ]
        },
        {
            "file_path": "./train/r_24",
            "rotation": 0.06283185307179587,
            "transform_matrix": [
                [
                    0.232692152261734,
                    -0.6249191164970398,
                    0.7451684474945068,
                    3.0039939880371094
                ],
                [
                    0.9725063443183899,
                    0.1495247632265091,
                    -0.17829687893390656,
                    -0.7187674045562744
                ],
                [
                    -7.450261296781946e-09,
                    0.766230046749115,
                    0.6425352692604065,
                    2.590249538421631
                ],
                [
                    0.0,
                    0.0,
                    0.0,
                    1.0
                ]
            ]
        },
        {
            "file_path": "./train/r_25",
            "rotation": 0.06283185307179587,
            "transform_matrix": [
                [
                    0.064785435795784,
                    -0.46203023195266724,
                    0.8844567537307739,
                    3.5655064582824707
                ],
                [
                    0.9978562593460083,
                    0.029997140169143677,
                    -0.05742301791906357,
                    -0.2314891517162323
                ],
                [
                    -1.862565213173184e-09,
                    0.8863510489463806,
                    0.4629862308502197,
                    1.8664343357086182
                ],
                [
                    0.0,
                    0.0,
                    0.0,
                    1.0
                ]
            ]
        },
        {
            "file_path": "./train/r_26",
            "rotation": 0.06283185307179587,
            "transform_matrix": [
                [
                    0.9980817437171936,
                    -0.0508199967443943,
                    0.03412381932139397,
                    0.13756319880485535
                ],
                [
                    0.06121198087930679,
                    0.8286369442939758,
                    -0.5564001798629761,
                    -2.243013620376587
                ],
                [
                    -1.8625651021508816e-09,
                    0.5574658513069153,
                    0.8301637172698975,
                    3.346635103225708
                ],
                [
                    0.0,
                    0.0,
                    0.0,
                    1.0
                ]
            ]
        },
        {
            "file_path": "./train/r_27",
            "rotation": 0.06283185307179587,
            "transform_matrix": [
                [
                    0.3309328556060791,
                    -0.7631286382675171,
                    0.5550472736358643,
                    2.2375593185424805
                ],
                [
                    0.9436089396476746,
                    0.2676366865634918,
                    -0.194660484790802,
                    -0.7847338914871216
                ],
                [
                    -1.4900523481742312e-08,
                    0.5882135629653931,
                    0.8086700439453125,
                    3.2599878311157227
                ],
                [
                    0.0,
                    0.0,
                    0.0,
                    1.0
                ]
            ]
        },
        {
            "file_path": "./train/r_28",
            "rotation": 0.06283185307179587,
            "transform_matrix": [
                [
                    0.9978634119033813,
                    0.034330468624830246,
                    -0.054812971502542496,
                    -0.22096727788448334
                ],
                [
                    -0.06467568874359131,
                    0.5296753644943237,
                    -0.8456942439079285,
                    -3.409243106842041
                ],
                [
                    1.862565213173184e-09,
                    0.847499430179596,
                    0.5307676196098328,
                    2.139680862426758
                ],
                [
                    0.0,
                    0.0,
                    0.0,
                    1.0
                ]
            ]
        },
        {
            "file_path": "./train/r_29",
            "rotation": 0.06283185307179587,
            "transform_matrix": [
                [
                    0.8409252762794495,
                    -0.2939993143081665,
                    0.4542360305786133,
                    1.8311598300933838
                ],
                [
                    0.5410718321800232,
                    0.4569290578365326,
                    -0.7059664130210876,
                    -2.845959424972534
                ],
                [
                    -1.4900520817207052e-08,
                    0.8395058512687683,
                    0.5433215498924255,
                    2.1902897357940674
                ],
                [
                    0.0,
                    0.0,
                    0.0,
                    1.0
                ]
            ]
        },
        {
            "file_path": "./train/r_30",
            "rotation": 0.06283185307179587,
            "transform_matrix": [
                [
                    0.6308294534683228,
                    0.583137035369873,
                    -0.5118066668510437,
                    -2.063243865966797
                ],
                [
                    -0.7758662104606628,
                    0.47412821650505066,
                    -0.41613200306892395,
                    -1.677551031112671
                ],
                [
                    0.0,
                    0.6596540212631226,
                    0.7515353560447693,
                    3.029661178588867
                ],
                [
                    0.0,
                    0.0,
                    0.0,
                    1.0
                ]
            ]
        },
        {
            "file_path": "./train/r_31",
            "rotation": 0.06283185307179587,
            "transform_matrix": [
                [
                    -0.8324522376060486,
                    0.5312609672546387,
                    -0.15722820162773132,
                    -0.6338333487510681
                ],
                [
                    -0.5540193915367126,
                    -0.7982560992240906,
                    0.23624619841575623,
                    0.9523782134056091
                ],
                [
                    2.9801046963484623e-08,
                    0.2837936580181122,
                    0.958845317363739,
                    3.865388870239258
                ],
                [
                    0.0,
                    0.0,
                    0.0,
                    1.0
                ]
            ]
        },
        {
            "file_path": "./train/r_32",
            "rotation": 0.06283185307179587,
            "transform_matrix": [
                [
                    -0.7080814242362976,
                    0.38528215885162354,
                    -0.5916967391967773,
                    -2.3853039741516113
                ],
                [
                    -0.706070065498352,
                    -0.3863796591758728,
                    0.5933822989463806,
                    2.392098903656006
                ],
                [
                    1.4900519929028633e-08,
                    0.8380085229873657,
                    0.5456281304359436,
                    2.199587821960449
                ],
                [
                    0.0,
                    0.0,
                    0.0,
                    1.0
                ]
            ]
        },
        {
            "file_path": "./train/r_33",
            "rotation": 0.06283185307179587,
            "transform_matrix": [
                [
                    0.9945967793464661,
                    -0.0760531947016716,
                    0.07005487382411957,
                    0.2824118733406067
                ],
                [
                    0.10339884459972382,
                    0.7315582036972046,
                    -0.6738600730895996,
                    -2.716529130935669
                ],
                [
                    -3.725130648390973e-09,
                    0.6775163412094116,
                    0.7354741096496582,
                    2.9649136066436768
                ],
                [
                    0.0,
                    0.0,
                    0.0,
                    1.0
                ]
            ]
        },
        {
            "file_path": "./train/r_34",
            "rotation": 0.06283185307179587,
            "transform_matrix": [
                [
                    -0.27773216366767883,
                    -0.9598875641822815,
                    0.03827202692627907,
                    0.15428584814071655
                ],
                [
                    0.9606139063835144,
                    -0.27752217650413513,
                    0.011065187864005566,
                    0.04460704326629639
                ],
                [
                    -9.312826620977432e-10,
                    0.03984130173921585,
                    0.9991647601127625,
                    4.027928352355957
                ],
                [
                    0.0,
                    0.0,
                    0.0,
                    1.0
                ]
            ]
        },
        {
            "file_path": "./train/r_35",
            "rotation": 0.06283185307179587,
            "transform_matrix": [
                [
                    -0.3737177550792694,
                    0.5217890739440918,
                    -0.7668167352676392,
                    -3.0912647247314453
                ],
                [
                    -0.9274961352348328,
                    -0.21024546027183533,
                    0.3089749217033386,
                    1.245569109916687
                ],
                [
                    1.4900520817207052e-08,
                    0.8267545700073242,
                    0.5625334978103638,
                    2.2677388191223145
                ],
                [
                    0.0,
                    0.0,
                    0.0,
                    1.0
                ]
            ]
        },
        {
            "file_path": "./train/r_36",
            "rotation": 0.06283185307179587,
            "transform_matrix": [
                [
                    0.381771445274353,
                    -0.6534164547920227,
                    0.6536402702331543,
                    2.635016918182373
                ],
                [
                    0.9242104291915894,
                    0.2699123024940491,
                    -0.2700047194957733,
                    -1.0884687900543213
                ],
                [
                    0.0,
                    0.7072371244430542,
                    0.7069437503814697,
                    2.8498988151550293
                ],
                [
                    0.0,
                    0.0,
                    0.0,
                    1.0
                ]
            ]
        },
        {
            "file_path": "./train/r_37",
            "rotation": 0.06283185307179587,
            "transform_matrix": [
                [
                    0.9931113719940186,
                    0.018133392557501793,
                    -0.11539150774478912,
                    -0.4651772975921631
                ],
                [
                    -0.11680734157562256,
                    0.15417248010635376,
                    -0.981073796749115,
                    -3.95499849319458
                ],
                [
                    -1.8625653241954865e-09,
                    0.9878723621368408,
                    0.1552295833826065,
                    0.6257763504981995
                ],
                [
                    0.0,
                    0.0,
                    0.0,
                    1.0
                ]
            ]
        },
        {
            "file_path": "./train/r_38",
            "rotation": 0.06283185307179587,
            "transform_matrix": [
                [
                    -0.24685506522655487,
                    -0.7690211534500122,
                    0.5896008610725403,
                    2.3768553733825684
                ],
                [
                    0.9690080881118774,
                    -0.195908322930336,
                    0.1502009779214859,
                    0.6055045127868652
                ],
                [
                    0.0,
                    0.6084541082382202,
                    0.7935539484024048,
                    3.1990504264831543
                ],
                [
                    0.0,
                    0.0,
                    0.0,
                    1.0
                ]
            ]
        },
        {
            "file_path": "./train/r_39",
            "rotation": 0.06283185307179587,
            "transform_matrix": [
                [
                    -0.9606014490127563,
                    0.18058426678180695,
                    -0.21107110381126404,
                    -0.8508899211883545
                ],
                [
                    -0.27777522802352905,
                    -0.6244959831237793,
                    0.7299254536628723,
                    2.942544937133789
                ],
                [
                    0.0,
                    0.7598578929901123,
                    0.6500579714775085,
                    2.6205756664276123
                ],
                [
                    0.0,
                    0.0,
                    0.0,
                    1.0
                ]
            ]
        },
        {
            "file_path": "./train/r_40",
            "rotation": 0.06283185307179587,
            "transform_matrix": [
                [
                    0.9492990970611572,
                    -0.11735252290964127,
                    0.2915049195289612,
                    1.1751424074172974
                ],
                [
                    0.3142378628253937,
                    0.3545169532299042,
                    -0.8806239366531372,
                    -3.5500552654266357
                ],
                [
                    0.0,
                    0.9276509284973145,
                    0.37342166900634766,
                    1.5053731203079224
                ],
                [
                    0.0,
                    0.0,
                    0.0,
                    1.0
                ]
            ]
        },
        {
            "file_path": "./train/r_41",
            "rotation": 0.06283185307179587,
            "transform_matrix": [
                [
                    0.7016074657440186,
                    0.09147176891565323,
                    -0.7066089510917664,
                    -2.8485496044158936
                ],
                [
                    -0.7125033736228943,
                    0.09007293730974197,
                    -0.6958032250404358,
                    -2.804988384246826
                ],
                [
                    0.0,
                    0.9917204976081848,
                    0.12837065756320953,
                    0.5175000429153442
                ],
                [
                    0.0,
                    0.0,
                    0.0,
                    1.0
                ]
            ]
        },
        {
            "file_path": "./train/r_42",
            "rotation": 0.06283185307179587,
            "transform_matrix": [
                [
                    0.2965341806411743,
                    0.8976795673370361,
                    -0.32590577006340027,
                    -1.3138225078582764
                ],
                [
                    -0.95497727394104,
                    0.27874237298965454,
                    -0.10119842737913132,
                    -0.40796077251434326
                ],
                [
                    0.0,
                    0.34126847982406616,
                    0.9399264454841614,
                    3.789121150970459
                ],
                [
                    0.0,
                    0.0,
                    0.0,
                    1.0
                ]
            ]
        },
        {
            "file_path": "./train/r_43",
            "rotation": 0.06283185307179587,
            "transform_matrix": [
                [
                    0.8956609964370728,
                    0.1448192596435547,
                    -0.42039865255355835,
                    -1.694751262664795
                ],
                [
                    -0.4446408450603485,
                    0.29171621799468994,
                    -0.846828818321228,
                    -3.4138171672821045
                ],
                [
                    -7.450260408603526e-09,
                    0.9454728960990906,
                    0.3256736099720001,
                    1.3128864765167236
                ],
                [
                    0.0,
                    0.0,
                    0.0,
                    1.0
                ]
            ]
        },
