{
    "camera_angle_x": 0.6911112070083618,
    "frames": [
        {
            "file_path": "./train/r_0",
            "rotation": 0.06283185307179587,
            "transform_matrix": [
                [
                    -0.8734007477760315,
                    0.2648175060749054,
                    -0.4086107313632965,
                    -1.6472305059432983
                ],
                [
                    -0.4869139492511749,
                    -0.4750158190727234,
                    0.7329445481300354,
                    2.9547159671783447
                ],
                [
                    0.0,
                    0.8391790390014648,
                    0.543826162815094,
                    2.192323923110962
                ],
                [
                    0.0,
                    0.0,
                    0.0,
                    1.0
                ]
            ]
        },
        {
            "file_path": "./train/r_1",
            "rotation": 0.06283185307179587,
            "transform_matrix": [
                [
                    0.9429545998573303,
                    0.25734275579452515,
                    -0.21102355420589447,
                    -0.8506982922554016
                ],
                [
                    -0.33279287815093994,
                    0.7291698455810547,
                    -0.5979263782501221,
                    -2.4104177951812744
                ],
                [
                    0.0,
                    0.6340946555137634,
                    0.7732208967208862,
                    3.117081880569458
                ],
                [
                    0.0,
                    0.0,
                    0.0,
                    1.0
                ]
            ]
        },
        {
            "file_path": "./train/r_2",
            "rotation": 0.06283185307179587,
            "transform_matrix": [
                [
                    -0.7741771936416626,
                    0.23747001588344574,
                    -0.5866661667823792,
                    -2.3650245666503906
                ],
                [
                    -0.6329010725021362,
                    -0.29047802090644836,
                    0.7176216840744019,
                    2.8929450511932373
                ],
                [
                    1.4900520817207052e-08,
                    0.9269415140151978,
                    0.3751789927482605,
                    1.512457251548767
                ],
                [
                    0.0,
                    0.0,
                    0.0,
                    1.0
                ]
            ]
        },
        {
            "file_path": "./train/r_3",
            "rotation": 0.06283185307179587,
            "transform_matrix": [
                [
                    -0.5046801567077637,
                    0.7857920527458191,
                    -0.35747775435447693,
                    -1.4410982131958008
                ],
                [
                    -0.8632566928863525,
                    -0.4593925178050995,
                    0.2089899182319641,
                    0.8424999713897705
                ],
                [
                    1.4900520817207052e-08,
                    0.41410088539123535,
                    0.9101924896240234,
                    3.6692545413970947
                ],
                [
                    0.0,
                    0.0,
                    0.0,
                    1.0
                ]
            ]
        },
        {
            "file_path": "./train/r_4",
            "rotation": 0.06283185307179587,
            "transform_matrix": [
                [
                    0.09472489356994629,
                    0.7075322270393372,
                    -0.7002707123756409,
                    -2.822998046875
                ],
                [
                    -0.9954603910446167,
                    0.06732654571533203,
                    -0.06663556396961212,
                    -0.2686276435852051
                ],
                [
                    0.0,
                    0.7034595012664795,
                    0.7107024192810059,
                    2.865051507949829
                ],
                [
                    0.0,
                    0.0,
                    0.0,
                    1.0
                ]
            ]
        },
        {
            "file_path": "./train/r_5",
            "rotation": 0.06283185307179587,
            "transform_matrix": [
                [
                    0.32372617721557617,
                    0.7439361810684204,
                    -0.5845661759376526,
                    -2.3565585613250732
                ],
                [
                    -0.9461055397987366,
                    0.2545504570007324,
                    -0.20001931488513947,
                    -0.8063368201255798
                ],
                [
                    0.0,
                    0.6178616285324097,
                    0.7862520217895508,
                    3.169613838195801
                ],
                [
                    0.0,
                    0.0,
                    0.0,
                    1.0
                ]
            ]
        },
        {
            "file_path": "./train/r_6",
            "rotation": 0.06283185307179587,
            "transform_matrix": [
                [
                    0.13440336287021637,
                    0.7122353911399841,
                    -0.6889199018478394,
                    -2.7772395610809326
                ],
                [
                    -0.990883469581604,
                    0.09660757333040237,
                    -0.0934450551867485,
                    -0.3767046332359314
                ],
                [
                    0.0,
                    0.6952536702156067,
                    0.7187314033508301,
                    2.89741849899292
                ],
                [
                    0.0,
                    0.0,
                    0.0,
                    1.0
                ]
            ]
        },
        {
            "file_path": "./train/r_7",
            "rotation": 0.06283185307179587,
            "transform_matrix": [
                [
                    -0.33905503153800964,
                    -0.6934819221496582,
                    0.6356700658798218,
                    2.5625739097595215
                ],
                [
                    0.9407209157943726,
                    -0.24994505941867828,
                    0.22910849750041962,
                    0.9236040115356445
                ],
                [
                    0.0,
                    0.6757220029830933,
                    0.7371229529380798,
                    2.971560478210449
                ],
                [
                    0.0,
                    0.0,
                    0.0,
                    1.0
                ]
            ]
        },
        {
            "file_path": "./train/r_8",
            "rotation": 0.06283185307179587,
            "transform_matrix": [
                [
                    0.9976025223731995,
                    0.03774883225560188,
                    -0.05725894123315811,
                    -0.2308277040719986
                ],
                [
                    -0.06858164072036743,
                    0.5491021871566772,
                    -0.8329001665115356,
                    -3.357666492462158
                ],
                [
                    3.725130204301763e-09,
                    0.8348963260650635,
                    0.5503782629966736,
                    2.2187373638153076
                ],
                [
                    0.0,
                    0.0,
                    0.0,
                    1.0
                ]
            ]
        },
        {
            "file_path": "./train/r_9",
            "rotation": 0.06283185307179587,
            "transform_matrix": [
                [
                    -0.44470950961112976,
                    -0.5888166427612305,
                    0.6748854517936707,
                    2.720662832260132
                ],
                [
                    0.895626962184906,
                    -0.2923676371574402,
                    0.3351038098335266,
                    1.3509024381637573
                ],
                [
                    -1.4900521705385472e-08,
                    0.7535291314125061,
                    0.6573829650878906,
                    2.6501049995422363
                ],
                [
                    0.0,
                    0.0,
                    0.0,
                    1.0
                ]
            ]
        },
        {
            "file_path": "./train/r_10",
            "rotation": 0.06283185307179587,
            "transform_matrix": [
                [
                    -0.15171471238136292,
                    -0.4100523293018341,
                    0.8993160724639893,
                    3.625408411026001
                ],
                [
                    0.9883809089660645,
                    -0.06294230371713638,
                    0.13804341852664948,
                    0.5564937591552734
                ],
                [
                    -3.725130426346368e-09,
                    0.909882128238678,
                    0.4148399233818054,
                    1.6723421812057495
                ],
                [
                    0.0,
                    0.0,
                    0.0,
                    1.0
                ]
            ]
        },
        {
            "file_path": "./train/r_11",
            "rotation": 0.06283185307179587,
            "transform_matrix": [
                [
                    -0.5890714526176453,
                    0.49193868041038513,
                    -0.6410343050956726,
                    -2.5841987133026123
                ],
                [
                    -0.8080277442932129,
                    -0.3586350381374359,
                    0.4673292338848114,
                    1.8839422464370728
                ],
                [
                    -1.4900520817207052e-08,
                    0.7933266758918762,
                    0.6087657809257507,
                    2.4541146755218506
                ],
                [
                    0.0,
                    0.0,
                    0.0,
                    1.0
                ]
            ]
        },
        {
            "file_path": "./train/r_12",
            "rotation": 0.06283185307179587,
            "transform_matrix": [
                [
                    0.7025543451309204,
                    0.6237516403198242,
                    -0.34248387813568115,
                    -1.3806536197662354
                ],
                [
                    -0.7115696668624878,
                    0.615848958492279,
                    -0.3381447494029999,
                    -1.363161325454712
                ],
                [
                    -1.4900520817207052e-08,
                    0.4813043177127838,
                    0.8765160441398621,
                    3.5334949493408203
                ],
                [
                    0.0,
                    0.0,
                    0.0,
                    1.0
                ]
            ]
        },
        {
            "file_path": "./train/r_13",
            "rotation": 0.06283185307179587,
            "transform_matrix": [
                [
                    0.8401470184326172,
                    0.5108019113540649,
                    -0.18212226033210754,
                    -0.7341886758804321
                ],
                [
                    -0.5422797799110413,
                    0.7913787364959717,
                    -0.28215962648391724,
                    -1.1374688148498535
                ],
                [
                    0.0,
                    0.3358433246612549,
                    0.9418783187866211,
                    3.796989917755127
                ],
                [
                    0.0,
                    0.0,
                    0.0,
                    1.0
                ]
            ]
        },
        {
            "file_path": "./train/r_14",
            "rotation": 0.06283185307179587,
            "transform_matrix": [
                [
                    -0.8816627264022827,
                    -0.27485156059265137,
                    0.3834682106971741,
                    1.545873761177063
                ],
                [
                    0.47178924083709717,
                    -0.5136327147483826,
                    0.7166115641593933,
                    2.8888731002807617
                ],
                [
                    1.4900522593563892e-08,
                    0.8127902746200562,
                    0.5825266242027283,
                    2.348336935043335
                ],
                [
                    0.0,
                    0.0,
                    0.0,
                    1.0
                ]
            ]
        },
        {
            "file_path": "./train/r_15",
            "rotation": 0.06283185307179587,
            "transform_matrix": [
                [
                    0.14425186812877655,
                    0.15812768042087555,
                    -0.9767836332321167,
                    -3.9377031326293945
                ],
                [
                    -0.989497721195221,
                    0.023052316159009933,
                    -0.1423983871936798,
                    -0.5740499496459961
                ],
                [
                    0.0,
                    0.987144410610199,
                    0.15979339182376862,
                    0.644174337387085
                ],
                [
                    0.0,
                    0.0,
                    0.0,
                    1.0
                ]
            ]
        },
        {
            "file_path": "./train/r_16",
            "rotation": 0.06283185307179587,
            "transform_matrix": [
                [
                    0.9604342579841614,
                    -0.2759961485862732,
                    0.036223117262125015,
                    0.14602607488632202
                ],
                [
                    0.27835267782211304,
                    0.9523032307624817,
                    -0.12498506158590317,
                    -0.5038516521453857
                ],
                [
                    3.725130426346368e-09,
                    0.13013330101966858,
                    0.9914555549621582,
                    3.996849775314331
                ],
                [
                    0.0,
                    0.0,
                    0.0,
                    1.0
                ]
            ]
        },
        {
            "file_path": "./train/r_17",
            "rotation": 0.06283185307179587,
            "transform_matrix": [
                [
                    0.21399752795696259,
                    -0.2991120517253876,
                    0.9298714399337769,
                    3.7485861778259277
                ],
                [
                    0.9767903089523315,
                    0.06553017348051071,
                    -0.2037184238433838,
                    -0.8212491273880005
                ],
                [
                    0.0,
                    0.9519599080085754,
                    0.30619505047798157,
                    1.2343627214431763
                ],
                [
                    0.0,
                    0.0,
                    0.0,
                    1.0
                ]
            ]
        },
        {
            "file_path": "./train/r_18",
            "rotation": 0.06283185307179587,
            "transform_matrix": [
                [
                    0.4376010298728943,
                    0.860202968120575,
                    -0.26177582144737244,
                    -1.055295705795288
                ],
                [
                    -0.8991214632987976,
                    0.4186594784259796,
                    -0.12740591168403625,
                    -0.51361083984375
                ],
                [
                    -7.450260408603526e-09,
                    0.2911442816257477,
                    0.9566391706466675,
                    3.8564951419830322
                ],
                [
                    0.0,
                    0.0,
                    0.0,
                    1.0
                ]
            ]
        },
        {
            "file_path": "./train/r_19",
            "rotation": 0.06283185307179587,
            "transform_matrix": [
                [
                    0.99916672706604,
                    0.016590576618909836,
                    -0.036122824996709824,
                    -0.14562177658081055
                ],
                [
                    -0.039750225841999054,
                    0.41702279448509216,
                    -0.9079878330230713,
                    -3.660367012023926
                ],
                [
                    9.312826620977432e-10,
                    0.9087390303611755,
                    0.417337566614151,
                    1.6824109554290771
                ],
                [
                    0.0,
                    0.0,
                    0.0,
                    1.0
                ]
            ]
        },
        {
            "file_path": "./train/r_20",
            "rotation": 0.06283185307179587,
            "transform_matrix": [
                [
                    0.9022711515426636,
                    0.3703320324420929,
                    -0.22064857184886932,
                    -0.8894996047019958
                ],
                [
                    -0.43106967210769653,
                    0.7751412987709045,
                    -0.46183913946151733,
                    -1.8618099689483643
                ],
                [
                    0.0,
                    0.5118595957756042,
                    0.859032154083252,
                    3.463012456893921
                ],
                [
                    0.0,
                    0.0,
                    0.0,
                    1.0
                ]
            ]
        },
        {
            "file_path": "./train/r_21",
            "rotation": 0.06283185307179587,
            "transform_matrix": [
                [
                    -0.6084796786308289,
                    -0.42257869243621826,
                    0.6716464161872864,
                    2.7076051235198975
                ],
                [
                    0.7935155034065247,
                    -0.3240397870540619,
                    0.5150286555290222,
                    2.076232671737671
                ],
                [
                    0.0,
                    0.846413254737854,
                    0.5324978232383728,
                    2.146656036376953
                ],
                [
                    0.0,
                    0.0,
                    0.0,
                    1.0
                ]
            ]
        },
        {
            "file_path": "./train/r_22",
            "rotation": 0.06283185307179587,
            "transform_matrix": [
                [
                    -0.9997726678848267,
                    -0.006943294778466225,
                    0.017906390130519867,
                    0.0721859484910965
                ],
                [
                    0.019205298274755478,
                    -0.3614479899406433,
                    0.9321552515029907,
                    3.7577929496765137
                ],
                [
                    0.0,
                    0.9323610663414001,
                    0.3615016043186188,
                    1.4573196172714233
                ],
                [
                    0.0,
                    0.0,
                    0.0,
                    1.0
                ]
            ]
        },
        {
            "file_path": "./train/r_23",
            "rotation": 0.06283185307179587,
            "transform_matrix": [
                [
                    -0.07506783306598663,
                    0.9722219705581665,
                    -0.22166459262371063,
                    -0.8935954570770264
                ],
                [
                    -0.9971354603767395,
                    -0.07319226115942001,
                    0.016687683761119843,
                    0.06727298349142075
                ],
                [
                    0.0,
                    0.22229984402656555,
                    0.9749377965927124,
                    3.930262327194214
                ],
                [
                    0.0,
                    0.0,
                    0.0,
                    1.0
                ]
            ]
        },
        {
            "file_path": "./train/r_24",
            "rotation": 0.06283185307179587,
            "transform_matrix": [
                [
                    -0.6859556436538696,
                    -0.4977949261665344,
                    0.5306591391563416,
                    2.1392438411712646
                ],
                [
                    0.7275844812393188,
                    -0.46931347250938416,
                    0.5002973675727844,
                    2.0168466567993164
                ],
                [
                    -1.4900521705385472e-08,
                    0.7293388843536377,
                    0.6841204762458801,
                    2.7578916549682617
                ],
                [
                    0.0,
                    0.0,
                    0.0,
                    1.0
                ]
            ]
        },
        {
            "file_path": "./train/r_25",
            "rotation": 0.06283185307179587,
            "transform_matrix": [
                [
                    -0.7253069281578064,
                    -0.42450836300849915,
                    0.5418959856033325,
                    2.1845428943634033
                ],
                [
                    0.6883633136749268,
                    -0.44729116559028625,
                    0.5709788799285889,
                    2.3017845153808594
                ],
                [
                    -2.9801043410770944e-08,
                    0.7872185111045837,
                    0.6166435480117798,
                    2.485872268676758
                ],
                [
                    0.0,
                    0.0,
                    0.0,
                    1.0
                ]
            ]
        },
        {
            "file_path": "./train/r_26",
            "rotation": 0.06283185307179587,
            "transform_matrix": [
                [
                    -0.9990261793136597,
                    0.025784635916352272,
                    -0.03458371013402939,
                    -0.1394171416759491
                ],
                [
                    -0.043137289583683014,
                    -0.5971521139144897,
                    0.8009318113327026,
                    3.228792667388916
                ],
                [
                    0.0,
                    0.8017072677612305,
                    0.5976868271827698,
                    2.409452199935913
                ],
                [
                    0.0,
                    0.0,
                    0.0,
                    1.0
                ]
            ]
        },
        {
            "file_path": "./train/r_27",
            "rotation": 0.06283185307179587,
            "transform_matrix": [
                [
                    0.6702705025672913,
                    -0.2436618208885193,
                    0.7009183764457703,
                    2.8256092071533203
                ],
                [
                    0.742059051990509,
                    0.2200894057750702,
                    -0.6331098675727844,
                    -2.552253007888794
                ],
                [
                    -1.4900523481742312e-08,
                    0.944552481174469,
                    0.3283330798149109,
                    1.3236076831817627
                ],
                [
                    0.0,
                    0.0,
                    0.0,
                    1.0
                ]
            ]
        },
        {
            "file_path": "./train/r_28",
            "rotation": 0.06283185307179587,
            "transform_matrix": [
                [
                    -0.0650961771607399,
                    -0.9453932046890259,
                    0.3193373382091522,
                    1.2873432636260986
                ],
                [
                    0.9978359937667847,
                    -0.061674945056438446,
                    0.020832721143960953,
                    0.08398285508155823
                ],
                [
                    1.8625653241954865e-09,
                    0.3200278580188751,
                    0.9473683834075928,
                    3.819122076034546
                ],
                [
                    0.0,
                    0.0,
                    0.0,
                    1.0
                ]
            ]
        },
        {
            "file_path": "./train/r_29",
            "rotation": 0.06283185307179587,
            "transform_matrix": [
                [
                    -0.7365304231643677,
                    0.6003222465515137,
                    -0.31157341599464417,
                    -1.2560443878173828
                ],
                [
                    -0.6763409972190857,
                    -0.6537465453147888,
                    0.3393011689186096,
                    1.3678232431411743
                ],
                [
                    -1.4900521705385472e-08,
                    0.46067196130752563,
                    0.887532651424408,
                    3.5779061317443848
                ],
                [
                    0.0,
                    0.0,
                    0.0,
                    1.0
                ]
            ]
        },
        {
            "file_path": "./train/r_30",
            "rotation": 0.06283185307179587,
            "transform_matrix": [
                [
                    0.6078903079032898,
                    -0.15583302080631256,
                    0.7785264849662781,
                    3.138469934463501
                ],
                [
                    0.7939668893814087,
                    0.11931150406599045,
                    -0.5960685610771179,
                    -2.402928113937378
                ],
                [
                    0.0,
                    0.9805462956428528,
                    0.1962558925151825,
                    0.7911653518676758
                ],
                [
                    0.0,
                    0.0,
                    0.0,
                    1.0
                ]
            ]
        },
        {
            "file_path": "./train/r_31",
            "rotation": 0.06283185307179587,
            "transform_matrix": [
                [
                    0.15872988104820251,
                    0.3247072100639343,
                    -0.9323598742485046,
                    -3.758618116378784
                ],
                [
                    -0.9872785806655884,
                    0.052204862236976624,
                    -0.14990031719207764,
                    -0.6042925119400024
                ],
                [
                    3.725130870435578e-09,
                    0.9443673491477966,
                    0.3288651406764984,
                    1.32575261592865
                ],
                [
                    0.0,
                    0.0,
                    0.0,
                    1.0
                ]
            ]
        },
        {
            "file_path": "./train/r_32",
            "rotation": 0.06283185307179587,
            "transform_matrix": [
                [
                    -0.591525673866272,
                    0.5707237720489502,
                    -0.5694835782051086,
                    -2.2957563400268555
                ],
                [
                    -0.8062328696250916,
                    -0.41873490810394287,
                    0.41782495379447937,
                    1.6843756437301636
                ],
                [
                    -1.4900519040850213e-08,
                    0.7063465118408203,
                    0.707833468914032,
                    2.853485584259033
                ],
                [
                    0.0,
                    0.0,
                    0.0,
                    1.0
                ]
            ]
        },
        {
            "file_path": "./train/r_33",
            "rotation": 0.06283185307179587,
            "transform_matrix": [
                [
                    0.2939106822013855,
                    -0.8466836214065552,
                    0.4435229003429413,
                    1.7879718542099
                ],
                [
                    0.9557879567146301,
                    0.2603604197502136,
                    -0.13638602197170258,
                    -0.5498123168945312
                ],
                [
                    0.0,
                    0.46403589844703674,
                    0.885778546333313,
                    3.5708351135253906
                ],
                [
                    0.0,
                    0.0,
                    0.0,
                    1.0
                ]
            ]
        },
        {
            "file_path": "./train/r_34",
            "rotation": 0.06283185307179587,
            "transform_matrix": [
                [
                    0.22109787166118622,
                    0.843093752861023,
                    -0.4901811480522156,
                    -1.976064920425415
                ],
                [
                    -0.9752075672149658,
                    0.19114519655704498,
                    -0.11113327741622925,
                    -0.44801104068756104
                ],
                [
                    0.0,
                    0.5026393532752991,
                    0.8644589781761169,
                    3.484889268875122
                ],
                [
                    0.0,
                    0.0,
                    0.0,
                    1.0
                ]
            ]
        },
        {
            "file_path": "./train/r_35",
            "rotation": 0.06283185307179587,
            "transform_matrix": [
                [
                    0.6925600171089172,
                    -0.49049776792526245,
                    0.5288722515106201,
                    2.132040500640869
                ],
                [
                    0.7213007807731628,
                    0.4709535241127014,
                    -0.507798969745636,
                    -2.0470876693725586
                ],
                [
                    0.0,
                    0.73321533203125,
                    0.6799644231796265,
                    2.741137742996216
                ],
                [
                    0.0,
                    0.0,
                    0.0,
                    1.0
                ]
            ]
        },
        {
            "file_path": "./train/r_36",
            "rotation": 0.06283185307179587,
            "transform_matrix": [
                [
                    -0.5183522701263428,
                    0.18237511813640594,
                    -0.8354455828666687,
                    -3.3679275512695312
                ],
                [
                    -0.8551170229911804,
                    -0.11055160313844681,
                    0.5064278841018677,
                    2.041560173034668
                ],
                [
                    -7.450260852692736e-09,
                    0.9769890308380127,
                    0.21325816214084625,
                    0.8597065210342407
                ],
                [
                    0.0,
                    0.0,
                    0.0,
                    1.0
                ]
            ]
        },
        {
            "file_path": "./train/r_37",
            "rotation": 0.06283185307179587,
            "transform_matrix": [
                [
                    -0.9207883477210999,
                    0.2723318636417389,
                    -0.2791134715080261,
                    -1.1251888275146484
                ],
                [
                    -0.3899526596069336,
                    -0.6430523991584778,
                    0.6590656638145447,
                    2.656888484954834
                ],
                [
                    0.0,
                    0.7157577276229858,
                    0.6983161568641663,
                    2.8151187896728516
                ],
                [
                    0.0,
                    0.0,
                    0.0,
                    1.0
                ]
            ]
        },
        {
            "file_path": "./train/r_38",
            "rotation": 0.06283185307179587,
            "transform_matrix": [
                [
                    -0.8485167026519775,
                    -0.3089669942855835,
                    0.4295123815536499,
                    1.731491208076477
                ],
                [
                    0.5290876030921936,
                    -0.49550142884254456,
                    0.6888243556022644,
                    2.7768545150756836
                ],
                [
                    -1.4900522593563892e-08,
                    0.8117928504943848,
                    0.5839157104492188,
                    2.3539366722106934
                ],
                [
                    0.0,
                    0.0,
                    0.0,
                    1.0
                ]
            ]
        },
        {
            "file_path": "./train/r_39",
            "rotation": 0.06283185307179587,
            "transform_matrix": [
                [
                    0.5922774076461792,
                    0.49470216035842896,
                    -0.6359333395957947,
                    -2.5636353492736816
                ],
                [
                    -0.8056808114051819,
                    0.36366868019104004,
                    -0.4674915075302124,
                    -1.884596347808838
                ],
                [
                    0.0,
                    0.7893064022064209,
                    0.6139689087867737,
                    2.4750900268554688
                ],
                [
                    0.0,
                    0.0,
                    0.0,
                    1.0
                ]
            ]
        },
        {
            "file_path": "./train/r_40",
            "rotation": 0.06283185307179587,
            "transform_matrix": [
                [
                    -0.05116013064980507,
                    -0.5599125027656555,
                    0.8269344568252563,
                    3.3336174488067627
                ],
                [
                    0.9986475110054016,
                    -0.028683992102742195,
                    0.04236337170004845,
                    0.1707792729139328
                ],
                [
                    0.0,
                    0.8280489444732666,
                    0.5606263875961304,
                    2.2600507736206055
                ],
                [
                    0.0,
                    0.0,
                    0.0,
                    1.0
                ]
            ]
        },
        {
            "file_path": "./train/r_41",
            "rotation": 0.06283185307179587,
            "transform_matrix": [
                [
                    -0.9006794691085815,
                    0.4234166443347931,
                    -0.09706957638263702,
                    -0.39131614565849304
                ],
                [
                    -0.4343852996826172,
                    -0.8779364228248596,
                    0.20126964151859283,
                    0.8113774061203003
                ],
                [
                    0.0,
                    0.2234628051519394,
                    0.9746719598770142,
                    3.9291906356811523
                ],
                [
                    0.0,
                    0.0,
                    0.0,
                    1.0
                ]
            ]
        },
        {
            "file_path": "./train/r_42",
            "rotation": 0.06283185307179587,
            "transform_matrix": [
                [
                    0.8201301693916321,
                    -0.22847364842891693,
                    0.5245048999786377,
                    2.114434003829956
                ],
                [
                    0.5721020698547363,
                    0.3275257349014282,
                    -0.7518978714942932,
                    -3.0311222076416016
                ],
                [
                    0.0,
                    0.9167969226837158,
                    0.3993266224861145,
                    1.609803557395935
                ],
                [
                    0.0,
                    0.0,
                    0.0,
                    1.0
                ]
            ]
        },
        {
            "file_path": "./train/r_43",
            "rotation": 0.06283185307179587,
            "transform_matrix": [
                [
                    -0.2305206060409546,
                    0.9042819738388062,
                    -0.3593199849128723,
                    -1.4485249519348145
                ],
                [
                    -0.9730232954025269,
                    -0.21423497796058655,
                    0.0851271003484726,
                    0.34317246079444885
                ],
                [
                    -7.450261296781946e-09,
                    0.3692793846130371,
                    0.9292792677879333,
                    3.746199131011963
                ],
                [
                    0.0,
                    0.0,
                    0.0,
                    1.0
                ]
            ]
        },
        {
