{
    "camera_angle_x": 0.6911112070083618,
    "frames": [
        {
            "file_path": "./train/r_0",
            "rotation": 0.06283185307179587,
            "transform_matrix": [
                [
                    -0.9862750172615051,
                    -0.1353958249092102,
                    0.0940488651394844,
                    0.3791387677192688
                ],
                [
                    0.16485083103179932,
                    -0.8100506067276001,
                    0.5626785755157471,
                    2.2683238983154297
                ],
                [
                    7.450260852692736e-09,
                    0.5705050230026245,
                    0.8212581276893616,
                    3.310734272003174
                ],
                [
                    0.0,
                    0.0,
                    0.0,
                    1.0
                ]
            ]
        },
        {
            "file_path": "./train/r_1",
            "rotation": 0.06283185307179587,
            "transform_matrix": [
                [
                    -0.9331726431846619,
                    -0.34630781412124634,
                    0.09582839161157608,
                    0.3863125443458557
                ],
                [
                    0.3593091666698456,
                    -0.8994064927101135,
                    0.24887880682945251,
                    1.0033040046691895
                ],
                [
                    -7.450260852692736e-09,
                    0.26670005917549133,
                    0.9637393951416016,
                    3.885118246078491
                ],
                [
                    0.0,
                    0.0,
                    0.0,
                    1.0
                ]
            ]
        },
        {
            "file_path": "./train/r_2",
            "rotation": 0.06283185307179587,
            "transform_matrix": [
                [
                    -0.7068369388580322,
                    0.26056599617004395,
                    -0.6575769782066345,
                    -2.6508872509002686
                ],
                [
                    -0.7073157429695129,
                    -0.26038962602615356,
                    0.6571319103240967,
                    2.649092674255371
                ],
                [
                    0.0,
                    0.929673433303833,
                    0.3683578670024872,
                    1.4849594831466675
                ],
                [
                    0.0,
                    0.0,
                    0.0,
                    1.0
                ]
            ]
        },
        {
            "file_path": "./train/r_3",
            "rotation": 0.06283185307179587,
            "transform_matrix": [
                [
                    -0.49142611026763916,
                    0.6733875274658203,
                    -0.55226731300354,
                    -2.2263524532318115
                ],
                [
                    -0.870870053768158,
                    -0.37998804450035095,
                    0.31164076924324036,
                    1.2563159465789795
                ],
                [
                    2.9801043410770944e-08,
                    0.6341515779495239,
                    0.7731742858886719,
                    3.1168935298919678
                ],
                [
                    0.0,
                    0.0,
                    0.0,
                    1.0
                ]
            ]
        },
        {
            "file_path": "./train/r_4",
            "rotation": 0.06283185307179587,
            "transform_matrix": [
                [
                    -0.33096930384635925,
                    -0.8127838969230652,
                    0.47938141226768494,
                    1.932527780532837
                ],
                [
                    0.9435960650444031,
                    -0.2850865423679352,
                    0.16814453899860382,
                    0.6778402328491211
                ],
                [
                    0.0,
                    0.5080332159996033,
                    0.8613004088401794,
                    3.472156047821045
                ],
                [
                    0.0,
                    0.0,
                    0.0,
                    1.0
                ]
            ]
        },
        {
            "file_path": "./train/r_5",
            "rotation": 0.06283185307179587,
            "transform_matrix": [
                [
                    0.6971325278282166,
                    0.11661761999130249,
                    -0.707335352897644,
                    -2.851477861404419
                ],
                [
                    -0.7168822884559631,
                    0.11340486258268356,
                    -0.6878485679626465,
                    -2.772920846939087
                ],
                [
                    0.0,
                    0.9866759777069092,
                    0.1626604050397873,
                    0.6557321548461914
                ],
                [
                    0.0,
                    0.0,
                    0.0,
                    1.0
                ]
            ]
        },
        {
            "file_path": "./train/r_6",
            "rotation": 0.06283185307179587,
            "transform_matrix": [
                [
                    -0.45556116104125977,
                    0.42002400755882263,
                    -0.7848396897315979,
                    -3.1639206409454346
                ],
                [
                    -0.8901562690734863,
                    -0.21495845913887024,
                    0.40166258811950684,
                    1.6192206144332886
                ],
                [
                    -1.4900521705385472e-08,
                    0.8816816806793213,
                    0.47181689739227295,
                    1.9020333290100098
                ],
                [
                    0.0,
                    0.0,
                    0.0,
                    1.0
                ]
            ]
        },
        {
            "file_path": "./train/r_7",
            "rotation": 0.06283185307179587,
            "transform_matrix": [
                [
                    0.4704893231391907,
                    0.844020426273346,
                    -0.25736716389656067,
                    -1.0375230312347412
                ],
                [
                    -0.8823570013046265,
                    0.45004749298095703,
                    -0.13723300397396088,
                    -0.5532267093658447
                ],
                [
                    0.0,
                    0.2916794717311859,
                    0.9564762115478516,
                    3.855837821960449
                ],
                [
                    0.0,
                    0.0,
                    0.0,
                    1.0
                ]
            ]
        },
        {
            "file_path": "./train/r_8",
            "rotation": 0.06283185307179587,
            "transform_matrix": [
                [
                    0.9643096923828125,
                    -0.16698549687862396,
                    0.20527829229831696,
                    0.8275374174118042
                ],
                [
                    0.2646149694919586,
                    0.6085283756256104,
                    -0.748075008392334,
                    -3.0157113075256348
                ],
                [
                    7.450261296781946e-09,
                    0.7757571339607239,
                    0.6310007572174072,
                    2.543750524520874
                ],
                [
                    0.0,
                    0.0,
                    0.0,
                    1.0
                ]
            ]
        },
        {
            "file_path": "./train/r_9",
            "rotation": 0.06283185307179587,
            "transform_matrix": [
                [
                    -0.750266969203949,
                    -0.12480755150318146,
                    0.649183452129364,
                    2.6170504093170166
                ],
                [
                    0.661069929599762,
                    -0.141647607088089,
                    0.73677659034729,
                    2.9701642990112305
                ],
                [
                    0.0,
                    0.9820127487182617,
                    0.18878130614757538,
                    0.7610331773757935
                ],
                [
                    0.0,
                    0.0,
                    0.0,
                    1.0
                ]
            ]
        },
        {
            "file_path": "./train/r_10",
            "rotation": 0.06283185307179587,
            "transform_matrix": [
                [
                    0.6128027439117432,
                    0.3936326205730438,
                    -0.6851668953895569,
                    -2.7621099948883057
                ],
                [
                    -0.7901816964149475,
                    0.3052704930305481,
                    -0.5313615202903748,
                    -2.142075300216675
                ],
                [
                    0.0,
                    0.8670946955680847,
                    0.4981151819229126,
                    2.008049249649048
                ],
                [
                    0.0,
                    0.0,
                    0.0,
                    1.0
                ]
            ]
        },
        {
            "file_path": "./train/r_11",
            "rotation": 0.06283185307179587,
            "transform_matrix": [
                [
                    -0.9999562501907349,
                    -0.00043079035822302103,
                    0.0012589633697643876,
                    0.005075253080576658
                ],
                [
                    0.0013306201435625553,
                    -0.32373741269111633,
                    0.9461064338684082,
                    3.8140344619750977
                ],
                [
                    0.0,
                    0.9461416006088257,
                    0.32372596859931946,
                    1.3050349950790405
                ],
                [
                    0.0,
                    0.0,
                    0.0,
                    1.0
                ]
            ]
        },
        {
            "file_path": "./train/r_12",
            "rotation": 0.06283185307179587,
            "transform_matrix": [
                [
                    0.9448989033699036,
                    -0.3089684844017029,
                    0.10782438516616821,
                    0.43467196822166443
                ],
                [
                    0.32723134756088257,
                    0.8921638131141663,
                    -0.31134894490242004,
                    -1.2551395893096924
                ],
                [
                    0.0,
                    0.3295029401779175,
                    0.9441149830818176,
                    3.80600643157959
                ],
                [
                    0.0,
                    0.0,
                    0.0,
                    1.0
                ]
            ]
        },
        {
            "file_path": "./train/r_13",
            "rotation": 0.06283185307179587,
            "transform_matrix": [
                [
                    0.2517344653606415,
                    -0.12800751626491547,
                    0.9592507481575012,
                    3.867023468017578
                ],
                [
                    0.9677520990371704,
                    0.033297695219516754,
                    -0.2495231032371521,
                    -1.0059014558792114
                ],
                [
                    -3.725130870435578e-09,
                    0.9912089705467224,
                    0.13226258754730225,
                    0.533189594745636
                ],
                [
                    0.0,
                    0.0,
                    0.0,
                    1.0
                ]
            ]
        },
        {
            "file_path": "./train/r_14",
            "rotation": 0.06283185307179587,
            "transform_matrix": [
                [
                    -0.9012336730957031,
                    -0.30852973461151123,
                    0.30415281653404236,
                    1.2261298894882202
                ],
                [
                    0.4332343637943268,
                    -0.6418174505233765,
                    0.6327124238014221,
                    2.5506505966186523
                ],
                [
                    0.0,
                    0.7020467519760132,
                    0.7120978832244873,
                    2.8706769943237305
                ],
                [
                    0.0,
                    0.0,
                    0.0,
                    1.0
                ]
            ]
        },
        {
            "file_path": "./train/r_15",
            "rotation": 0.06283185307179587,
            "transform_matrix": [
                [
                    -0.9669720530509949,
                    0.21757642924785614,
                    -0.132451593875885,
                    -0.5339515209197998
                ],
                [
                    -0.25471413135528564,
                    -0.8259860277175903,
                    0.5028263926506042,
                    2.0270416736602783
                ],
                [
                    0.0,
                    0.5199975371360779,
                    0.8541308641433716,
                    3.443253993988037
                ],
                [
                    0.0,
                    0.0,
                    0.0,
                    1.0
                ]
            ]
        },
        {
            "file_path": "./train/r_16",
            "rotation": 0.06283185307179587,
            "transform_matrix": [
                [
                    0.8569633364677429,
                    -0.31703680753707886,
                    0.4062313139438629,
                    1.6376384496688843
                ],
                [
                    0.5152941942214966,
                    0.5272501111030579,
                    -0.6755856275558472,
                    -2.723485231399536
                ],
                [
                    0.0,
                    0.7883431315422058,
                    0.6152053475379944,
                    2.480074405670166
                ],
                [
                    0.0,
                    0.0,
                    0.0,
                    1.0
                ]
            ]
        },
        {
            "file_path": "./train/r_17",
            "rotation": 0.06283185307179587,
            "transform_matrix": [
                [
                    -0.9835363030433655,
                    0.17947199940681458,
                    -0.019043628126382828,
                    -0.07677049934864044
                ],
                [
                    -0.180472731590271,
                    -0.978082537651062,
                    0.10378354787826538,
                    0.4183821678161621
                ],
                [
                    0.0,
                    0.10551972687244415,
                    0.994376003742218,
                    4.0086236000061035
                ],
                [
                    0.0,
                    0.0,
                    0.0,
                    1.0
                ]
            ]
        },
        {
            "file_path": "./train/r_18",
            "rotation": 0.06283185307179587,
            "transform_matrix": [
                [
                    0.9412407279014587,
                    -0.32768815755844116,
                    0.08129391819238663,
                    0.3277198076248169
                ],
                [
                    0.3376094102859497,
                    0.9135807156562805,
                    -0.22664399445056915,
                    -0.9136688709259033
                ],
                [
                    -7.450262184960366e-09,
                    0.24079127609729767,
                    0.970536470413208,
                    3.9125194549560547
                ],
                [
                    0.0,
                    0.0,
                    0.0,
                    1.0
                ]
            ]
        },
        {
            "file_path": "./train/r_19",
            "rotation": 0.06283185307179587,
            "transform_matrix": [
                [
                    -0.7936238050460815,
                    -0.5883466601371765,
                    0.15475769340991974,
                    0.6238738298416138
                ],
                [
                    0.6083382964134216,
                    -0.7675431370735168,
                    0.20189319550991058,
                    0.8138909935951233
                ],
                [
                    7.450260852692736e-09,
                    0.25439247488975525,
                    0.967060923576355,
                    3.898507595062256
                ],
                [
                    0.0,
                    0.0,
                    0.0,
                    1.0
                ]
            ]
        },
        {
            "file_path": "./train/r_20",
            "rotation": 0.06283185307179587,
            "transform_matrix": [
                [
                    -0.9752253293991089,
                    -0.20410014688968658,
                    0.08482955396175385,
                    0.3419729471206665
                ],
                [
                    0.22101978957653046,
                    -0.9005692601203918,
                    0.3743010461330414,
                    1.5089178085327148
                ],
                [
                    -7.450260852692736e-09,
                    0.38380730152130127,
                    0.9233744144439697,
                    3.7223944664001465
                ],
                [
                    0.0,
                    0.0,
                    0.0,
                    1.0
                ]
            ]
        },
        {
            "file_path": "./train/r_21",
            "rotation": 0.06283185307179587,
            "transform_matrix": [
                [
                    0.1778610199689865,
                    -0.636870265007019,
                    0.7501389384269714,
                    3.024031639099121
                ],
                [
                    0.9840121269226074,
                    0.11511483788490295,
                    -0.13558824360370636,
                    -0.5465962886810303
                ],
                [
                    0.0,
                    0.7623220086097717,
                    0.6471666693687439,
                    2.608920097351074
                ],
                [
                    0.0,
                    0.0,
                    0.0,
                    1.0
                ]
            ]
        },
        {
            "file_path": "./train/r_22",
            "rotation": 0.06283185307179587,
            "transform_matrix": [
                [
                    -0.5545235872268677,
                    0.46329566836357117,
                    -0.691225528717041,
                    -2.786534309387207
                ],
                [
                    -0.8321165442466736,
                    -0.30874085426330566,
                    0.46063366532325745,
                    1.8569504022598267
                ],
                [
                    1.4900523481742312e-08,
                    0.8306781053543091,
                    0.5567236542701721,
                    2.2443175315856934
                ],
                [
                    0.0,
                    0.0,
                    0.0,
                    1.0
                ]
            ]
        },
        {
            "file_path": "./train/r_23",
            "rotation": 0.06283185307179587,
            "transform_matrix": [
                [
                    -0.5404413938522339,
                    -0.6953529715538025,
                    0.4736654758453369,
                    1.9094854593276978
                ],
                [
                    0.8413307666778564,
                    -0.4466703534126282,
                    0.304266095161438,
                    1.2265864610671997
                ],
                [
                    0.0,
                    0.562991738319397,
                    0.8264264464378357,
                    3.331568956375122
                ],
                [
                    0.0,
                    0.0,
                    0.0,
                    1.0
                ]
            ]
        },
        {
            "file_path": "./train/r_24",
            "rotation": 0.06283185307179587,
            "transform_matrix": [
                [
                    0.8175819516181946,
                    -0.3182676136493683,
                    0.47977903485298157,
                    1.9341310262680054
                ],
                [
                    0.5757375955581665,
                    0.45195913314819336,
                    -0.6813151240348816,
                    -2.746582508087158
                ],
                [
                    0.0,
                    0.8333238959312439,
                    0.5527559518814087,
                    2.2283225059509277
                ],
                [
                    0.0,
                    0.0,
                    0.0,
                    1.0
                ]
            ]
        },
        {
            "file_path": "./train/r_25",
            "rotation": 0.06283185307179587,
            "transform_matrix": [
                [
                    -0.6366418600082397,
                    0.261955201625824,
                    -0.7252501249313354,
                    -2.9236974716186523
                ],
                [
                    -0.7711039781570435,
                    -0.21627646684646606,
                    0.5987838506698608,
                    2.413874387741089
                ],
                [
                    0.0,
                    0.9405285120010376,
                    0.3396875858306885,
                    1.3693809509277344
                ],
                [
                    0.0,
                    0.0,
                    0.0,
                    1.0
                ]
            ]
        },
        {
            "file_path": "./train/r_26",
            "rotation": 0.06283185307179587,
            "transform_matrix": [
                [
                    -0.3798421025276184,
                    -0.26533493399620056,
                    0.8861373662948608,
                    3.5722813606262207
                ],
                [
                    0.9250050783157349,
                    -0.10895656794309616,
                    0.36388155817985535,
                    1.4669140577316284
                ],
                [
                    -7.450261740871156e-09,
                    0.9579748511314392,
                    0.2868243157863617,
                    1.1562734842300415
                ],
                [
                    0.0,
                    0.0,
                    0.0,
                    1.0
                ]
            ]
        },
        {
            "file_path": "./train/r_27",
            "rotation": 0.06283185307179587,
            "transform_matrix": [
                [
                    -0.9097037315368652,
                    -0.3993035554885864,
                    0.11367574334144592,
                    0.45826050639152527
                ],
                [
                    0.41515466570854187,
                    -0.8749701976776123,
                    0.24909088015556335,
                    1.0041589736938477
                ],
                [
                    0.0,
                    0.2738134264945984,
                    0.961742639541626,
                    3.8770687580108643
                ],
                [
                    0.0,
                    0.0,
                    0.0,
                    1.0
                ]
            ]
        },
        {
            "file_path": "./train/r_28",
            "rotation": 0.06283185307179587,
            "transform_matrix": [
                [
                    -0.1895597279071808,
                    -0.6925143599510193,
                    0.6960195302963257,
                    2.8058602809906006
                ],
                [
                    0.9818255305290222,
                    -0.13370281457901,
                    0.1343795508146286,
                    0.5417236685752869
                ],
                [
                    7.450260852692736e-09,
                    0.7088987827301025,
                    0.7052775621414185,
                    2.84318208694458
                ],
                [
                    0.0,
                    0.0,
                    0.0,
                    1.0
                ]
            ]
        },
        {
            "file_path": "./train/r_29",
            "rotation": 0.06283185307179587,
            "transform_matrix": [
                [
                    -0.5946400761604309,
                    0.09987275302410126,
                    -0.7977126836776733,
                    -3.215815544128418
                ],
                [
                    -0.8039387464523315,
                    -0.07387173920869827,
                    0.5900349617004395,
                    2.378605365753174
                ],
                [
                    -7.450262184960366e-09,
                    0.992249071598053,
                    0.12421948462724686,
                    0.5007654428482056
                ],
                [
                    0.0,
                    0.0,
                    0.0,
                    1.0
                ]
            ]
        },
        {
            "file_path": "./train/r_30",
            "rotation": 0.06283185307179587,
            "transform_matrix": [
                [
                    -0.994683563709259,
                    0.02814364992082119,
                    -0.09862500429153442,
                    -0.39758649468421936
                ],
                [
                    -0.10256152600049973,
                    -0.27294865250587463,
                    0.9565055966377258,
                    3.855956554412842
                ],
                [
                    -1.862565435217789e-09,
                    0.9616115093231201,
                    0.27438580989837646,
                    1.1061302423477173
                ],
                [
                    0.0,
                    0.0,
                    0.0,
                    1.0
                ]
            ]
        },
        {
            "file_path": "./train/r_31",
            "rotation": 0.06283185307179587,
            "transform_matrix": [
                [
                    0.3983122706413269,
                    0.8798075914382935,
                    -0.25934338569641113,
                    -1.0454896688461304
                ],
                [
                    -0.9172031283378601,
                    0.3820725679397583,
                    -0.11262460798025131,
                    -0.45402300357818604
                ],
                [
                    0.0,
                    0.2827526032924652,
                    0.95915287733078,
                    3.8666281700134277
                ],
                [
                    0.0,
                    0.0,
                    0.0,
                    1.0
                ]
            ]
        },
        {
            "file_path": "./train/r_32",
            "rotation": 0.06283185307179587,
            "transform_matrix": [
                [
                    0.7061079740524292,
                    0.49466603994369507,
                    -0.5066070556640625,
                    -2.0422825813293457
                ],
                [
                    -0.70804363489151,
                    0.49331367015838623,
                    -0.5052220821380615,
                    -2.0366995334625244
                ],
                [
                    -1.4900521705385472e-08,
                    0.7154978513717651,
                    0.6985824108123779,
                    2.816192150115967
                ],
                [
                    0.0,
                    0.0,
                    0.0,
                    1.0
                ]
            ]
        },
        {
            "file_path": "./train/r_33",
            "rotation": 0.06283185307179587,
            "transform_matrix": [
                [
                    -0.61184161901474,
                    -0.3318495750427246,
                    0.7179482579231262,
                    2.894261598587036
                ],
                [
                    0.790925920009613,
                    -0.2567109763622284,
                    0.5553878545761108,
                    2.2389326095581055
                ],
                [
                    0.0,
                    0.9077252745628357,
                    0.4195377230644226,
                    1.6912806034088135
                ],
                [
                    0.0,
                    0.0,
                    0.0,
                    1.0
                ]
            ]
        },
        {
            "file_path": "./train/r_34",
            "rotation": 0.06283185307179587,
            "transform_matrix": [
                [
                    0.40851688385009766,
                    -0.6925976276397705,
                    0.5944526195526123,
                    2.396414279937744
                ],
                [
                    0.9127037525177002,
                    0.30999964475631714,
                    -0.2660709619522095,
                    -1.0726107358932495
                ],
                [
                    1.4900521705385472e-08,
                    0.6513051390647888,
                    0.7587816119194031,
                    3.058873176574707
                ],
                [
                    0.0,
                    0.0,
                    0.0,
                    1.0
                ]
            ]
        },
        {
            "file_path": "./train/r_35",
            "rotation": 0.06283185307179587,
            "transform_matrix": [
                [
                    -0.6473287343978882,
                    -0.6528175473213196,
                    0.39337214827537537,
                    1.5857990980148315
                ],
                [
                    0.7621545195579529,
                    -0.5544643998146057,
                    0.3341069221496582,
                    1.3468835353851318
                ],
                [
                    0.0,
                    0.5161282420158386,
                    0.8564743995666504,
                    3.4527010917663574
                ],
                [
                    0.0,
                    0.0,
                    0.0,
                    1.0
                ]
            ]
        },
        {
            "file_path": "./train/r_36",
            "rotation": 0.06283185307179587,
            "transform_matrix": [
                [
                    -0.9828827977180481,
                    0.14203092455863953,
                    -0.11698008328676224,
                    -0.47158128023147583
                ],
                [
                    -0.18399879336357117,
                    -0.7586992979049683,
                    0.6248829960823059,
                    2.51908802986145
                ],
                [
                    0.0,
                    0.6357613205909729,
                    0.7718511819839478,
                    3.111560106277466
                ],
                [
                    0.0,
                    0.0,
                    0.0,
                    1.0
                ]
            ]
        },
        {
            "file_path": "./train/r_37",
            "rotation": 0.06283185307179587,
            "transform_matrix": [
                [
                    -0.8823599815368652,
                    -0.38451769948005676,
                    0.2711319923400879,
                    1.093013048171997
                ],
                [
                    0.47048377990722656,
                    -0.7211365699768066,
                    0.5084894895553589,
                    2.0498709678649902
                ],
                [
                    0.0,
                    0.5762794613838196,
                    0.8172168731689453,
                    3.2944421768188477
                ],
                [
                    0.0,
                    0.0,
                    0.0,
                    1.0
                ]
            ]
        },
        {
            "file_path": "./train/r_38",
            "rotation": 0.06283185307179587,
            "transform_matrix": [
                [
                    -0.3503153324127197,
                    0.8716170191764832,
                    -0.34283363819122314,
                    -1.382063627243042
                ],
                [
                    -0.9365859627723694,
                    -0.3260147273540497,
                    0.12823157012462616,
                    0.5169393420219421
                ],
                [
                    7.450260408603526e-09,
                    0.36604371666908264,
                    0.9305585622787476,
                    3.751356363296509
                ],
                [
                    0.0,
                    0.0,
                    0.0,
                    1.0
                ]
            ]
        },
        {
            "file_path": "./train/r_39",
            "rotation": 0.06283185307179587,
            "transform_matrix": [
                [
                    -0.9352589845657349,
                    -0.35385656356811523,
                    0.00011010748858097941,
                    0.000443875789642334
                ],
                [
                    0.35384318232536316,
                    -0.9352941513061523,
                    0.0002910300681833178,
                    0.0011732280254364014
                ],
                [
                    7.275646231319488e-12,
                    0.0003830915957223624,
                    0.9999587535858154,
                    4.031128883361816
                ],
                [
                    0.0,
                    0.0,
                    0.0,
                    1.0
                ]
            ]
        },
        {
            "file_path": "./train/r_40",
            "rotation": 0.06283185307179587,
            "transform_matrix": [
                [
                    -0.34083762764930725,
                    0.7134885787963867,
                    -0.6121419072151184,
                    -2.4677248001098633
                ],
                [
                    -0.940076470375061,
                    -0.25868508219718933,
                    0.22194045782089233,
                    0.8947075605392456
                ],
                [
                    1.4900520817207052e-08,
                    0.6511574387550354,
                    0.7589085102081299,
                    3.059384346008301
                ],
                [
                    0.0,
                    0.0,
                    0.0,
                    1.0
                ]
            ]
        },
        {
            "file_path": "./train/r_41",
            "rotation": 0.06283185307179587,
            "transform_matrix": [
                [
                    0.06395398080348969,
                    0.46086621284484863,
                    -0.8851243257522583,
                    -3.56819748878479
                ],
                [
                    -0.9979098439216614,
                    0.029535965994000435,
                    -0.05672578886151314,
                    -0.22867842018604279
                ],
                [
                    1.8625653241954865e-09,
                    0.8869723081588745,
                    0.4617948830127716,
                    1.8616316318511963
                ],
                [
                    0.0,
                    0.0,
                    0.0,
                    1.0
                ]
            ]
        },
        {
            "file_path": "./train/r_42",
            "rotation": 0.06283185307179587,
            "transform_matrix": [
                [
                    0.4192112684249878,
                    -0.6571716070175171,
                    0.626366913318634,
                    2.5250699520111084
                ],
                [
                    0.9078415036201477,
                    0.30346015095710754,
                    -0.28923556208610535,
                    -1.1659940481185913
                ],
                [
                    0.0,
                    0.6899471879005432,
                    0.7238264083862305,
                    2.9179582595825195
                ],
                [
                    0.0,
                    0.0,
                    0.0,
                    1.0
                ]
            ]
        },
        {
            "file_path": "./train/r_43",
            "rotation": 0.06283185307179587,
            "transform_matrix": [
                [
                    0.9928098917007446,
                    0.05111540108919144,
                    -0.10784296691417694,
                    -0.4347468614578247
                ],
                [
                    -0.11934258788824081,
                    0.4252285659313202,
                    -0.897144615650177,
                    -3.616655111312866
                ],
                [
                    0.0,
                    0.9036359190940857,
                    0.4282741844654083,
                    1.7264997959136963
                ],
                [
                    0.0,
                    0.0,
                    0.0,
                    1.0
                ]
            ]
        },
        {
