{
    "camera_angle_x": 0.6911112070083618,
    "frames": [
        {
            "file_path": "./train/r_0",
            "rotation": 0.06283185307179587,
            "transform_matrix": [
                [
                    -0.9711530208587646,
                    0.12337484955787659,
                    -0.20385250449180603,
                    -0.8217896819114685
                ],
                [
                    -0.23827694356441498,
                    -0.5028428435325623,
                    0.8308481574058533,
                    3.3493945598602295
                ],
                [
                    0.0,
                    0.8555219173431396,
                    0.5177381038665771,
                    2.087155342102051
                ],
                [
                    0.0,
                    0.0,
                    0.0,
                    1.0
                ]
            ]
        },
        {
            "file_path": "./train/r_1",
            "rotation": 0.06283185307179587,
            "transform_matrix": [
                [
                    -0.7650712132453918,
                    -0.5954651832580566,
                    0.24500729143619537,
                    0.9876967668533325
                ],
                [
                    0.6438790559768677,
                    -0.7075448632240295,
                    0.29112303256988525,
                    1.1736030578613281
                ],
                [
                    0.0,
                    0.38051488995552063,
                    0.9247357845306396,
                    3.7278831005096436
                ],
                [
                    0.0,
                    0.0,
                    0.0,
                    1.0
                ]
            ]
        },
        {
            "file_path": "./train/r_2",
            "rotation": 0.06283185307179587,
            "transform_matrix": [
                [
                    0.9765402674674988,
                    -0.03858429938554764,
                    0.2116478681564331,
                    0.8532150983810425
                ],
                [
                    0.21513555943965912,
                    0.17514126002788544,
                    -0.9607089161872864,
                    -3.872901439666748
                ],
                [
                    3.725130426346368e-09,
                    0.9837818145751953,
                    0.17933453619480133,
                    0.7229505181312561
                ],
                [
                    0.0,
                    0.0,
                    0.0,
                    1.0
                ]
            ]
        },
        {
            "file_path": "./train/r_3",
            "rotation": 0.06283185307179587,
            "transform_matrix": [
                [
                    -0.12803806364536285,
                    -0.3876737058162689,
                    0.9128217101097107,
                    3.679854154586792
                ],
                [
                    0.9917259812355042,
                    -0.050051115453243256,
                    0.11785103380680084,
                    0.4750923216342926
                ],
                [
                    0.0,
                    0.9204313158988953,
                    0.3908770978450775,
                    1.5757410526275635
                ],
                [
                    0.0,
                    0.0,
                    0.0,
                    1.0
                ]
            ]
        },
        {
            "file_path": "./train/r_4",
            "rotation": 0.06283185307179587,
            "transform_matrix": [
                [
                    -0.5657165050506592,
                    -0.35976719856262207,
                    0.74192875623703,
                    2.990933895111084
                ],
                [
                    0.8245478272438049,
                    -0.24683372676372528,
                    0.5090320706367493,
                    2.052058696746826
                ],
                [
                    0.0,
                    0.8997948169708252,
                    0.43628597259521484,
                    1.7587976455688477
                ],
                [
                    0.0,
                    0.0,
                    0.0,
                    1.0
                ]
            ]
        },
        {
            "file_path": "./train/r_5",
            "rotation": 0.06283185307179587,
            "transform_matrix": [
                [
                    0.7003121376037598,
                    -0.339389443397522,
                    0.6279346346855164,
                    2.5313899517059326
                ],
                [
                    0.7137766480445862,
                    0.3329872786998749,
                    -0.616089403629303,
                    -2.4836385250091553
                ],
                [
                    0.0,
                    0.8797295689582825,
                    0.475446492433548,
                    1.9166653156280518
                ],
                [
                    0.0,
                    0.0,
                    0.0,
                    1.0
                ]
            ]
        },
        {
            "file_path": "./train/r_6",
            "rotation": 0.06283185307179587,
            "transform_matrix": [
                [
                    0.12360815703868866,
                    -0.47233909368515015,
                    0.872668445110321,
                    3.517984628677368
                ],
                [
                    0.9922878742218018,
                    0.05883873626589775,
                    -0.10870730131864548,
                    -0.43823128938674927
                ],
                [
                    0.0,
                    0.8794451355934143,
                    0.47597232460975647,
                    1.9187852144241333
                ],
                [
                    0.0,
                    0.0,
                    0.0,
                    1.0
                ]
            ]
        },
        {
            "file_path": "./train/r_7",
            "rotation": 0.06283185307179587,
            "transform_matrix": [
                [
                    -0.8818406462669373,
                    0.1369326114654541,
                    -0.45113489031791687,
                    -1.8186579942703247
                ],
                [
                    -0.471456378698349,
                    -0.25612708926200867,
                    0.8438300490379333,
                    3.401728391647339
                ],
                [
                    -7.450260408603526e-09,
                    0.9568899869918823,
                    0.2904229164123535,
                    1.1707806587219238
                ],
                [
                    0.0,
                    0.0,
                    0.0,
                    1.0
                ]
            ]
        },
        {
            "file_path": "./train/r_8",
            "rotation": 0.06283185307179587,
            "transform_matrix": [
                [
                    0.9966115355491638,
                    -0.0728330910205841,
                    0.037087392061948776,
                    0.1495102345943451
                ],
                [
                    0.08172959834337234,
                    0.8881273865699768,
                    -0.45224398374557495,
                    -1.8231291770935059
                ],
                [
                    0.0,
                    0.45377862453460693,
                    0.891076385974884,
                    3.5921924114227295
                ],
                [
                    0.0,
                    0.0,
                    0.0,
                    1.0
                ]
            ]
        },
        {
            "file_path": "./train/r_9",
            "rotation": 0.06283185307179587,
            "transform_matrix": [
                [
                    -0.052567701786756516,
                    -0.6295329928398132,
                    0.7751586437225342,
                    3.1248934268951416
                ],
                [
                    0.9985743761062622,
                    -0.03314034268260002,
                    0.04080647975206375,
                    0.16450296342372894
                ],
                [
                    0.0,
                    0.7762601971626282,
                    0.6303818225860596,
                    2.541255474090576
                ],
                [
                    0.0,
                    0.0,
                    0.0,
                    1.0
                ]
            ]
        },
        {
            "file_path": "./train/r_10",
            "rotation": 0.06283185307179587,
            "transform_matrix": [
                [
                    0.7970430850982666,
                    0.2707445025444031,
                    -0.5397595763206482,
                    -2.1759302616119385
                ],
                [
                    -0.6038513779640198,
                    0.3573644757270813,
                    -0.7124462127685547,
                    -2.8720812797546387
                ],
                [
                    -1.4900521705385472e-08,
                    0.8938558101654053,
                    0.44832727313041687,
                    1.8073396682739258
                ],
                [
                    0.0,
                    0.0,
                    0.0,
                    1.0
                ]
            ]
        },
        {
            "file_path": "./train/r_11",
            "rotation": 0.06283185307179587,
            "transform_matrix": [
                [
                    -0.1524583399295807,
                    0.9054445624351501,
                    -0.3961104154586792,
                    -1.5968379974365234
                ],
                [
                    -0.9882665276527405,
                    -0.13968151807785034,
                    0.0611073337495327,
                    0.24634170532226562
                ],
                [
                    0.0,
                    0.40081077814102173,
                    0.9161221981048584,
                    3.6931591033935547
                ],
                [
                    0.0,
                    0.0,
                    0.0,
                    1.0
                ]
            ]
        },
        {
            "file_path": "./train/r_12",
            "rotation": 0.06283185307179587,
            "transform_matrix": [
                [
                    -0.9049767255783081,
                    -0.17110399901866913,
                    0.3894321322441101,
                    1.569916009902954
                ],
                [
                    0.42536017298698425,
                    -0.3640329837799072,
                    0.8285379409790039,
                    3.340081214904785
                ],
                [
                    -1.4900523481742312e-08,
                    0.9155289530754089,
                    0.4022248685359955,
                    1.6214873790740967
                ],
                [
                    0.0,
                    0.0,
                    0.0,
                    1.0
                ]
            ]
        },
        {
            "file_path": "./train/r_13",
            "rotation": 0.06283185307179587,
            "transform_matrix": [
                [
                    -0.806718647480011,
                    -0.5512687563896179,
                    0.21270887553691864,
                    0.8574923276901245
                ],
                [
                    0.590863049030304,
                    -0.7526597380638123,
                    0.29041624069213867,
                    1.1707537174224854
                ],
                [
                    0.0,
                    0.3599945306777954,
                    0.9329151511192322,
                    3.7608566284179688
                ],
                [
                    0.0,
                    0.0,
                    0.0,
                    1.0
                ]
            ]
        },
        {
            "file_path": "./train/r_14",
            "rotation": 0.06283185307179587,
            "transform_matrix": [
                [
                    0.9879606366157532,
                    -0.10116555541753769,
                    0.11667986959218979,
                    0.4703710675239563
                ],
                [
                    0.1544274538755417,
                    0.647213876247406,
                    -0.7464677691459656,
                    -3.00923228263855
                ],
                [
                    0.0,
                    0.7555592060089111,
                    0.6550488471984863,
                    2.640695571899414
                ],
                [
                    0.0,
                    0.0,
                    0.0,
                    1.0
                ]
            ]
        },
        {
            "file_path": "./train/r_15",
            "rotation": 0.06283185307179587,
            "transform_matrix": [
                [
                    0.226506307721138,
                    0.6637119054794312,
                    -0.7128327488899231,
                    -2.8736395835876465
                ],
                [
                    -0.9739656448364258,
                    0.15435341000556946,
                    -0.16577701270580292,
                    -0.6682961583137512
                ],
                [
                    -7.450261296781946e-09,
                    0.7318820953369141,
                    0.6813990473747253,
                    2.7469210624694824
                ],
                [
                    0.0,
                    0.0,
                    0.0,
                    1.0
                ]
            ]
        },
        {
            "file_path": "./train/r_16",
            "rotation": 0.06283185307179587,
            "transform_matrix": [
                [
                    -0.7163594365119934,
                    -0.16229243576526642,
                    0.6785337328910828,
                    2.735369920730591
                ],
                [
                    0.6976699829101562,
                    -0.1666399985551834,
                    0.6967105269432068,
                    2.8086459636688232
                ],
                [
                    0.0,
                    0.9725646376609802,
                    0.23260226845741272,
                    0.9376884698867798
                ],
                [
                    0.0,
                    0.0,
                    0.0,
                    1.0
                ]
            ]
        },
        {
            "file_path": "./train/r_17",
            "rotation": 0.06283185307179587,
            "transform_matrix": [
                [
                    -0.9504340291023254,
                    -0.1328769326210022,
                    0.28095340728759766,
                    1.1326061487197876
                ],
                [
                    0.31078851222991943,
                    -0.40635594725608826,
                    0.8591940999031067,
                    3.463665246963501
                ],
                [
                    7.450260852692736e-09,
                    0.903995931148529,
                    0.42751386761665344,
                    1.7234348058700562
                ],
                [
                    0.0,
                    0.0,
                    0.0,
                    1.0
                ]
            ]
        },
        {
            "file_path": "./train/r_18",
            "rotation": 0.06283185307179587,
            "transform_matrix": [
                [
                    -0.36960163712501526,
                    0.40643373131752014,
                    -0.8355448246002197,
                    -3.368328094482422
                ],
                [
                    -0.9291442036628723,
                    -0.1616741418838501,
                    0.33236902952194214,
                    1.3398778438568115
                ],
                [
                    0.0,
                    0.8992568850517273,
                    0.4373933970928192,
                    1.7632620334625244
                ],
                [
                    0.0,
                    0.0,
                    0.0,
                    1.0
                ]
            ]
        },
        {
            "file_path": "./train/r_19",
            "rotation": 0.06283185307179587,
            "transform_matrix": [
                [
                    0.8957527279853821,
                    0.43738389015197754,
                    -0.07906542718410492,
                    -0.31873607635498047
                ],
                [
                    -0.44445645809173584,
                    0.8814987540245056,
                    -0.15934759378433228,
                    -0.6423772573471069
                ],
                [
                    7.450262184960366e-09,
                    0.17789113521575928,
                    0.984009325504303,
                    3.966832399368286
                ],
                [
                    0.0,
                    0.0,
                    0.0,
                    1.0
                ]
            ]
        },
        {
            "file_path": "./train/r_20",
            "rotation": 0.06283185307179587,
            "transform_matrix": [
                [
                    0.1070803627371788,
                    0.5178927779197693,
                    -0.8486799001693726,
                    -3.4212794303894043
                ],
                [
                    -0.9942072629928589,
                    0.05577925965189934,
                    -0.0914064422249794,
                    -0.3684863746166229
                ],
                [
                    0.0,
                    0.8536190986633301,
                    0.5208690762519836,
                    2.0997772216796875
                ],
                [
                    0.0,
                    0.0,
                    0.0,
                    1.0
                ]
            ]
        },
        {
            "file_path": "./train/r_21",
            "rotation": 0.06283185307179587,
            "transform_matrix": [
                [
                    0.3782981038093567,
                    0.7316327095031738,
                    -0.5670626759529114,
                    -2.285996913909912
                ],
                [
                    -0.9256376028060913,
                    0.29901039600372314,
                    -0.23175238072872162,
                    -0.9342622756958008
                ],
                [
                    0.0,
                    0.6126143932342529,
                    0.7903469204902649,
                    3.186121702194214
                ],
                [
                    0.0,
                    0.0,
                    0.0,
                    1.0
                ]
            ]
        },
        {
            "file_path": "./train/r_22",
            "rotation": 0.06283185307179587,
            "transform_matrix": [
                [
                    -0.14486102759838104,
                    0.5961754322052002,
                    -0.789641261100769,
                    -3.183277130126953
                ],
                [
                    -0.9894087314605713,
                    -0.0872870609164238,
                    0.11561272293329239,
                    0.4660690426826477
                ],
                [
                    0.0,
                    0.7980888485908508,
                    0.6025095582008362,
                    2.42889404296875
                ],
                [
                    0.0,
                    0.0,
                    0.0,
                    1.0
                ]
            ]
        },
        {
            "file_path": "./train/r_23",
            "rotation": 0.06283185307179587,
            "transform_matrix": [
                [
                    0.983126699924469,
                    0.09981898963451385,
                    -0.15301275253295898,
                    -0.616839587688446
                ],
                [
                    -0.18269070982933044,
                    0.5371631383895874,
                    -0.8234185576438904,
                    -3.319443464279175
                ],
                [
                    0.0,
                    0.8375452160835266,
                    0.5463390350341797,
                    2.202454090118408
                ],
                [
                    0.0,
                    0.0,
                    0.0,
                    1.0
                ]
            ]
        },
        {
            "file_path": "./train/r_24",
            "rotation": 0.06283185307179587,
            "transform_matrix": [
                [
                    -0.15305964648723602,
                    -0.5705961585044861,
                    0.8068045973777771,
                    3.252467632293701
                ],
                [
                    0.9881734848022461,
                    -0.08838048577308655,
                    0.12496714293956757,
                    0.5037794709205627
                ],
                [
                    7.450260408603526e-09,
                    0.8164550065994263,
                    0.5773794651031494,
                    2.327587127685547
                ],
                [
                    0.0,
                    0.0,
                    0.0,
                    1.0
                ]
            ]
        },
        {
            "file_path": "./train/r_25",
            "rotation": 0.06283185307179587,
            "transform_matrix": [
                [
                    -0.5806196928024292,
                    0.814130961894989,
                    -0.005997575353831053,
                    -0.024177998304367065
                ],
                [
                    -0.814122200012207,
                    -0.5806259512901306,
                    0.004277381114661694,
                    0.017243385314941406
                ],
                [
                    2.32820651646648e-10,
                    0.007362645119428635,
                    0.9999315738677979,
                    4.031019687652588
                ],
                [
                    0.0,
                    0.0,
                    0.0,
                    1.0
                ]
            ]
        },
        {
            "file_path": "./train/r_26",
            "rotation": 0.06283185307179587,
            "transform_matrix": [
                [
                    -0.5243314504623413,
                    -0.5963653922080994,
                    0.6077557802200317,
                    2.450042963027954
                ],
                [
                    0.8514639735221863,
                    -0.36724182963371277,
                    0.3742559850215912,
                    1.508736491203308
                ],
                [
                    1.4900523481742312e-08,
                    0.7137727737426758,
                    0.7003447413444519,
                    2.823296546936035
                ],
                [
                    0.0,
                    0.0,
                    0.0,
                    1.0
                ]
            ]
        },
        {
            "file_path": "./train/r_27",
            "rotation": 0.06283185307179587,
            "transform_matrix": [
                [
                    -0.6618961095809937,
                    0.6858347058296204,
                    -0.3024473190307617,
                    -1.2192546129226685
                ],
                [
                    -0.7495383024215698,
                    -0.60564124584198,
                    0.26708266139030457,
                    1.0766892433166504
                ],
                [
                    -1.4900521705385472e-08,
                    0.4035088121891022,
                    0.9149370193481445,
                    3.6883816719055176
                ],
                [
                    0.0,
                    0.0,
                    0.0,
                    1.0
                ]
            ]
        },
        {
            "file_path": "./train/r_28",
            "rotation": 0.06283185307179587,
            "transform_matrix": [
                [
                    0.5530297160148621,
                    -0.34571129083633423,
                    0.7580019235610962,
                    3.055729627609253
                ],
                [
                    0.8331100344657898,
                    0.2294878363609314,
                    -0.5031719207763672,
                    -2.0284347534179688
                ],
                [
                    0.0,
                    0.9098401069641113,
                    0.41493186354637146,
                    1.6727129220962524
                ],
                [
                    0.0,
                    0.0,
                    0.0,
                    1.0
                ]
            ]
        },
        {
            "file_path": "./train/r_29",
            "rotation": 0.06283185307179587,
            "transform_matrix": [
                [
                    0.013037215918302536,
                    -0.5200161933898926,
                    0.8540200591087341,
                    3.4428067207336426
                ],
                [
                    0.9998720288276672,
                    0.006780431605875492,
                    -0.011135470122098923,
                    -0.04489036649465561
                ],
                [
                    4.6564122002656916e-10,
                    0.8541235327720642,
                    0.5200416445732117,
                    2.0964412689208984
                ],
                [
                    0.0,
                    0.0,
                    0.0,
                    1.0
                ]
            ]
        },
        {
            "file_path": "./train/r_30",
            "rotation": 0.06283185307179587,
            "transform_matrix": [
                [
                    -0.07558199018239975,
                    -0.35501623153686523,
                    0.931760311126709,
                    3.7562012672424316
                ],
                [
                    0.9970966577529907,
                    -0.026910964399576187,
                    0.07062935829162598,
                    0.2847278118133545
                ],
                [
                    0.0,
                    0.9344673156738281,
                    0.35602182149887085,
                    1.4352290630340576
                ],
                [
                    0.0,
                    0.0,
                    0.0,
                    1.0
                ]
            ]
        },
        {
            "file_path": "./train/r_31",
            "rotation": 0.06283185307179587,
            "transform_matrix": [
                [
                    -0.14309093356132507,
                    -0.8961014747619629,
                    0.42012232542037964,
                    1.6936371326446533
                ],
                [
                    0.9896661639213562,
                    -0.1295628696680069,
                    0.06074339896440506,
                    0.24487459659576416
                ],
                [
                    0.0,
                    0.42450621724128723,
                    0.9053866267204285,
                    3.649880886077881
                ],
                [
                    0.0,
                    0.0,
                    0.0,
                    1.0
                ]
            ]
        },
        {
            "file_path": "./train/r_32",
            "rotation": 0.06283185307179587,
            "transform_matrix": [
                [
                    0.035213254392147064,
                    -0.48630160093307495,
                    0.8730436563491821,
                    3.5194969177246094
                ],
                [
                    0.9993368983268738,
                    0.0171356238424778,
                    -0.030763106420636177,
                    -0.12401516735553741
                ],
                [
                    9.312826620977432e-10,
                    0.8736171722412109,
                    0.4865857660770416,
                    1.9615709781646729
                ],
                [
                    0.0,
                    0.0,
                    0.0,
                    1.0
                ]
            ]
        },
        {
            "file_path": "./train/r_33",
            "rotation": 0.06283185307179587,
            "transform_matrix": [
                [
                    0.6484572291374207,
                    -0.6388734579086304,
                    0.4138713479042053,
                    1.6684377193450928
                ],
                [
                    0.76119464635849,
                    0.5442525744438171,
                    -0.35257455706596375,
                    -1.4213322401046753
                ],
                [
                    -1.4900520817207052e-08,
                    0.5437092781066895,
                    0.8392371535301208,
                    3.3832130432128906
                ],
                [
                    0.0,
                    0.0,
                    0.0,
                    1.0
                ]
            ]
        },
        {
            "file_path": "./train/r_34",
            "rotation": 0.06283185307179587,
            "transform_matrix": [
                [
                    -0.8191643953323364,
                    -0.20243558287620544,
                    0.5365703105926514,
                    2.1630735397338867
                ],
                [
                    0.573483943939209,
                    -0.28915897011756897,
                    0.7664369940757751,
                    3.089733839035034
                ],
                [
                    0.0,
                    0.9356264472007751,
                    0.3529646396636963,
                    1.4229047298431396
                ],
                [
                    0.0,
                    0.0,
                    0.0,
                    1.0
                ]
            ]
        },
        {
            "file_path": "./train/r_35",
            "rotation": 0.06283185307179587,
            "transform_matrix": [
                [
                    -0.6569384932518005,
                    -0.4176176190376282,
                    0.6276591420173645,
                    2.5302793979644775
                ],
                [
                    0.7538872361183167,
                    -0.3639126420021057,
                    0.5469431281089783,
                    2.2048892974853516
                ],
                [
                    1.4900521705385472e-08,
                    0.8325582146644592,
                    0.5539084076881409,
                    2.23296856880188
                ],
                [
                    0.0,
                    0.0,
                    0.0,
                    1.0
                ]
            ]
        },
        {
            "file_path": "./train/r_36",
            "rotation": 0.06283185307179587,
            "transform_matrix": [
                [
                    -0.9707416892051697,
                    -0.07727532833814621,
                    0.22716490924358368,
                    0.9157688617706299
                ],
                [
                    0.23994740843772888,
                    -0.3126284182071686,
                    0.9190282821655273,
                    3.7048745155334473
                ],
                [
                    -7.450260852692736e-09,
                    0.9467216730117798,
                    0.3220255970954895,
                    1.298180341720581
                ],
                [
                    0.0,
                    0.0,
                    0.0,
                    1.0
                ]
            ]
        },
        {
            "file_path": "./train/r_37",
            "rotation": 0.06283185307179587,
            "transform_matrix": [
                [
                    0.9551301002502441,
                    0.2801007032394409,
                    -0.09586628526449203,
                    -0.38646531105041504
                ],
                [
                    -0.296041876077652,
                    0.9036985039710999,
                    -0.3092966675758362,
                    -1.2468661069869995
                ],
                [
                    7.450261740871156e-09,
                    0.3238244950771332,
                    0.9460775256156921,
                    3.813917875289917
                ],
                [
                    0.0,
                    0.0,
                    0.0,
                    1.0
                ]
            ]
        },
        {
            "file_path": "./train/r_38",
            "rotation": 0.06283185307179587,
            "transform_matrix": [
                [
                    -0.10241302102804184,
                    0.3530428409576416,
                    -0.9299455285072327,
                    -3.748885154724121
                ],
                [
                    -0.9946988224983215,
                    -0.03634887561202049,
                    0.09574609994888306,
                    0.3859808146953583
                ],
                [
                    0.0,
                    0.934895396232605,
                    0.35489621758461,
                    1.4306914806365967
                ],
                [
                    0.0,
                    0.0,
                    0.0,
                    1.0
                ]
            ]
        },
        {
            "file_path": "./train/r_39",
            "rotation": 0.06283185307179587,
            "transform_matrix": [
                [
                    0.004378756508231163,
                    0.2925185561180115,
                    -0.9562098383903503,
                    -3.854764461517334
                ],
                [
                    -0.9999475479125977,
                    0.0012809347826987505,
                    -0.00418723002076149,
                    -0.016879960894584656
                ],
                [
                    1.16410325823324e-10,
                    0.9562538266181946,
                    0.2925107181072235,
                    1.179197072982788
                ],
                [
                    0.0,
                    0.0,
                    0.0,
                    1.0
                ]
            ]
        },
        {
            "file_path": "./train/r_40",
            "rotation": 0.06283185307179587,
            "transform_matrix": [
                [
                    -0.6426985263824463,
                    0.3705269992351532,
                    -0.6705030798912048,
                    -2.702995777130127
                ],
                [
                    -0.7660631537437439,
                    -0.3108583986759186,
                    0.5625271797180176,
                    2.2677130699157715
                ],
                [
                    -1.4900520817207052e-08,
                    0.875252366065979,
                    0.48363858461380005,
                    1.9496898651123047
                ],
                [
                    0.0,
                    0.0,
                    0.0,
                    1.0
                ]
            ]
        },
        {
            "file_path": "./train/r_41",
            "rotation": 0.06283185307179587,
            "transform_matrix": [
                [
                    0.8056516647338867,
                    0.3224371671676636,
                    -0.49687284231185913,
                    -2.0030412673950195
                ],
                [
                    -0.5923172235488892,
                    0.4385691285133362,
                    -0.6758311986923218,
                    -2.724475145339966
                ],
                [
                    0.0,
                    0.8388572931289673,
                    0.5443224906921387,
                    2.1943247318267822
                ],
                [
                    0.0,
                    0.0,
                    0.0,
                    1.0
                ]
            ]
        },
        {
            "file_path": "./train/r_42",
            "rotation": 0.06283185307179587,
            "transform_matrix": [
                [
                    0.9999566674232483,
                    0.0005883080884814262,
                    -0.000749235216062516,
                    -0.003020388539880514
                ],
                [
                    -0.0009525922941975296,
                    0.6175597310066223,
                    -0.78648841381073,
                    -3.170567035675049
                ],
                [
                    0.0,
                    0.7865172624588013,
                    0.6175376772880554,
                    2.4894769191741943
                ],
                [
                    0.0,
                    0.0,
                    0.0,
                    1.0
                ]
            ]
        },
        {
            "file_path": "./train/r_43",
            "rotation": 0.06283185307179587,
            "transform_matrix": [
                [
                    0.45887380838394165,
                    -0.5481051802635193,
                    0.6992524862289429,
                    2.8188931941986084
                ],
                [
                    0.8884531259536743,
                    0.2830887734889984,
                    -0.3611542582511902,
                    -1.4559195041656494
                ],
                [
                    -1.4900522593563892e-08,
                    0.7870396375656128,
                    0.6168719530105591,
                    2.486793041229248
                ],
                [
                    0.0,
                    0.0,
                    0.0,
                    1.0
                ]
            ]
        },
        {
