{
    "camera_angle_x": 0.6911112070083618,
    "frames": [
        {
            "file_path": "./train/r_0",
            "rotation": 0.06283185307179587,
            "transform_matrix": [
                [
                    0.9426224827766418,
                    0.184540793299675,
                    -0.27807292342185974,
                    -1.1209940910339355
                ],
                [
                    -0.3337319493293762,
                    0.5212335586547852,
                    -0.7854141592979431,
                    -3.166236400604248
                ],
                [
                    -1.4900521705385472e-08,
                    0.8332167863845825,
                    0.5529173016548157,
                    2.228972911834717
                ],
                [
                    0.0,
                    0.0,
                    0.0,
                    1.0
                ]
            ]
        },
        {
            "file_path": "./train/r_1",
            "rotation": 0.06283185307179587,
            "transform_matrix": [
                [
                    0.7811893820762634,
                    0.12929649651050568,
                    -0.6106899976730347,
                    -2.461871862411499
                ],
                [
                    -0.6242254376411438,
                    0.16180859506130219,
                    -0.7642502784729004,
                    -3.080918788909912
                ],
                [
                    0.0,
                    0.9783098697662354,
                    0.20711469650268555,
                    0.8349405527114868
                ],
                [
                    0.0,
                    0.0,
                    0.0,
                    1.0
                ]
            ]
        },
        {
            "file_path": "./train/r_2",
            "rotation": 0.06283185307179587,
            "transform_matrix": [
                [
                    -0.16934387385845184,
                    -0.9563895463943481,
                    0.2379606068134308,
                    0.95928955078125
                ],
                [
                    0.9855135679244995,
                    -0.16433940827846527,
                    0.040889520198106766,
                    0.16483773291110992
                ],
                [
                    0.0,
                    0.24145697057247162,
                    0.9703711867332458,
                    3.9118528366088867
                ],
                [
                    0.0,
                    0.0,
                    0.0,
                    1.0
                ]
            ]
        },
        {
            "file_path": "./train/r_3",
            "rotation": 0.06283185307179587,
            "transform_matrix": [
                [
                    -0.9215808510780334,
                    0.36252540349960327,
                    -0.1385217159986496,
                    -0.5584219694137573
                ],
                [
                    -0.38807591795921326,
                    -0.8609049916267395,
                    0.3289535939693451,
                    1.3261091709136963
                ],
                [
                    0.0,
                    0.35694247484207153,
                    0.9340871572494507,
                    3.7655811309814453
                ],
                [
                    0.0,
                    0.0,
                    0.0,
                    1.0
                ]
            ]
        },
        {
            "file_path": "./train/r_4",
            "rotation": 0.06283185307179587,
            "transform_matrix": [
                [
                    -0.5390771627426147,
                    0.22089743614196777,
                    -0.8127241134643555,
                    -3.2763302326202393
                ],
                [
                    -0.8422055244445801,
                    -0.1413915604352951,
                    0.5202066898345947,
                    2.097106456756592
                ],
                [
                    -1.4900522593563892e-08,
                    0.9649884104728699,
                    0.26226377487182617,
                    1.0572625398635864
                ],
                [
                    0.0,
                    0.0,
                    0.0,
                    1.0
                ]
            ]
        },
        {
            "file_path": "./train/r_5",
            "rotation": 0.06283185307179587,
            "transform_matrix": [
                [
                    -0.02567705512046814,
                    0.2909459173679352,
                    -0.9563548564910889,
                    -3.855349063873291
                ],
                [
                    -0.999627411365509,
                    -0.007473418489098549,
                    0.024565527215600014,
                    0.09903089702129364
                ],
                [
                    -4.6564135880444724e-10,
                    0.9567050337791443,
                    0.2910313308238983,
                    1.1732332706451416
                ],
                [
                    0.0,
                    0.0,
                    0.0,
                    1.0
                ]
            ]
        },
        {
            "file_path": "./train/r_6",
            "rotation": 0.06283185307179587,
            "transform_matrix": [
                [
                    0.9862069487571716,
                    -0.08899697661399841,
                    0.13924957811832428,
                    0.561356246471405
                ],
                [
                    0.16525815427303314,
                    0.531105101108551,
                    -0.8309962749481201,
                    -3.349991798400879
                ],
                [
                    0.0,
                    0.8426130414009094,
                    0.5384904742240906,
                    2.1708145141601562
                ],
                [
                    0.0,
                    0.0,
                    0.0,
                    1.0
                ]
            ]
        },
        {
            "file_path": "./train/r_7",
            "rotation": 0.06283185307179587,
            "transform_matrix": [
                [
                    -0.6017045378684998,
                    0.4387374818325043,
                    -0.6673763394355774,
                    -2.6903913021087646
                ],
                [
                    -0.7986650466918945,
                    -0.3305394947528839,
                    0.5027933120727539,
                    2.0269083976745605
                ],
                [
                    0.0,
                    0.8356093764305115,
                    0.5492950081825256,
                    2.2143704891204834
                ],
                [
                    0.0,
                    0.0,
                    0.0,
                    1.0
                ]
            ]
        },
        {
            "file_path": "./train/r_8",
            "rotation": 0.06283185307179587,
            "transform_matrix": [
                [
                    -0.9984970688819885,
                    -0.015282724052667618,
                    0.051809120923280716,
                    0.20885786414146423
                ],
                [
                    0.05401592329144478,
                    -0.28250473737716675,
                    0.9577037692070007,
                    3.8607869148254395
                ],
                [
                    0.0,
                    0.9591389298439026,
                    0.2829075753688812,
                    1.1404839754104614
                ],
                [
                    0.0,
                    0.0,
                    0.0,
                    1.0
                ]
            ]
        },
        {
            "file_path": "./train/r_9",
            "rotation": 0.06283185307179587,
            "transform_matrix": [
                [
                    0.1401403695344925,
                    -0.4218185245990753,
                    0.895745575428009,
                    3.6110148429870605
                ],
                [
                    0.9900884032249451,
                    0.05970558524131775,
                    -0.12678678333759308,
                    -0.5111149549484253
                ],
                [
                    3.725130870435578e-09,
                    0.9047067165374756,
                    0.42600759863853455,
                    1.717362403869629
                ],
                [
                    0.0,
                    0.0,
                    0.0,
                    1.0
                ]
            ]
        },
        {
            "file_path": "./train/r_10",
            "rotation": 0.06283185307179587,
            "transform_matrix": [
                [
                    -0.11565279215574265,
                    0.32178857922554016,
                    -0.9396815299987793,
                    -3.7881338596343994
                ],
                [
                    -0.9932465553283691,
                    -0.03746878728270531,
                    0.10941571742296219,
                    0.44108709692955017
                ],
                [
                    3.725130870435578e-09,
                    0.9460644721984863,
                    0.3239509165287018,
                    1.3059418201446533
                ],
                [
                    0.0,
                    0.0,
                    0.0,
                    1.0
                ]
            ]
        },
        {
            "file_path": "./train/r_11",
            "rotation": 0.06283185307179587,
            "transform_matrix": [
                [
                    0.8100650310516357,
                    0.4173433780670166,
                    -0.41176098585128784,
                    -1.6599301099777222
                ],
                [
                    -0.586266815662384,
                    0.5766577124595642,
                    -0.5689442753791809,
                    -2.2935824394226074
                ],
                [
                    1.4900520817207052e-08,
                    0.702339231967926,
                    0.711809515953064,
                    2.8695144653320312
                ],
                [
                    0.0,
                    0.0,
                    0.0,
                    1.0
                ]
            ]
        },
        {
            "file_path": "./train/r_12",
            "rotation": 0.06283185307179587,
            "transform_matrix": [
                [
                    0.3970552384853363,
                    -0.2565957009792328,
                    0.8811511397361755,
                    3.552180767059326
                ],
                [
                    0.9177479147911072,
                    0.11101379245519638,
                    -0.3812220096588135,
                    -1.536818504333496
                ],
                [
                    7.450261296781946e-09,
                    0.9601168036460876,
                    0.27957066893577576,
                    1.1270320415496826
                ],
                [
                    0.0,
                    0.0,
                    0.0,
                    1.0
                ]
            ]
        },
        {
            "file_path": "./train/r_13",
            "rotation": 0.06283185307179587,
            "transform_matrix": [
                [
                    0.9340411424636841,
                    -0.34708720445632935,
                    0.0837908461689949,
                    0.33778566122055054
                ],
                [
                    0.35704514384269714,
                    0.9079908728599548,
                    -0.21919943392276764,
                    -0.883657693862915
                ],
                [
                    0.0,
                    0.2346768081188202,
                    0.9720329642295837,
                    3.9185521602630615
                ],
                [
                    0.0,
                    0.0,
                    0.0,
                    1.0
                ]
            ]
        },
        {
            "file_path": "./train/r_14",
            "rotation": 0.06283185307179587,
            "transform_matrix": [
                [
                    -0.31468671560287476,
                    -0.6751483082771301,
                    0.6671561598777771,
                    2.6895034313201904
                ],
                [
                    0.9491503834724426,
                    -0.22384251654148102,
                    0.22119276225566864,
                    0.8916932940483093
                ],
                [
                    -1.4900520817207052e-08,
                    0.7028934955596924,
                    0.7112622857093811,
                    2.8673081398010254
                ],
                [
                    0.0,
                    0.0,
                    0.0,
                    1.0
                ]
            ]
        },
        {
            "file_path": "./train/r_15",
            "rotation": 0.06283185307179587,
            "transform_matrix": [
                [
                    0.7097881436347961,
                    0.16265109181404114,
                    -0.6853196024894714,
                    -2.762725830078125
                ],
                [
                    -0.7043541669845581,
                    0.16390593349933624,
                    -0.6906067728996277,
                    -2.7840399742126465
                ],
                [
                    7.450260408603526e-09,
                    0.9729692935943604,
                    0.2309040129184723,
                    0.9308422803878784
                ],
                [
                    0.0,
                    0.0,
                    0.0,
                    1.0
                ]
            ]
        },
        {
            "file_path": "./train/r_16",
            "rotation": 0.06283185307179587,
            "transform_matrix": [
                [
                    -0.4621771275997162,
                    -0.6236729621887207,
                    0.6303723454475403,
                    2.541217088699341
                ],
                [
                    0.8867392539978027,
                    -0.32506442070007324,
                    0.32855620980262756,
                    1.324507236480713
                ],
                [
                    1.4900521705385472e-08,
                    0.710883378982544,
                    0.7032771706581116,
                    2.835118293762207
                ],
                [
                    0.0,
                    0.0,
                    0.0,
                    1.0
                ]
            ]
        },
        {
            "file_path": "./train/r_17",
            "rotation": 0.06283185307179587,
            "transform_matrix": [
                [
                    -0.8363816738128662,
                    -0.43265843391418457,
                    0.3364536762237549,
                    1.3563441038131714
                ],
                [
                    0.5480692386627197,
                    -0.6602588891983032,
                    0.5134455561637878,
                    2.069850444793701
                ],
                [
                    -1.4900523481742312e-08,
                    0.6138848662376404,
                    0.7893605828285217,
                    3.182145595550537
                ],
                [
                    0.0,
                    0.0,
                    0.0,
                    1.0
                ]
            ]
        },
        {
            "file_path": "./train/r_18",
            "rotation": 0.06283185307179587,
            "transform_matrix": [
                [
                    0.021831214427947998,
                    -0.7426518797874451,
                    0.6692899465560913,
                    2.698105573654175
                ],
                [
                    0.9997188448905945,
                    0.0162175502628088,
                    -0.014615521766245365,
                    -0.05891948565840721
                ],
                [
                    0.0,
                    0.6694737672805786,
                    0.7428019046783447,
                    2.9944539070129395
                ],
                [
                    0.0,
                    0.0,
                    0.0,
                    1.0
                ]
            ]
        },
        {
            "file_path": "./train/r_19",
            "rotation": 0.06283185307179587,
            "transform_matrix": [
                [
                    -0.9660027027130127,
                    0.13921715319156647,
                    -0.21765394508838654,
                    -0.8774272799491882
                ],
                [
                    -0.25836610794067383,
                    -0.5205177664756775,
                    0.8137844204902649,
                    3.2806053161621094
                ],
                [
                    7.450261740871156e-09,
                    0.8424189686775208,
                    0.5387941002845764,
                    2.1720380783081055
                ],
                [
                    0.0,
                    0.0,
                    0.0,
                    1.0
                ]
            ]
        },
        {
            "file_path": "./train/r_20",
            "rotation": 0.06283185307179587,
            "transform_matrix": [
                [
                    0.9824260473251343,
                    -0.16299816966056824,
                    0.09048161655664444,
                    0.36475813388824463
                ],
                [
                    0.18642233312129974,
                    0.8589831590652466,
                    -0.47682857513427734,
                    -1.9222369194030762
                ],
                [
                    7.450261296781946e-09,
                    0.4853549897670746,
                    0.8742796778678894,
                    3.524479627609253
                ],
                [
                    0.0,
                    0.0,
                    0.0,
                    1.0
                ]
            ]
        },
        {
            "file_path": "./train/r_21",
            "rotation": 0.06283185307179587,
            "transform_matrix": [
                [
                    -0.6684821248054504,
                    0.671312689781189,
                    -0.3200305700302124,
                    -1.2901378870010376
                ],
                [
                    -0.7436705827713013,
                    -0.60343998670578,
                    0.28767403960227966,
                    1.1596990823745728
                ],
                [
                    0.0,
                    0.4303362965583801,
                    0.9026302695274353,
                    3.6387693881988525
                ],
                [
                    0.0,
                    0.0,
                    0.0,
                    1.0
                ]
            ]
        },
        {
            "file_path": "./train/r_22",
            "rotation": 0.06283185307179587,
            "transform_matrix": [
                [
                    -0.16827799379825592,
                    -0.4789775013923645,
                    0.8615085482597351,
                    3.4729955196380615
                ],
                [
                    0.985696017742157,
                    -0.08177101612091064,
                    0.14707669615745544,
                    0.5929096341133118
                ],
                [
                    0.0,
                    0.8740045428276062,
                    0.485889732837677,
                    1.9587650299072266
                ],
                [
                    0.0,
                    0.0,
                    0.0,
                    1.0
                ]
            ]
        },
        {
            "file_path": "./train/r_23",
            "rotation": 0.06283185307179587,
            "transform_matrix": [
                [
                    0.9812546968460083,
                    0.1640659123659134,
                    -0.10068687796592712,
                    -0.4058985114097595
                ],
                [
                    -0.19249257445335388,
                    0.8363462686538696,
                    -0.5132638216018677,
                    -2.069118022918701
                ],
                [
                    0.0,
                    0.5230655074119568,
                    0.8522557616233826,
                    3.435694694519043
                ],
                [
                    0.0,
                    0.0,
                    0.0,
                    1.0
                ]
            ]
        },
        {
            "file_path": "./train/r_24",
            "rotation": 0.06283185307179587,
            "transform_matrix": [
                [
                    -0.22172610461711884,
                    0.8378099799156189,
                    -0.4988788664340973,
                    -2.0111279487609863
                ],
                [
                    -0.9750649929046631,
                    -0.19051481783390045,
                    0.11344316601753235,
                    0.457322895526886
                ],
                [
                    0.0,
                    0.5116330981254578,
                    0.8591670393943787,
                    3.4635560512542725
                ],
                [
                    0.0,
                    0.0,
                    0.0,
                    1.0
                ]
            ]
        },
        {
            "file_path": "./train/r_25",
            "rotation": 0.06283185307179587,
            "transform_matrix": [
                [
                    0.8358235359191895,
                    -0.32451799511909485,
                    0.44273003935813904,
                    1.7847756147384644
                ],
                [
                    0.5489200353622437,
                    0.49413353204727173,
                    -0.6741313338279724,
                    -2.7176225185394287
                ],
                [
                    -1.4900521705385472e-08,
                    0.8065420389175415,
                    0.59114670753479,
                    2.383087158203125
                ],
                [
                    0.0,
                    0.0,
                    0.0,
                    1.0
                ]
            ]
        },
        {
            "file_path": "./train/r_26",
            "rotation": 0.06283185307179587,
            "transform_matrix": [
                [
                    -0.16313309967517853,
                    0.6045610904693604,
                    -0.7796391844749451,
                    -3.142955780029297
                ],
                [
                    -0.9865607023239136,
                    -0.09996742010116577,
                    0.12891753017902374,
                    0.5197046399116516
                ],
                [
                    0.0,
                    0.7902545928955078,
                    0.6127482652664185,
                    2.4701690673828125
                ],
                [
                    0.0,
                    0.0,
                    0.0,
                    1.0
                ]
            ]
        },
        {
            "file_path": "./train/r_27",
            "rotation": 0.06283185307179587,
            "transform_matrix": [
                [
                    -0.09937642514705658,
                    -0.3179750144481659,
                    0.942836582660675,
                    3.8008530139923096
                ],
                [
                    0.9950067400932312,
                    -0.031757794320583344,
                    0.09416592121124268,
                    0.37961068749427795
                ],
                [
                    -1.8625651021508816e-09,
                    0.9475616812705994,
                    0.31954535841941833,
                    1.2881819009780884
                ],
                [
                    0.0,
                    0.0,
                    0.0,
                    1.0
                ]
            ]
        },
        {
            "file_path": "./train/r_28",
            "rotation": 0.06283185307179587,
            "transform_matrix": [
                [
                    -0.991855263710022,
                    0.06545533984899521,
                    -0.10887372493743896,
                    -0.4389021694660187
                ],
                [
                    -0.12703359127044678,
                    -0.5110635161399841,
                    0.8500663042068481,
                    3.4268686771392822
                ],
                [
                    -3.7251313145247877e-09,
                    0.8570411205291748,
                    0.5152193307876587,
                    2.0770015716552734
                ],
                [
                    0.0,
                    0.0,
                    0.0,
                    1.0
                ]
            ]
        },
        {
            "file_path": "./train/r_29",
            "rotation": 0.06283185307179587,
            "transform_matrix": [
                [
                    0.5521128177642822,
                    0.7753658890724182,
                    -0.30649489164352417,
                    -1.2355713844299316
                ],
                [
                    -0.8337180018424988,
                    0.5134703516960144,
                    -0.20297002792358398,
                    -0.8182321190834045
                ],
                [
                    1.4900522593563892e-08,
                    0.3676217198371887,
                    0.9299362897872925,
                    3.748847723007202
                ],
                [
                    0.0,
                    0.0,
                    0.0,
                    1.0
                ]
            ]
        },
        {
            "file_path": "./train/r_30",
            "rotation": 0.06283185307179587,
            "transform_matrix": [
                [
                    0.8906663656234741,
                    0.3795163929462433,
                    -0.2502118945121765,
                    -1.0086779594421387
                ],
                [
                    -0.45456305146217346,
                    0.7436206936836243,
                    -0.4902626872062683,
                    -1.976393699645996
                ],
                [
                    0.0,
                    0.5504411458969116,
                    0.8348376750946045,
                    3.3654770851135254
                ],
                [
                    0.0,
                    0.0,
                    0.0,
                    1.0
                ]
            ]
        },
        {
            "file_path": "./train/r_31",
            "rotation": 0.06283185307179587,
            "transform_matrix": [
                [
                    0.651620626449585,
                    0.1485937088727951,
                    -0.7437930703163147,
                    -2.9984493255615234
                ],
                [
                    -0.7584884166717529,
                    0.12765748798847198,
                    -0.6389957666397095,
                    -2.5759804248809814
                ],
                [
                    0.0,
                    0.9806188941001892,
                    0.19589217007160187,
                    0.7896991968154907
                ],
                [
                    0.0,
                    0.0,
                    0.0,
                    1.0
                ]
            ]
        },
        {
            "file_path": "./train/r_32",
            "rotation": 0.06283185307179587,
            "transform_matrix": [
                [
                    -0.7859914898872375,
                    -0.21001555025577545,
                    0.5814030766487122,
                    2.3438076972961426
                ],
                [
                    0.6181680560112,
                    -0.26703163981437683,
                    0.7392454147338867,
                    2.980116605758667
                ],
                [
                    -1.4900523481742312e-08,
                    0.9405197501182556,
                    0.3397116959095001,
                    1.3694782257080078
                ],
                [
                    0.0,
                    0.0,
                    0.0,
                    1.0
                ]
            ]
        },
        {
            "file_path": "./train/r_33",
            "rotation": 0.06283185307179587,
            "transform_matrix": [
                [
                    -0.7054266333580017,
                    0.458748996257782,
                    -0.5402348041534424,
                    -2.1778459548950195
                ],
                [
                    -0.7087222933769226,
                    -0.45661574602127075,
                    0.537722647190094,
                    2.1677186489105225
                ],
                [
                    0.0,
                    0.7622605562210083,
                    0.6472389101982117,
                    2.6092112064361572
                ],
                [
                    0.0,
                    0.0,
                    0.0,
                    1.0
                ]
            ]
        },
        {
            "file_path": "./train/r_34",
            "rotation": 0.06283185307179587,
            "transform_matrix": [
                [
                    -0.7747026085853577,
                    0.1970895677804947,
                    -0.6007577776908875,
                    -2.4218316078186035
                ],
                [
                    -0.632257878780365,
                    -0.24149292707443237,
                    0.736105740070343,
                    2.967459201812744
                ],
                [
                    0.0,
                    0.9501720070838928,
                    0.3116987645626068,
                    1.256549596786499
                ],
                [
                    0.0,
                    0.0,
                    0.0,
                    1.0
                ]
            ]
        },
        {
            "file_path": "./train/r_35",
            "rotation": 0.06283185307179587,
            "transform_matrix": [
                [
                    -0.4566614627838135,
                    -0.5654913187026978,
                    0.6867458820343018,
                    2.7684755325317383
                ],
                [
                    0.8895923495292664,
                    -0.29028812050819397,
                    0.35253262519836426,
                    1.4211632013320923
                ],
                [
                    1.4900521705385472e-08,
                    0.7719730138778687,
                    0.6356242895126343,
                    2.562389373779297
                ],
                [
                    0.0,
                    0.0,
                    0.0,
                    1.0
                ]
            ]
        },
        {
            "file_path": "./train/r_36",
            "rotation": 0.06283185307179587,
            "transform_matrix": [
                [
                    -0.6984105706214905,
                    -0.26786911487579346,
                    0.6636186242103577,
                    2.6752429008483887
                ],
                [
                    0.7156372666358948,
                    -0.2614210247993469,
                    0.6476441621780396,
                    2.6108450889587402
                ],
                [
                    0.0,
                    0.9273054003715515,
                    0.3742787539958954,
                    1.5088284015655518
                ],
                [
                    0.0,
                    0.0,
                    0.0,
                    1.0
                ]
            ]
        },
        {
            "file_path": "./train/r_37",
            "rotation": 0.06283185307179587,
            "transform_matrix": [
                [
                    0.2891651391983032,
                    0.13446450233459473,
                    -0.9477453231811523,
                    -3.82064151763916
                ],
                [
                    -0.9572344422340393,
                    0.04061956703662872,
                    -0.28629863262176514,
                    -1.1541544198989868
                ],
                [
                    0.0,
                    0.9900804758071899,
                    0.14046072959899902,
                    0.5662387013435364
                ],
                [
                    0.0,
                    0.0,
                    0.0,
                    1.0
                ]
            ]
        },
        {
            "file_path": "./train/r_38",
            "rotation": 0.06283185307179587,
            "transform_matrix": [
                [
                    -0.976982057094574,
                    0.05866483971476555,
                    -0.2048882097005844,
                    -0.8259648084640503
                ],
                [
                    -0.2131204903125763,
                    -0.26893001794815063,
                    0.9392437934875488,
                    3.7863688468933105
                ],
                [
                    -3.725130426346368e-09,
                    0.9613661766052246,
                    0.2752442955970764,
                    1.109591007232666
                ],
                [
                    0.0,
                    0.0,
                    0.0,
                    1.0
                ]
            ]
        },
        {
            "file_path": "./train/r_39",
            "rotation": 0.06283185307179587,
            "transform_matrix": [
                [
                    0.49794286489486694,
                    0.32656538486480713,
                    -0.8033257126808167,
                    -3.238443374633789
                ],
                [
                    -0.8671603202819824,
                    0.18752117455005646,
                    -0.46128764748573303,
                    -1.8595867156982422
                ],
                [
                    1.4900520817207052e-08,
                    0.9263805150985718,
                    0.3765619397163391,
                    1.518032431602478
                ],
                [
                    0.0,
                    0.0,
                    0.0,
                    1.0
                ]
            ]
        },
        {
            "file_path": "./train/r_40",
            "rotation": 0.06283185307179587,
            "transform_matrix": [
                [
                    0.9948821663856506,
                    0.019459638744592667,
                    -0.09871657937765121,
                    -0.39795568585395813
                ],
                [
                    -0.10061600059270859,
                    0.19241520762443542,
                    -0.9761008620262146,
                    -3.934950828552246
                ],
                [
                    0.0,
                    0.9811155200004578,
                    0.19338969886302948,
                    0.7796109914779663
                ],
                [
                    0.0,
                    0.0,
                    0.0,
                    1.0
                ]
            ]
        },
        {
            "file_path": "./train/r_41",
            "rotation": 0.06283185307179587,
            "transform_matrix": [
                [
                    -0.06923653185367584,
                    -0.35971131920814514,
                    0.9304519295692444,
                    3.7509267330169678
                ],
                [
                    0.9975572228431702,
                    -0.024966148659586906,
                    0.06457901746034622,
                    0.26033708453178406
                ],
                [
                    -1.8625651021508816e-09,
                    0.9327242374420166,
                    0.3605635464191437,
                    1.453538179397583
                ],
                [
                    0.0,
                    0.0,
                    0.0,
                    1.0
                ]
            ]
        },
        {
            "file_path": "./train/r_42",
            "rotation": 0.06283185307179587,
            "transform_matrix": [
                [
                    -0.8709394931793213,
                    -0.46462827920913696,
                    0.15973588824272156,
                    0.6439425349235535
                ],
                [
                    0.49130287766456604,
                    -0.8236530423164368,
                    0.2831660211086273,
                    1.1415258646011353
                ],
                [
                    1.4900521705385472e-08,
                    0.32512494921684265,
                    0.9456315040588379,
                    3.812119722366333
                ],
                [
                    0.0,
                    0.0,
                    0.0,
                    1.0
                ]
            ]
        },
        {
            "file_path": "./train/r_43",
            "rotation": 0.06283185307179587,
            "transform_matrix": [
                [
                    -0.48155978322029114,
                    -0.7087107300758362,
                    0.5155408978462219,
                    2.0782976150512695
                ],
                [
                    0.8763642907142639,
                    -0.3894346058368683,
                    0.28328827023506165,
                    1.1420187950134277
                ],
                [
                    0.0,
                    0.588268518447876,
                    0.8086301684379578,
                    3.259827136993408
                ],
                [
                    0.0,
                    0.0,
                    0.0,
                    1.0
