{
    "camera_angle_x": 0.6911112070083618,
    "frames": [
        {
            "file_path": "./train/r_0",
            "rotation": 0.06283185307179587,
            "transform_matrix": [
                [
                    0.8564271926879883,
                    -0.23503082990646362,
                    0.45957809686660767,
                    1.852695107460022
                ],
                [
                    0.5161846876144409,
                    0.38995110988616943,
                    -0.7625084519386292,
                    -3.073896646499634
                ],
                [
                    -1.4900522593563892e-08,
                    0.8903306126594543,
                    0.45528706908226013,
                    1.835396647453308
                ],
                [
                    0.0,
                    0.0,
                    0.0,
                    1.0
                ]
            ]
        },
        {
            "file_path": "./train/r_1",
            "rotation": 0.06283185307179587,
            "transform_matrix": [
                [
                    0.27719709277153015,
                    -0.4653692841529846,
                    0.8405510187149048,
                    3.388509511947632
                ],
                [
                    0.9607683420181274,
                    0.13426651060581207,
                    -0.24251247942447662,
                    -0.9776394367218018
                ],
                [
                    7.450260408603526e-09,
                    0.8748680353164673,
                    0.4843335449695587,
                    1.9524916410446167
                ],
                [
                    0.0,
                    0.0,
                    0.0,
                    1.0
                ]
            ]
        },
        {
            "file_path": "./train/r_2",
            "rotation": 0.06283185307179587,
            "transform_matrix": [
                [
                    0.24021925032138824,
                    -0.5087181329727173,
                    0.8267021179199219,
                    3.3326807022094727
                ],
                [
                    0.970674455165863,
                    0.12589587271213531,
                    -0.20458947122097015,
                    -0.8247606754302979
                ],
                [
                    -7.450260852692736e-09,
                    0.8516724705696106,
                    0.5240457653999329,
                    2.1125833988189697
                ],
                [
                    0.0,
                    0.0,
                    0.0,
                    1.0
                ]
            ]
        },
        {
            "file_path": "./train/r_3",
            "rotation": 0.06283185307179587,
            "transform_matrix": [
                [
                    -0.05648414418101311,
                    -0.7065027952194214,
                    0.7054197788238525,
                    2.8437554836273193
                ],
                [
                    0.9983605742454529,
                    -0.0399717353284359,
                    0.039910465478897095,
                    0.16089089214801788
                ],
                [
                    -1.862565213173184e-09,
                    0.7065735459327698,
                    0.7076069116592407,
                    2.852572441101074
                ],
                [
                    0.0,
                    0.0,
                    0.0,
                    1.0
                ]
            ]
        },
        {
            "file_path": "./train/r_4",
            "rotation": 0.06283185307179587,
            "transform_matrix": [
                [
                    0.9254558682441711,
                    0.2468334585428238,
                    -0.2872694134712219,
                    -1.1580679416656494
                ],
                [
                    -0.37874212861061096,
                    0.603137195110321,
                    -0.7019424438476562,
                    -2.829737424850464
                ],
                [
                    -1.4900520817207052e-08,
                    0.7584779262542725,
                    0.6516673564910889,
                    2.627063751220703
                ],
                [
                    0.0,
                    0.0,
                    0.0,
                    1.0
                ]
            ]
        },
        {
            "file_path": "./train/r_5",
            "rotation": 0.06283185307179587,
            "transform_matrix": [
                [
                    -0.6654829382896423,
                    -0.6626489758491516,
                    0.3434772193431854,
                    1.3846579790115356
                ],
                [
                    0.7463555335998535,
                    -0.5908465385437012,
                    0.3062591850757599,
                    1.2346211671829224
                ],
                [
                    -1.4900520817207052e-08,
                    0.4602028429508209,
                    0.8877760171890259,
                    3.5788872241973877
                ],
                [
                    0.0,
                    0.0,
                    0.0,
                    1.0
                ]
            ]
        },
        {
            "file_path": "./train/r_6",
            "rotation": 0.06283185307179587,
            "transform_matrix": [
                [
                    0.014351376332342625,
                    0.13142129778862,
                    -0.9911816716194153,
                    -3.99574613571167
                ],
                [
                    -0.9998540878295898,
                    0.0018863517325371504,
                    -0.014226896688342094,
                    -0.05735282227396965
                ],
                [
                    1.16410325823324e-10,
                    0.9913197755813599,
                    0.13143007457256317,
                    0.5298334360122681
                ],
                [
                    0.0,
                    0.0,
                    0.0,
                    1.0
                ]
            ]
        },
        {
            "file_path": "./train/r_7",
            "rotation": 0.06283185307179587,
            "transform_matrix": [
                [
                    0.9558454155921936,
                    0.2584723234176636,
                    -0.13953888416290283,
                    -0.5625224709510803
                ],
                [
                    -0.2937242090702057,
                    0.8411276340484619,
                    -0.45409125089645386,
                    -1.830575942993164
                ],
                [
                    7.450261740871156e-09,
                    0.4750644862651825,
                    0.8799132704734802,
                    3.5471904277801514
                ],
                [
                    0.0,
                    0.0,
                    0.0,
                    1.0
                ]
            ]
        },
        {
            "file_path": "./train/r_8",
            "rotation": 0.06283185307179587,
            "transform_matrix": [
                [
                    -0.9885809421539307,
                    0.1050829365849495,
                    -0.10761252790689468,
                    -0.43381786346435547
                ],
                [
                    -0.1504061371088028,
                    -0.690683126449585,
                    0.7073095440864563,
                    2.8513734340667725
                ],
                [
                    0.0,
                    0.7154749035835266,
                    0.6986059546470642,
                    2.81628680229187
                ],
                [
                    0.0,
                    0.0,
                    0.0,
                    1.0
                ]
            ]
        },
        {
            "file_path": "./train/r_9",
            "rotation": 0.06283185307179587,
            "transform_matrix": [
                [
                    0.2343764454126358,
                    0.19265809655189514,
                    -0.9528223276138306,
                    -3.8411083221435547
                ],
                [
                    -0.9721017479896545,
                    0.0464504137635231,
                    -0.22972813248634338,
                    -0.9261019825935364
                ],
                [
                    3.725130426346368e-09,
                    0.9801608324050903,
                    0.198171466588974,
                    0.7988877296447754
                ],
                [
                    0.0,
                    0.0,
                    0.0,
                    1.0
                ]
            ]
        },
        {
            "file_path": "./train/r_10",
            "rotation": 0.06283185307179587,
            "transform_matrix": [
                [
                    -0.6979644298553467,
                    0.3886827528476715,
                    -0.6014134883880615,
                    -2.4244751930236816
                ],
                [
                    -0.7160724401473999,
                    -0.3788537383079529,
                    0.5862049460411072,
                    2.3631653785705566
                ],
                [
                    0.0,
                    0.8398723006248474,
                    0.5427550673484802,
                    2.1880059242248535
                ],
                [
                    0.0,
                    0.0,
                    0.0,
                    1.0
                ]
            ]
        },
        {
            "file_path": "./train/r_11",
            "rotation": 0.06283185307179587,
            "transform_matrix": [
                [
                    0.8953259587287903,
                    -0.08764252811670303,
                    0.4366067945957184,
                    1.760090947151184
                ],
                [
                    0.44531503319740295,
                    0.1762092411518097,
                    -0.8778176307678223,
                    -3.5387420654296875
                ],
                [
                    0.0,
                    0.9804379940032959,
                    0.19679458439350128,
                    0.7933371663093567
                ],
                [
                    0.0,
                    0.0,
                    0.0,
                    1.0
                ]
            ]
        },
        {
            "file_path": "./train/r_12",
            "rotation": 0.06283185307179587,
            "transform_matrix": [
                [
                    0.75291907787323,
                    -0.1972651183605194,
                    0.6277880072593689,
                    2.5307986736297607
                ],
                [
                    0.6580479145050049,
                    0.22570493817329407,
                    -0.7182965874671936,
                    -2.895665407180786
                ],
                [
                    0.0,
                    0.9540092945098877,
                    0.299749493598938,
                    1.208378553390503
                ],
                [
                    0.0,
                    0.0,
                    0.0,
                    1.0
                ]
            ]
        },
        {
            "file_path": "./train/r_13",
            "rotation": 0.06283185307179587,
            "transform_matrix": [
                [
                    -0.9218682050704956,
                    -0.36631089448928833,
                    0.12609396874904633,
                    0.5083220601081848
                ],
                [
                    0.38739272952079773,
                    -0.8717003464698792,
                    0.3000624477863312,
                    1.2096405029296875
                ],
                [
                    1.4900520817207052e-08,
                    0.3254915773868561,
                    0.9455052614212036,
                    3.8116111755371094
                ],
                [
                    0.0,
                    0.0,
                    0.0,
                    1.0
                ]
            ]
        },
        {
            "file_path": "./train/r_14",
            "rotation": 0.06283185307179587,
            "transform_matrix": [
                [
                    0.9878799915313721,
                    -0.09443081170320511,
                    0.12284445017576218,
                    0.4952222406864166
                ],
                [
                    0.154942587018013,
                    0.6020700931549072,
                    -0.7832292318344116,
                    -3.15742826461792
                ],
                [
                    -7.450260408603526e-09,
                    0.7928330898284912,
                    0.609408438205719,
                    2.456705331802368
                ],
                [
                    0.0,
                    0.0,
                    0.0,
                    1.0
                ]
            ]
        },
        {
            "file_path": "./train/r_15",
            "rotation": 0.06283185307179587,
            "transform_matrix": [
                [
                    0.9972380995750427,
                    0.03864387795329094,
                    -0.06274759769439697,
                    -0.2529540956020355
                ],
                [
                    -0.07369183748960495,
                    0.5229501128196716,
                    -0.8491348028182983,
                    -3.4231131076812744
                ],
                [
                    3.725130870435578e-09,
                    0.8514809012413025,
                    0.5243569612503052,
                    2.113837718963623
                ],
                [
                    0.0,
                    0.0,
                    0.0,
                    1.0
                ]
            ]
        },
        {
            "file_path": "./train/r_16",
            "rotation": 0.06283185307179587,
            "transform_matrix": [
                [
                    0.40701332688331604,
                    0.8311305642127991,
                    -0.37885230779647827,
                    -1.5272655487060547
                ],
                [
                    -0.9133752584457397,
                    0.37036392092704773,
                    -0.16882210969924927,
                    -0.6805717945098877
                ],
                [
                    0.0,
                    0.4147800803184509,
                    0.9098831415176392,
                    3.6680078506469727
                ],
                [
                    0.0,
                    0.0,
                    0.0,
                    1.0
                ]
            ]
        },
        {
            "file_path": "./train/r_17",
            "rotation": 0.06283185307179587,
            "transform_matrix": [
                [
                    -0.8517758250236511,
                    0.3600504696369171,
                    -0.380481481552124,
                    -1.5338332653045654
                ],
                [
                    -0.5238246321678162,
                    -0.5854674577713013,
                    0.6186897158622742,
                    2.4941210746765137
                ],
                [
                    0.0,
                    0.7263479828834534,
                    0.6872949004173279,
                    2.770688772201538
                ],
                [
                    0.0,
                    0.0,
                    0.0,
                    1.0
                ]
            ]
        },
        {
            "file_path": "./train/r_18",
            "rotation": 0.06283185307179587,
            "transform_matrix": [
                [
                    0.6142438054084778,
                    0.1863250583410263,
                    -0.7667503952980042,
                    -3.0909974575042725
                ],
                [
                    -0.7890618443489075,
                    0.14504440128803253,
                    -0.5968754887580872,
                    -2.406181573867798
                ],
                [
                    -7.450260408603526e-09,
                    0.9717175364494324,
                    0.2361162155866623,
                    0.9518542289733887
                ],
                [
                    0.0,
                    0.0,
                    0.0,
                    1.0
                ]
            ]
        },
        {
            "file_path": "./train/r_19",
            "rotation": 0.06283185307179587,
            "transform_matrix": [
                [
                    0.0021075161639600992,
                    -0.4460499882698059,
                    0.8949674963951111,
                    3.6078784465789795
                ],
                [
                    0.9999548196792603,
                    0.0009400999988429248,
                    -0.001886243699118495,
                    -0.0076040057465434074
                ],
                [
                    0.0,
                    0.8950021266937256,
                    0.4460347294807434,
                    1.7980977296829224
                ],
                [
                    0.0,
                    0.0,
                    0.0,
                    1.0
                ]
            ]
        },
        {
            "file_path": "./train/r_20",
            "rotation": 0.06283185307179587,
            "transform_matrix": [
                [
                    0.9026049971580505,
                    0.17204543948173523,
                    -0.39448902010917664,
                    -1.5903018712997437
                ],
                [
                    -0.43037015199661255,
                    0.3608267605304718,
                    -0.8273523449897766,
                    -3.335301637649536
                ],
                [
                    0.0,
                    0.9166211485862732,
                    0.3997298777103424,
                    1.611429214477539
                ],
                [
                    0.0,
                    0.0,
                    0.0,
                    1.0
                ]
            ]
        },
        {
            "file_path": "./train/r_21",
            "rotation": 0.06283185307179587,
            "transform_matrix": [
                [
                    -0.9915960431098938,
                    0.03337413817644119,
                    -0.12465032190084457,
                    -0.5025022625923157
                ],
                [
                    -0.12904030084609985,
                    -0.25645989179611206,
                    0.9578616619110107,
                    3.8614234924316406
                ],
                [
                    0.0,
                    0.9659733176231384,
                    0.2586129307746887,
                    1.0425450801849365
                ],
                [
                    0.0,
                    0.0,
                    0.0,
                    1.0
                ]
            ]
        },
        {
            "file_path": "./train/r_22",
            "rotation": 0.06283185307179587,
            "transform_matrix": [
                [
                    0.8175857067108154,
                    -0.465943843126297,
                    0.3382023870944977,
                    1.363393783569336
                ],
                [
                    0.5757322907447815,
                    0.661677360534668,
                    -0.48027434945106506,
                    -1.936127781867981
                ],
                [
                    0.0,
                    0.5874261856079102,
                    0.8092422485351562,
                    3.2622945308685303
                ],
                [
                    0.0,
                    0.0,
                    0.0,
                    1.0
                ]
            ]
        },
        {
            "file_path": "./train/r_23",
            "rotation": 0.06283185307179587,
            "transform_matrix": [
                [
                    -0.896121621131897,
                    0.36953091621398926,
                    -0.24563737213611603,
                    -0.9902368783950806
                ],
                [
                    -0.44371193647384644,
                    -0.7463054656982422,
                    0.49608978629112244,
                    1.9998847246170044
                ],
                [
                    0.0,
                    0.5535928010940552,
                    0.8327510952949524,
                    3.3570659160614014
                ],
                [
                    0.0,
                    0.0,
                    0.0,
                    1.0
                ]
            ]
        },
        {
            "file_path": "./train/r_24",
            "rotation": 0.06283185307179587,
            "transform_matrix": [
                [
                    0.9851282238960266,
                    0.1494317501783371,
                    -0.08431190252304077,
                    -0.3398861885070801
                ],
                [
                    -0.1715710610151291,
                    0.8580085039138794,
                    -0.48410284519195557,
                    -1.951561450958252
                ],
                [
                    0.0,
                    0.49140772223472595,
                    0.8708922863006592,
                    3.510823965072632
                ],
                [
                    0.0,
                    0.0,
                    0.0,
                    1.0
                ]
            ]
        },
        {
            "file_path": "./train/r_25",
            "rotation": 0.06283185307179587,
            "transform_matrix": [
                [
                    -0.9707991480827332,
                    0.14003239572048187,
                    -0.19456540048122406,
                    -0.784350574016571
                ],
                [
                    -0.23971475660800934,
                    -0.5671046376228333,
                    0.7879528403282166,
                    3.1764707565307617
                ],
                [
                    -7.450260408603526e-09,
                    0.8116484880447388,
                    0.5841163396835327,
                    2.354745626449585
                ],
                [
                    0.0,
                    0.0,
                    0.0,
                    1.0
                ]
            ]
        },
        {
            "file_path": "./train/r_26",
            "rotation": 0.06283185307179587,
            "transform_matrix": [
                [
                    -0.6831604838371277,
                    -0.725290834903717,
                    0.0848468616604805,
                    0.3420427441596985
                ],
                [
                    0.730209469795227,
                    -0.6785587668418884,
                    0.07937999069690704,
                    0.3200041949748993
                ],
                [
                    0.0,
                    0.11619444936513901,
                    0.9931854009628296,
                    4.003823757171631
                ],
                [
                    0.0,
                    0.0,
                    0.0,
                    1.0
                ]
            ]
        },
        {
            "file_path": "./train/r_27",
            "rotation": 0.06283185307179587,
            "transform_matrix": [
                [
                    -0.0908207893371582,
                    -0.5189056992530823,
                    0.8499560952186584,
                    3.426424026489258
                ],
                [
                    0.9958241581916809,
                    -0.047325048595666885,
                    0.07751738280057907,
                    0.31249547004699707
                ],
                [
                    0.0,
                    0.8535146713256836,
                    0.5210403800010681,
                    2.1004676818847656
                ],
                [
                    0.0,
                    0.0,
                    0.0,
                    1.0
                ]
            ]
        },
        {
            "file_path": "./train/r_28",
            "rotation": 0.06283185307179587,
            "transform_matrix": [
                [
                    -0.42081108689308167,
                    -0.7193908095359802,
                    0.5525842308998108,
                    2.227630376815796
                ],
                [
                    0.9071010947227478,
                    -0.3337308466434479,
                    0.25634801387786865,
                    1.033414602279663
                ],
                [
                    0.0,
                    0.6091720461845398,
                    0.7930029630661011,
                    3.196829319000244
                ],
                [
                    0.0,
                    0.0,
                    0.0,
                    1.0
                ]
            ]
        },
        {
            "file_path": "./train/r_29",
            "rotation": 0.06283185307179587,
            "transform_matrix": [
                [
                    -0.27986279129981995,
                    0.23277108371257782,
                    -0.9313514828681946,
                    -3.7545528411865234
                ],
                [
                    -0.9599953293800354,
                    -0.06785862892866135,
                    0.27151238918304443,
                    1.0945466756820679
                ],
                [
                    0.0,
                    0.9701560735702515,
                    0.24245186150074005,
                    0.9773950576782227
                ],
                [
                    0.0,
                    0.0,
                    0.0,
                    1.0
                ]
            ]
        },
        {
            "file_path": "./train/r_30",
            "rotation": 0.06283185307179587,
            "transform_matrix": [
                [
                    -0.5669570565223694,
                    -0.25244075059890747,
                    0.7840628027915955,
                    3.1607882976531982
                ],
                [
                    0.8236952424049377,
                    -0.17375729978084564,
                    0.5396776795387268,
                    2.1755998134613037
                ],
                [
                    0.0,
                    0.9518781304359436,
                    0.3064492344856262,
                    1.2353873252868652
                ],
                [
                    0.0,
                    0.0,
                    0.0,
                    1.0
                ]
            ]
        },
        {
            "file_path": "./train/r_31",
            "rotation": 0.06283185307179587,
            "transform_matrix": [
                [
                    -0.6486930847167969,
                    -0.5706058144569397,
                    0.5035335421562195,
                    2.0298922061920166
                ],
                [
                    0.7609936594963074,
                    -0.4864009618759155,
                    0.4292265772819519,
                    1.7303390502929688
                ],
                [
                    1.4900519929028633e-08,
                    0.6616744995117188,
                    0.7497572898864746,
                    3.0224931240081787
                ],
                [
                    0.0,
                    0.0,
                    0.0,
                    1.0
                ]
            ]
        },
        {
            "file_path": "./train/r_32",
            "rotation": 0.06283185307179587,
            "transform_matrix": [
                [
                    -0.48207539319992065,
                    -0.5640612244606018,
                    0.6703566312789917,
                    2.7024056911468506
                ],
                [
                    0.8760807514190674,
                    -0.3103823661804199,
                    0.36887288093566895,
                    1.4870355129241943
                ],
                [
                    1.4900522593563892e-08,
                    0.7651716470718384,
                    0.6437951326370239,
                    2.5953283309936523
                ],
                [
                    0.0,
                    0.0,
                    0.0,
                    1.0
                ]
            ]
        },
        {
            "file_path": "./train/r_33",
            "rotation": 0.06283185307179587,
            "transform_matrix": [
                [
                    0.9991916418075562,
                    -0.02663409523665905,
                    0.02865026146173477,
                    0.1154976636171341
                ],
                [
                    0.03911720961332321,
                    0.6803287863731384,
                    -0.7318288087844849,
                    -2.9502182006835938
                ],
                [
                    1.8625653241954865e-09,
                    0.732416033744812,
                    0.6808252334594727,
                    2.74460768699646
                ],
                [
                    0.0,
                    0.0,
                    0.0,
                    1.0
                ]
            ]
        },
        {
            "file_path": "./train/r_34",
            "rotation": 0.06283185307179587,
            "transform_matrix": [
                [
                    0.4490935206413269,
                    0.7414575219154358,
                    -0.49851012229919434,
                    -2.009641647338867
                ],
                [
                    -0.8934367299079895,
                    0.37269991636276245,
                    -0.2505803406238556,
                    -1.0101633071899414
                ],
                [
                    0.0,
                    0.5579654574394226,
                    0.8298280239105225,
                    3.3452818393707275
                ],
                [
                    0.0,
                    0.0,
                    0.0,
                    1.0
                ]
            ]
        },
        {
            "file_path": "./train/r_35",
            "rotation": 0.06283185307179587,
            "transform_matrix": [
                [
                    -0.31982171535491943,
                    -0.6919789910316467,
                    0.6471715569496155,
                    2.6089398860931396
                ],
                [
                    0.9474325180053711,
                    -0.23358909785747528,
                    0.21846361458301544,
                    0.880691409111023
                ],
                [
                    -1.4900522593563892e-08,
                    0.6830748915672302,
                    0.7303149700164795,
                    2.944115400314331
                ],
                [
                    0.0,
                    0.0,
                    0.0,
                    1.0
                ]
            ]
        },
        {
            "file_path": "./train/r_36",
            "rotation": 0.06283185307179587,
            "transform_matrix": [
                [
                    -0.5871601700782776,
                    -0.5117501616477966,
                    0.6271283626556396,
                    2.528139591217041
                ],
                [
                    0.8094176054000854,
                    -0.37122902274131775,
                    0.4549255967140198,
                    1.8339394330978394
                ],
                [
                    -1.4900519929028633e-08,
                    0.7747842669487,
                    0.6321948766708374,
                    2.5485639572143555
                ],
                [
                    0.0,
                    0.0,
                    0.0,
                    1.0
                ]
            ]
        },
        {
            "file_path": "./train/r_37",
            "rotation": 0.06283185307179587,
            "transform_matrix": [
                [
                    0.9804890155792236,
                    0.03704216331243515,
                    -0.1928306221961975,
                    -0.7773572206497192
                ],
                [
                    -0.1963556706905365,
                    0.18496759235858917,
                    -0.9628869295120239,
                    -3.8816816806793213
                ],
                [
                    3.725130426346368e-09,
                    0.9820412397384644,
                    0.18863335251808167,
                    0.7604367733001709
                ],
                [
                    0.0,
                    0.0,
                    0.0,
                    1.0
                ]
            ]
        },
        {
            "file_path": "./train/r_38",
            "rotation": 0.06283185307179587,
            "transform_matrix": [
                [
                    -0.13269715011119843,
                    0.5503655076026917,
                    -0.8242745995521545,
                    -3.322894334793091
                ],
                [
                    -0.9911133050918579,
                    -0.07368676364421844,
                    0.11035962402820587,
                    0.4448922574520111
                ],
                [
                    0.0,
                    0.8316599130630493,
                    0.5552562475204468,
                    2.2384021282196045
                ],
                [
                    0.0,
                    0.0,
                    0.0,
                    1.0
                ]
            ]
        },
        {
            "file_path": "./train/r_39",
            "rotation": 0.06283185307179587,
            "transform_matrix": [
                [
                    -0.9897494912147522,
                    0.13717100024223328,
                    -0.038671351969242096,
                    -0.1558956503868103
                ],
                [
                    -0.14251287281513214,
                    -0.9526503086090088,
                    0.2685718834400177,
                    1.0826926231384277
                ],
                [
                    -3.7251297602125533e-09,
                    0.2713513672351837,
                    0.9624401926994324,
                    3.879880666732788
                ],
                [
                    0.0,
                    0.0,
                    0.0,
                    1.0
                ]
            ]
        },
        {
            "file_path": "./train/r_40",
            "rotation": 0.06283185307179587,
            "transform_matrix": [
                [
                    -0.627116858959198,
                    -0.30378401279449463,
                    0.7171908020973206,
                    2.891207695007324
                ],
                [
                    0.7788701057434082,
                    -0.24459540843963623,
                    0.5774549245834351,
                    2.3278913497924805
                ],
                [
                    -1.4900522593563892e-08,
                    0.9208031296730042,
                    0.39000076055526733,
                    1.572208285331726
                ],
                [
                    0.0,
                    0.0,
                    0.0,
                    1.0
                ]
            ]
        },
        {
            "file_path": "./train/r_41",
            "rotation": 0.06283185307179587,
            "transform_matrix": [
                [
                    -0.4838973581790924,
                    -0.8468112349510193,
                    0.2207324057817459,
                    0.8898375630378723
                ],
                [
                    0.8750757575035095,
                    -0.46826767921447754,
                    0.12206008285284042,
                    0.49206027388572693
                ],
                [
                    7.450261296781946e-09,
                    0.2522420883178711,
                    0.9676238298416138,
                    3.900777578353882
                ],
                [
                    0.0,
                    0.0,
                    0.0,
                    1.0
                ]
            ]
        },
        {
            "file_path": "./train/r_42",
            "rotation": 0.06283185307179587,
            "transform_matrix": [
                [
                    -0.3019638657569885,
                    -0.21157439053058624,
                    0.9295022487640381,
                    3.747098207473755
                ],
                [
                    0.9532745480537415,
                    -0.06701932847499847,
                    0.2944336533546448,
                    1.1869490146636963
                ],
                [
                    0.0,
                    0.9750562906265259,
                    0.22192730009555817,
                    0.8946545124053955
                ],
                [
                    0.0,
                    0.0,
                    0.0,
                    1.0
                ]
            ]
        },
        {
            "file_path": "./train/r_43",
            "rotation": 0.06283185307179587,
            "transform_matrix": [
                [
                    -0.00427132286131382,
                    -0.3269178867340088,
                    0.9450035095214844,
                    3.8095884323120117
                ],
                [
                    0.9999480247497559,
                    -0.0013964445097371936,
                    0.004036624915897846,
                    0.016272827982902527
                ],
                [
                    1.16410325823324e-10,
                    0.9450464248657227,
                    0.32690900564193726,
                    1.3178668022155762
                ],
                [
                    0.0,
                    0.0,
                    0.0,
                    1.0
