{
    "camera_angle_x": 0.6911112070083618,
    "frames": [
        {
            "file_path": "./train/r_0",
            "rotation": 0.06283185307179587,
            "transform_matrix": [
                [
                    0.6725022196769714,
                    0.417304664850235,
                    -0.6111677885055542,
                    -2.4637980461120605
                ],
                [
                    -0.7400370836257935,
                    0.37922197580337524,
                    -0.555393397808075,
                    -2.238955020904541
                ],
                [
                    0.0,
                    0.8258556127548218,
                    0.5638522505760193,
                    2.273055076599121
                ],
                [
                    0.0,
                    0.0,
                    0.0,
                    1.0
                ]
            ]
        },
        {
            "file_path": "./train/r_1",
            "rotation": 0.06283185307179587,
            "transform_matrix": [
                [
                    0.6536507606506348,
                    -0.23304376006126404,
                    0.7199661135673523,
                    2.9023962020874023
                ],
                [
                    0.756739616394043,
                    0.20129674673080444,
                    -0.6218868494033813,
                    -2.507009744644165
                ],
                [
                    1.4900522593563892e-08,
                    0.951399028301239,
                    0.3079332709312439,
                    1.2413699626922607
                ],
                [
                    0.0,
                    0.0,
                    0.0,
                    1.0
                ]
            ]
        },
        {
            "file_path": "./train/r_2",
            "rotation": 0.06283185307179587,
            "transform_matrix": [
                [
                    -0.4294227957725525,
                    -0.5946630835533142,
                    0.6796427965164185,
                    2.7398409843444824
                ],
                [
                    0.9030560851097107,
                    -0.28277522325515747,
                    0.32318490743637085,
                    1.3028538227081299
                ],
                [
                    0.0,
                    0.7525981068611145,
                    0.6584486365318298,
                    2.6544008255004883
                ],
                [
                    0.0,
                    0.0,
                    0.0,
                    1.0
                ]
            ]
        },
        {
            "file_path": "./train/r_3",
            "rotation": 0.06283185307179587,
            "transform_matrix": [
                [
                    0.11126316338777542,
                    -0.1936187893152237,
                    0.9747062921524048,
                    3.9293289184570312
                ],
                [
                    0.9937477707862854,
                    0.021678175777196884,
                    -0.10913120955228806,
                    -0.4399401545524597
                ],
                [
                    0.0,
                    0.9808322787284851,
                    0.19482149183750153,
                    0.7853829860687256
                ],
                [
                    0.0,
                    0.0,
                    0.0,
                    1.0
                ]
            ]
        },
        {
            "file_path": "./train/r_4",
            "rotation": 0.06283185307179587,
            "transform_matrix": [
                [
                    0.19872041046619415,
                    -0.8826864957809448,
                    0.4258505702018738,
                    1.7167292833328247
                ],
                [
                    0.9800124764442444,
                    0.17898528277873993,
                    -0.08635114133358002,
                    -0.3481069505214691
                ],
                [
                    0.0,
                    0.43453294038772583,
                    0.9006177186965942,
                    3.6306557655334473
                ],
                [
                    0.0,
                    0.0,
                    0.0,
                    1.0
                ]
            ]
        },
        {
            "file_path": "./train/r_5",
            "rotation": 0.06283185307179587,
            "transform_matrix": [
                [
                    -0.6486077308654785,
                    0.11206938326358795,
                    -0.7527718544006348,
                    -3.0346457958221436
                ],
                [
                    -0.7610666155815125,
                    -0.09550946950912476,
                    0.641538679599762,
                    2.5862319469451904
                ],
                [
                    7.450261740871156e-09,
                    0.989094614982605,
                    0.14724141359329224,
                    0.5935736298561096
                ],
                [
                    0.0,
                    0.0,
                    0.0,
                    1.0
                ]
            ]
        },
        {
            "file_path": "./train/r_6",
            "rotation": 0.06283185307179587,
            "transform_matrix": [
                [
                    0.187871053814888,
                    0.6781502962112427,
                    -0.7104698419570923,
                    -2.8641138076782227
                ],
                [
                    -0.982150137424469,
                    0.1297202706336975,
                    -0.135902538895607,
                    -0.5478633046150208
                ],
                [
                    -7.450261740871156e-09,
                    0.7233774065971375,
                    0.6904205679893494,
                    2.7832891941070557
                ],
                [
                    0.0,
                    0.0,
                    0.0,
                    1.0
                ]
            ]
        },
        {
            "file_path": "./train/r_7",
            "rotation": 0.06283185307179587,
            "transform_matrix": [
                [
                    0.9997480511665344,
                    0.00423326063901186,
                    -0.019997969269752502,
                    -0.08061771839857101
                ],
                [
                    -0.020441051572561264,
                    0.2070438712835312,
                    -0.9780774116516113,
                    -3.9429190158843994
                ],
                [
                    0.0,
                    0.9783172011375427,
                    0.20707964897155762,
                    0.8347992300987244
                ],
                [
                    0.0,
                    0.0,
                    0.0,
                    1.0
                ]
            ]
        },
        {
            "file_path": "./train/r_8",
            "rotation": 0.06283185307179587,
            "transform_matrix": [
                [
                    -0.7659603953361511,
                    0.5783193111419678,
                    -0.2806977927684784,
                    -1.1315757036209106
                ],
                [
                    -0.6428211331367493,
                    -0.6891026496887207,
                    0.3344684839248657,
                    1.3483412265777588
                ],
                [
                    0.0,
                    0.43666258454322815,
                    0.899587094783783,
                    3.6265013217926025
                ],
                [
                    0.0,
                    0.0,
                    0.0,
                    1.0
                ]
            ]
        },
        {
            "file_path": "./train/r_9",
            "rotation": 0.06283185307179587,
            "transform_matrix": [
                [
                    -0.8172072768211365,
                    0.2832898497581482,
                    -0.5018367767333984,
                    -2.023052453994751
                ],
                [
                    -0.5762693285942078,
                    -0.4017331600189209,
                    0.7116544842720032,
                    2.868889331817627
                ],
                [
                    0.0,
                    0.8708313703536987,
                    0.49155381321907043,
                    1.9815986156463623
                ],
                [
                    0.0,
                    0.0,
                    0.0,
                    1.0
                ]
            ]
        },
        {
            "file_path": "./train/r_10",
            "rotation": 0.06283185307179587,
            "transform_matrix": [
                [
                    -0.1247076690196991,
                    0.3521405756473541,
                    -0.9275620579719543,
                    -3.739276647567749
                ],
                [
                    -0.9921503663063049,
                    -0.044262077659368515,
                    0.11658929288387299,
                    0.4700058698654175
                ],
                [
                    -3.725130426346368e-09,
                    0.9348945617675781,
                    0.3548985719680786,
                    1.4307010173797607
                ],
                [
                    0.0,
                    0.0,
                    0.0,
                    1.0
                ]
            ]
        },
        {
            "file_path": "./train/r_11",
            "rotation": 0.06283185307179587,
            "transform_matrix": [
                [
                    0.06799048185348511,
                    0.6773970723152161,
                    -0.7324351072311401,
                    -2.952662229537964
                ],
                [
                    -0.997642993927002,
                    0.04616536572575569,
                    -0.04991626739501953,
                    -0.20122721791267395
                ],
                [
                    0.0,
                    0.7341606616973877,
                    0.6789437532424927,
                    2.737022638320923
                ],
                [
                    0.0,
                    0.0,
                    0.0,
                    1.0
                ]
            ]
        },
        {
            "file_path": "./train/r_12",
            "rotation": 0.06283185307179587,
            "transform_matrix": [
                [
                    0.957330584526062,
                    0.0982218012213707,
                    -0.2716352939605713,
                    -1.095042109489441
                ],
                [
                    -0.2888464331626892,
                    0.3255388140678406,
                    -0.9002872705459595,
                    -3.6293234825134277
                ],
                [
                    0.0,
                    0.9404078722000122,
                    0.34002161026000977,
                    1.3707274198532104
                ],
                [
                    0.0,
                    0.0,
                    0.0,
                    1.0
                ]
            ]
        },
        {
            "file_path": "./train/r_13",
            "rotation": 0.06283185307179587,
            "transform_matrix": [
                [
                    -0.8446307182312012,
                    0.2840672731399536,
                    -0.4536803662776947,
                    -1.8289196491241455
                ],
                [
                    -0.5352694392204285,
                    -0.4482451379299164,
                    0.7158868908882141,
                    2.885951519012451
                ],
                [
                    0.0,
                    0.8475682735443115,
                    0.5306575298309326,
                    2.139237403869629
                ],
                [
                    0.0,
                    0.0,
                    0.0,
                    1.0
                ]
            ]
        },
        {
            "file_path": "./train/r_14",
            "rotation": 0.06283185307179587,
            "transform_matrix": [
                [
                    0.6481464505195618,
                    -0.5292413830757141,
                    0.5474907755851746,
                    2.207097053527832
                ],
                [
                    0.7614593505859375,
                    0.45048487186431885,
                    -0.46601855754852295,
                    -1.8786585330963135
                ],
                [
                    -1.4900521705385472e-08,
                    0.7189971208572388,
                    0.6949805617332458,
                    2.8016719818115234
                ],
                [
                    0.0,
                    0.0,
                    0.0,
                    1.0
                ]
            ]
        },
        {
            "file_path": "./train/r_15",
            "rotation": 0.06283185307179587,
            "transform_matrix": [
                [
                    -0.8527028560638428,
                    -0.43915659189224243,
                    0.2827865183353424,
                    1.1399959325790405
                ],
                [
                    0.5223139524459839,
                    -0.7169445157051086,
                    0.46166273951530457,
                    1.8610987663269043
                ],
                [
                    -1.4900521705385472e-08,
                    0.5414074659347534,
                    0.8407239317893982,
                    3.3892064094543457
                ],
                [
                    0.0,
                    0.0,
                    0.0,
                    1.0
                ]
            ]
        },
        {
            "file_path": "./train/r_16",
            "rotation": 0.06283185307179587,
            "transform_matrix": [
                [
                    0.9999508857727051,
                    0.0020169054623693228,
                    -0.002879117615520954,
                    -0.011606571264564991
                ],
                [
                    -0.003515236545354128,
                    0.5737327337265015,
                    -0.8189992308616638,
                    -3.3016273975372314
                ],
                [
                    0.0,
                    0.8190339207649231,
                    0.5737155675888062,
                    2.312816619873047
                ],
                [
                    0.0,
                    0.0,
                    0.0,
                    1.0
                ]
            ]
        },
        {
            "file_path": "./train/r_17",
            "rotation": 0.06283185307179587,
            "transform_matrix": [
                [
                    0.8434123992919922,
                    -0.4940430819988251,
                    0.21097329258918762,
                    0.8504955768585205
                ],
                [
                    0.5371868014335632,
                    0.7756744027137756,
                    -0.3312394917011261,
                    -1.3353240489959717
                ],
                [
                    0.0,
                    0.39273473620414734,
                    0.9196130633354187,
                    3.7072315216064453
                ],
                [
                    0.0,
                    0.0,
                    0.0,
                    1.0
                ]
            ]
        },
        {
            "file_path": "./train/r_18",
            "rotation": 0.06283185307179587,
            "transform_matrix": [
                [
                    -0.460154265165329,
                    0.7099860310554504,
                    -0.5330396294593811,
                    -2.1488401889801025
                ],
                [
                    -0.8877907395362854,
                    -0.36799564957618713,
                    0.2762818932533264,
                    1.1137738227844238
                ],
                [
                    1.4900521705385472e-08,
                    0.6004074215888977,
                    0.7996590733528137,
                    3.2236616611480713
                ],
                [
                    0.0,
                    0.0,
                    0.0,
                    1.0
                ]
            ]
        },
        {
            "file_path": "./train/r_19",
            "rotation": 0.06283185307179587,
            "transform_matrix": [
                [
                    0.83096843957901,
                    -0.38787415623664856,
                    0.3987119197845459,
                    1.607325553894043
                ],
                [
                    0.5562424659729004,
                    0.5794436931610107,
                    -0.5956341624259949,
                    -2.401177406311035
                ],
                [
                    0.0,
                    0.7167903780937195,
                    0.6972561478614807,
                    2.810845375061035
                ],
                [
                    0.0,
                    0.0,
                    0.0,
                    1.0
                ]
            ]
        },
        {
            "file_path": "./train/r_20",
            "rotation": 0.06283185307179587,
            "transform_matrix": [
                [
                    -0.08863674849271774,
                    -0.5830488204956055,
                    0.8075515627861023,
                    3.255479097366333
                ],
                [
                    0.9960209131240845,
                    -0.05188600718975067,
                    0.07186469435691833,
                    0.28970783948898315
                ],
                [
                    0.0,
                    0.8107723593711853,
                    0.5853317379951477,
                    2.359645366668701
                ],
                [
                    0.0,
                    0.0,
                    0.0,
                    1.0
                ]
            ]
        },
        {
            "file_path": "./train/r_21",
            "rotation": 0.06283185307179587,
            "transform_matrix": [
                [
                    0.019009999930858612,
                    -0.7932272553443909,
                    0.608598530292511,
                    2.4534401893615723
                ],
                [
                    0.999776303768158,
                    0.015082625672221184,
                    -0.01157204620540142,
                    -0.04665033519268036
                ],
                [
                    0.0,
                    0.6087306141853333,
                    0.7933419346809387,
                    3.198195457458496
                ],
                [
                    0.0,
                    0.0,
                    0.0,
                    1.0
                ]
            ]
        },
        {
            "file_path": "./train/r_22",
            "rotation": 0.06283185307179587,
            "transform_matrix": [
                [
                    -0.7154162526130676,
                    0.4087229073047638,
                    -0.5666154623031616,
                    -2.284194231033325
                ],
                [
                    -0.698637068271637,
                    -0.4185391962528229,
                    0.5802238583564758,
                    2.3390538692474365
                ],
                [
                    1.4900521705385472e-08,
                    0.8110243082046509,
                    0.5849825739860535,
                    2.3582375049591064
                ],
                [
                    0.0,
                    0.0,
                    0.0,
                    1.0
                ]
            ]
        },
        {
            "file_path": "./train/r_23",
            "rotation": 0.06283185307179587,
            "transform_matrix": [
                [
                    0.1986825317144394,
                    0.5939878821372986,
                    -0.779516875743866,
                    -3.1424624919891357
                ],
                [
                    -0.9800201058387756,
                    0.12042099237442017,
                    -0.15803387761116028,
                    -0.6370812058448792
                ],
                [
                    0.0,
                    0.7954037189483643,
                    0.6060497164726257,
                    2.4431653022766113
                ],
                [
                    0.0,
                    0.0,
                    0.0,
                    1.0
                ]
            ]
        },
        {
            "file_path": "./train/r_24",
            "rotation": 0.06283185307179587,
            "transform_matrix": [
                [
                    0.7921157479286194,
                    -0.19227050244808197,
                    0.579226016998291,
                    2.335031032562256
                ],
                [
                    0.610300600528717,
                    0.24954994022846222,
                    -0.7517836689949036,
                    -3.0306620597839355
                ],
                [
                    1.4900522593563892e-08,
                    0.9490767121315002,
                    0.31501731276512146,
                    1.2699278593063354
                ],
                [
                    0.0,
                    0.0,
                    0.0,
                    1.0
                ]
            ]
        },
        {
            "file_path": "./train/r_25",
            "rotation": 0.06283185307179587,
            "transform_matrix": [
                [
                    0.9518199563026428,
                    -0.11056690663099289,
                    0.28588342666625977,
                    1.1524804830551147
                ],
                [
                    0.3065178394317627,
                    0.34333980083465576,
                    -0.8877444863319397,
                    -3.5787601470947266
                ],
                [
                    0.0,
                    0.9326749444007874,
                    0.36069080233573914,
                    1.4540512561798096
                ],
                [
                    0.0,
                    0.0,
                    0.0,
                    1.0
                ]
            ]
        },
        {
            "file_path": "./train/r_26",
            "rotation": 0.06283185307179587,
            "transform_matrix": [
                [
                    0.6588605642318726,
                    0.4051302671432495,
                    -0.6337981224060059,
                    -2.555027484893799
                ],
                [
                    -0.7522080540657043,
                    0.3548544645309448,
                    -0.5551450848579407,
                    -2.2379539012908936
                ],
                [
                    0.0,
                    0.8425779938697815,
                    0.5385454297065735,
                    2.1710357666015625
                ],
                [
                    0.0,
                    0.0,
                    0.0,
                    1.0
                ]
            ]
        },
        {
            "file_path": "./train/r_27",
            "rotation": 0.06283185307179587,
            "transform_matrix": [
                [
                    -0.2542952299118042,
                    0.966654896736145,
                    -0.029954152181744576,
                    -0.12075403332710266
                ],
                [
                    -0.9670822620391846,
                    -0.2541828155517578,
                    0.007876472547650337,
                    0.03175238519906998
                ],
                [
                    -9.31282606586592e-10,
                    0.030974406749010086,
                    0.9994788765907288,
                    4.0291948318481445
                ],
                [
                    0.0,
                    0.0,
                    0.0,
                    1.0
                ]
            ]
        },
        {
            "file_path": "./train/r_28",
            "rotation": 0.06283185307179587,
            "transform_matrix": [
                [
                    0.7884565591812134,
                    -0.42873862385749817,
                    0.44096270203590393,
                    1.7776509523391724
                ],
                [
                    0.6150206327438354,
                    0.5496429800987244,
                    -0.5653142333030701,
                    -2.2789487838745117
                ],
                [
                    0.0,
                    0.7169837951660156,
                    0.6970573663711548,
                    2.810044288635254
                ],
                [
                    0.0,
                    0.0,
                    0.0,
                    1.0
                ]
            ]
        },
        {
            "file_path": "./train/r_29",
            "rotation": 0.06283185307179587,
            "transform_matrix": [
                [
                    0.578397810459137,
                    -0.6428292989730835,
                    0.5021681785583496,
                    2.024388313293457
                ],
                [
                    0.8157022595405579,
                    0.4558171033859253,
                    -0.3560771942138672,
                    -1.4354523420333862
                ],
                [
                    1.4900521705385472e-08,
                    0.6156226992607117,
                    0.788006067276001,
                    3.176685094833374
                ],
                [
                    0.0,
                    0.0,
                    0.0,
                    1.0
                ]
            ]
        },
        {
            "file_path": "./train/r_30",
            "rotation": 0.06283185307179587,
            "transform_matrix": [
                [
                    0.9155563116073608,
                    0.14402617514133453,
                    -0.37540555000305176,
                    -1.5133706331253052
                ],
                [
                    -0.4020831286907196,
                    0.3279522657394409,
                    -0.8548105955123901,
                    -3.4459939002990723
                ],
                [
                    7.450261296781946e-09,
                    0.9336454272270203,
                    0.35817161202430725,
                    1.4438955783843994
                ],
                [
                    0.0,
                    0.0,
                    0.0,
                    1.0
                ]
            ]
        },
        {
            "file_path": "./train/r_31",
            "rotation": 0.06283185307179587,
            "transform_matrix": [
                [
                    0.019942477345466614,
                    -0.2804580330848694,
                    0.9596190452575684,
                    3.8685078620910645
                ],
                [
                    0.9997583031654358,
                    0.00559438019990921,
                    -0.019141806289553642,
                    -0.07716628164052963
                ],
                [
                    -4.656413310488716e-10,
                    0.9598446488380432,
                    0.28050369024276733,
                    1.1307933330535889
                ],
                [
                    0.0,
                    0.0,
                    0.0,
                    1.0
                ]
            ]
        },
        {
            "file_path": "./train/r_32",
            "rotation": 0.06283185307179587,
            "transform_matrix": [
                [
                    0.3697008192539215,
                    -0.35411790013313293,
                    0.8589807152748108,
                    3.4628050327301025
                ],
                [
                    0.929104745388031,
                    0.14090734720230103,
                    -0.34179770946502686,
                    -1.3778876066207886
                ],
                [
                    0.0,
                    0.9245190620422363,
                    0.38110867142677307,
                    1.536361575126648
                ],
                [
                    0.0,
                    0.0,
                    0.0,
                    1.0
                ]
            ]
        },
        {
            "file_path": "./train/r_33",
            "rotation": 0.06283185307179587,
            "transform_matrix": [
                [
                    -0.1895880103111267,
                    0.7326564788818359,
                    -0.6536261439323425,
                    -2.6349599361419678
                ],
                [
                    -0.9818200469017029,
                    -0.1414748877286911,
                    0.12621425092220306,
                    0.5088068842887878
                ],
                [
                    -7.450260852692736e-09,
                    0.6657245755195618,
                    0.7461636662483215,
                    3.0080060958862305
                ],
                [
                    0.0,
                    0.0,
                    0.0,
                    1.0
                ]
            ]
        },
        {
            "file_path": "./train/r_34",
            "rotation": 0.06283185307179587,
            "transform_matrix": [
                [
                    0.5911954045295715,
                    0.46138685941696167,
                    -0.6614695191383362,
                    -2.666579008102417
                ],
                [
                    -0.8064752221107483,
                    0.3382246494293213,
                    -0.4848973751068115,
                    -1.9547646045684814
                ],
                [
                    1.4900522593563892e-08,
                    0.8201927542686462,
                    0.5720577239990234,
                    2.306133508682251
                ],
                [
                    0.0,
                    0.0,
                    0.0,
                    1.0
                ]
            ]
        },
        {
            "file_path": "./train/r_35",
            "rotation": 0.06283185307179587,
            "transform_matrix": [
                [
                    0.8900914788246155,
                    -0.22854743897914886,
                    0.3942357003688812,
                    1.5892804861068726
                ],
                [
                    0.45568767189979553,
                    0.4464201033115387,
                    -0.770057737827301,
                    -3.10433030128479
                ],
                [
                    -1.4900522593563892e-08,
                    0.865138590335846,
                    0.5015043616294861,
                    2.021712303161621
                ],
                [
                    0.0,
                    0.0,
                    0.0,
                    1.0
                ]
            ]
        },
        {
            "file_path": "./train/r_36",
            "rotation": 0.06283185307179587,
            "transform_matrix": [
                [
                    0.8828251361846924,
                    -0.4016663134098053,
                    0.2433318793773651,
                    0.9809426665306091
                ],
                [
                    0.4696102440357208,
                    0.7550967335700989,
                    -0.45744216442108154,
                    -1.84408438205719
                ],
                [
                    0.0,
                    0.5181536674499512,
                    0.8552506566047668,
                    3.447767972946167
                ],
                [
                    0.0,
                    0.0,
                    0.0,
                    1.0
                ]
            ]
        },
        {
            "file_path": "./train/r_37",
            "rotation": 0.06283185307179587,
            "transform_matrix": [
                [
                    -0.15130367875099182,
                    0.24850039184093475,
                    -0.95670086145401,
                    -3.856743812561035
                ],
                [
                    -0.9884439706802368,
                    -0.038038596510887146,
                    0.1464446783065796,
                    0.5903617739677429
                ],
                [
                    0.0,
                    0.9678793549537659,
                    0.25138577818870544,
                    1.0134103298187256
                ],
                [
                    0.0,
                    0.0,
                    0.0,
                    1.0
                ]
            ]
        },
        {
            "file_path": "./train/r_38",
            "rotation": 0.06283185307179587,
            "transform_matrix": [
                [
                    -0.9283251166343689,
                    -0.1804112195968628,
                    0.3249327838420868,
                    1.3099000453948975
                ],
                [
                    0.37165403366088867,
                    -0.4506348967552185,
                    0.8116238117218018,
                    3.271895170211792
                ],
                [
                    1.4900521705385472e-08,
                    0.8742825388908386,
                    0.48538944125175476,
                    1.9567482471466064
                ],
                [
                    0.0,
                    0.0,
                    0.0,
                    1.0
                ]
            ]
        },
        {
            "file_path": "./train/r_39",
            "rotation": 0.06283185307179587,
            "transform_matrix": [
                [
                    0.5384688377380371,
                    -0.10974885523319244,
                    0.8354184031486511,
                    3.3678181171417236
                ],
                [
                    0.8425945043563843,
                    0.07013615220785141,
                    -0.5338829159736633,
                    -2.1522395610809326
                ],
                [
                    3.725130426346368e-09,
                    0.9914767146110535,
                    0.1302407830953598,
                    0.5250390768051147
                ],
                [
                    0.0,
                    0.0,
                    0.0,
                    1.0
                ]
            ]
        },
        {
            "file_path": "./train/r_40",
            "rotation": 0.06283185307179587,
            "transform_matrix": [
                [
                    -0.9839598536491394,
                    -0.07502684742212296,
                    0.1615818291902542,
                    0.6513841152191162
                ],
                [
                    0.17814938724040985,
                    -0.4143904447555542,
                    0.8924534320831299,
                    3.597743272781372
                ],
                [
                    0.0,
                    0.9069958329200745,
                    0.4211123287677765,
                    1.6976282596588135
                ],
                [
                    0.0,
                    0.0,
                    0.0,
                    1.0
                ]
            ]
        },
        {
            "file_path": "./train/r_41",
            "rotation": 0.06283185307179587,
            "transform_matrix": [
                [
                    0.72048020362854,
                    0.6777273416519165,
                    -0.1467752307653427,
                    -0.5916943550109863
                ],
                [
                    -0.6934135556221008,
                    0.7041816711425781,
                    -0.15250442922115326,
                    -0.6147904396057129
                ],
                [
                    0.0,
                    0.21166914701461792,
                    0.9773007035255432,
                    3.9397881031036377
                ],
                [
                    0.0,
                    0.0,
                    0.0,
                    1.0
                ]
            ]
        },
        {
            "file_path": "./train/r_42",
            "rotation": 0.06283185307179587,
            "transform_matrix": [
                [
                    0.9625033736228943,
                    0.26334625482559204,
                    -0.06446260958909988,
                    -0.2598678171634674
                ],
                [
                    -0.27111145853996277,
                    0.9349353313446045,
                    -0.22885598242282867,
                    -0.9225860834121704
                ],
                [
                    0.0,
                    0.23777014017105103,
                    0.9712810516357422,
                    3.9155209064483643
                ],
                [
                    0.0,
                    0.0,
                    0.0,
                    1.0
                ]
            ]
        },
        {
            "file_path": "./train/r_43",
            "rotation": 0.06283185307179587,
            "transform_matrix": [
                [
                    0.029434338212013245,
                    0.36072567105293274,
                    -0.9321681261062622,
                    -3.757845163345337
                ],
                [
                    -0.9995238184928894,
                    0.010622778907418251,
                    -0.027450820431113243,
                    -0.11066237092018127
                ],
                [
                    0.0,
                    0.9326061010360718,
                    0.3608689308166504,
                    1.454769253730774
                ],
                [
                    0.0,
                    0.0,
                    0.0,
                    1.0
                ]
            ]
        },
        {
            "file_path": "./train/r_44",
