{
    "camera_angle_x": 0.6911112070083618,
    "frames": [
        {
            "file_path": "./train/r_0",
            "rotation": 0.06283185307179587,
            "transform_matrix": [
                [
                    0.8798801898956299,
                    -0.2303449809551239,
                    0.41553670167922974,
                    1.6751511096954346
                ],
                [
                    0.47510528564453125,
                    0.42659175395965576,
                    -0.7695611119270325,
                    -3.102328062057495
                ],
                [
                    0.0,
                    0.8746145367622375,
                    0.48479101061820984,
                    1.9543356895446777
                ],
                [
                    0.0,
                    0.0,
                    0.0,
                    1.0
                ]
            ]
        },
        {
            "file_path": "./train/r_1",
            "rotation": 0.06283185307179587,
            "transform_matrix": [
                [
                    0.693015992641449,
                    -0.21288679540157318,
                    0.6887140870094299,
                    2.776409864425659
                ],
                [
                    0.7208625674247742,
                    0.20466308295726776,
                    -0.6621094346046448,
                    -2.669158458709717
                ],
                [
                    0.0,
                    0.9553963541984558,
                    0.29529890418052673,
                    1.1904370784759521
                ],
                [
                    0.0,
                    0.0,
                    0.0,
                    1.0
                ]
            ]
        },
        {
            "file_path": "./train/r_2",
            "rotation": 0.06283185307179587,
            "transform_matrix": [
                [
                    -0.9400628209114075,
                    -0.15773913264274597,
                    0.3021863102912903,
                    1.2182023525238037
                ],
                [
                    0.34087538719177246,
                    -0.4350113868713379,
                    0.8333664536476135,
                    3.359546422958374
                ],
                [
                    -1.4900523481742312e-08,
                    0.8864948153495789,
                    0.46271058917045593,
                    1.8653230667114258
                ],
                [
                    0.0,
                    0.0,
                    0.0,
                    1.0
                ]
            ]
        },
        {
            "file_path": "./train/r_3",
            "rotation": 0.06283185307179587,
            "transform_matrix": [
                [
                    -0.9416655898094177,
                    0.24204100668430328,
                    -0.23366844654083252,
                    -0.9419863820075989
                ],
                [
                    -0.3364225924015045,
                    -0.6774862408638,
                    0.6540510058403015,
                    2.6366724967956543
                ],
                [
                    0.0,
                    0.6945635676383972,
                    0.7193983197212219,
                    2.90010666847229
                ],
                [
                    0.0,
                    0.0,
                    0.0,
                    1.0
                ]
            ]
        },
        {
            "file_path": "./train/r_4",
            "rotation": 0.06283185307179587,
            "transform_matrix": [
                [
                    -0.08968544006347656,
                    0.14980542659759521,
                    -0.9845983386039734,
                    -3.9692068099975586
                ],
                [
                    -0.9959270358085632,
                    -0.013490310870110989,
                    0.08866525441408157,
                    0.35743585228919983
                ],
                [
                    0.0,
                    0.9886183142662048,
                    0.15040616691112518,
                    0.6063317060470581
                ],
                [
                    0.0,
                    0.0,
                    0.0,
                    1.0
                ]
            ]
        },
        {
            "file_path": "./train/r_5",
            "rotation": 0.06283185307179587,
            "transform_matrix": [
                [
                    0.08674709498882294,
                    0.690849781036377,
                    -0.7177420258522034,
                    -2.893429756164551
                ],
                [
                    -0.9961873888969421,
                    0.06015857309103012,
                    -0.06250032037496567,
                    -0.2519572377204895
                ],
                [
                    0.0,
                    0.72048419713974,
                    0.6934389472007751,
                    2.795457124710083
                ],
                [
                    0.0,
                    0.0,
                    0.0,
                    1.0
                ]
            ]
        },
        {
            "file_path": "./train/r_6",
            "rotation": 0.06283185307179587,
            "transform_matrix": [
                [
                    -0.9337182641029358,
                    -0.21852627396583557,
                    0.2834334671497345,
                    1.142604112625122
                ],
                [
                    0.357888787984848,
                    -0.5701267719268799,
                    0.7394671440124512,
                    2.9810104370117188
                ],
                [
                    1.4900521705385472e-08,
                    0.7919543385505676,
                    0.6105499267578125,
                    2.4613070487976074
                ],
                [
                    0.0,
                    0.0,
                    0.0,
                    1.0
                ]
            ]
        },
        {
            "file_path": "./train/r_7",
            "rotation": 0.06283185307179587,
            "transform_matrix": [
                [
                    0.9105051755905151,
                    -0.13638000190258026,
                    0.3902522921562195,
                    1.5732221603393555
                ],
                [
                    0.4133938252925873,
                    0.3003787696361542,
                    -0.8595356941223145,
                    -3.4650421142578125
                ],
                [
                    -1.4900521705385472e-08,
                    0.9440143704414368,
                    0.32987725734710693,
                    1.329832673072815
                ],
                [
                    0.0,
                    0.0,
                    0.0,
                    1.0
                ]
            ]
        },
        {
            "file_path": "./train/r_8",
            "rotation": 0.06283185307179587,
            "transform_matrix": [
                [
                    -0.6002391576766968,
                    -0.7864194512367249,
                    0.1456664651632309,
                    0.587224543094635
                ],
                [
                    0.799767017364502,
                    -0.5902215242385864,
                    0.10932523012161255,
                    0.4407222867012024
                ],
                [
                    0.0,
                    0.18213482201099396,
                    0.9832327961921692,
                    3.9637017250061035
                ],
                [
                    0.0,
                    0.0,
                    0.0,
                    1.0
                ]
            ]
        },
        {
            "file_path": "./train/r_9",
            "rotation": 0.06283185307179587,
            "transform_matrix": [
                [
                    -0.9702746272087097,
                    -0.05248856544494629,
                    0.2360648661851883,
                    0.9516472220420837
                ],
                [
                    0.2418290376663208,
                    -0.21059639751911163,
                    0.9471474885940552,
                    3.8182313442230225
                ],
                [
                    -3.725130426346368e-09,
                    0.9761578440666199,
                    0.21703103184700012,
                    0.8749162554740906
                ],
                [
                    0.0,
                    0.0,
                    0.0,
                    1.0
                ]
            ]
        },
        {
            "file_path": "./train/r_10",
            "rotation": 0.06283185307179587,
            "transform_matrix": [
                [
                    0.7785227298736572,
                    -0.4515816271305084,
                    0.435782790184021,
                    1.756769061088562
                ],
                [
                    0.6275480389595032,
                    0.5602225661277771,
                    -0.540622889995575,
                    -2.179410457611084
                ],
                [
                    1.4900520817207052e-08,
                    0.6944168210029602,
                    0.7195398807525635,
                    2.9006776809692383
                ],
                [
                    0.0,
                    0.0,
                    0.0,
                    1.0
                ]
            ]
        },
        {
            "file_path": "./train/r_11",
            "rotation": 0.06283185307179587,
            "transform_matrix": [
                [
                    -0.024029266089200974,
                    -0.6028708815574646,
                    0.7974415421485901,
                    3.2147223949432373
                ],
                [
                    0.9996683597564697,
                    -0.014491348527371883,
                    0.019168291240930557,
                    0.07727303355932236
                ],
                [
                    0.0,
                    0.7977008819580078,
                    0.6030231714248657,
                    2.430964469909668
                ],
                [
                    0.0,
                    0.0,
                    0.0,
                    1.0
                ]
            ]
        },
        {
            "file_path": "./train/r_12",
            "rotation": 0.06283185307179587,
            "transform_matrix": [
                [
                    -0.4484049677848816,
                    -0.6583350896835327,
                    0.6045462489128113,
                    2.4371044635772705
                ],
                [
                    0.8937825560569763,
                    -0.3302824795246124,
                    0.3032969832420349,
                    1.2226797342300415
                ],
                [
                    0.0,
                    0.6763862371444702,
                    0.736513614654541,
                    2.9691038131713867
                ],
                [
                    0.0,
                    0.0,
                    0.0,
                    1.0
                ]
            ]
        },
        {
            "file_path": "./train/r_13",
            "rotation": 0.06283185307179587,
            "transform_matrix": [
                [
                    -0.9996259808540344,
                    -0.008932051248848438,
                    0.0241318978369236,
                    0.09728281199932098
                ],
                [
                    0.025731734931468964,
                    -0.3469921946525574,
                    0.9374755024909973,
                    3.779240846633911
                ],
                [
                    0.0,
                    0.9378200769424438,
                    0.34709450602531433,
                    1.399240493774414
                ],
                [
                    0.0,
                    0.0,
                    0.0,
                    1.0
                ]
            ]
        },
        {
            "file_path": "./train/r_14",
            "rotation": 0.06283185307179587,
            "transform_matrix": [
                [
                    0.990114688873291,
                    0.13332392275333405,
                    -0.0425819456577301,
                    -0.171660378575325
                ],
                [
                    -0.13995404541492462,
                    0.9432093501091003,
                    -0.3012489080429077,
                    -1.2144232988357544
                ],
                [
                    3.725130204301763e-09,
                    0.3042544424533844,
                    0.952551007270813,
                    3.8400139808654785
                ],
                [
                    0.0,
                    0.0,
                    0.0,
                    1.0
                ]
            ]
        },
        {
            "file_path": "./train/r_15",
            "rotation": 0.06283185307179587,
            "transform_matrix": [
                [
                    0.682238757610321,
                    0.46004214882850647,
                    -0.5681924223899841,
                    -2.2905516624450684
                ],
                [
                    -0.7310706973075867,
                    0.4293135702610016,
                    -0.530239999294281,
                    -2.1375539302825928
                ],
                [
                    -1.4900522593563892e-08,
                    0.7772005796432495,
                    0.6292219758033752,
                    2.5365796089172363
                ],
                [
                    0.0,
                    0.0,
                    0.0,
                    1.0
                ]
            ]
        },
        {
            "file_path": "./train/r_16",
            "rotation": 0.06283185307179587,
            "transform_matrix": [
                [
                    -0.3363018035888672,
                    0.4310452938079834,
                    -0.8372762799263,
                    -3.375308036804199
                ],
                [
                    -0.9417087435722351,
                    -0.1539343297481537,
                    0.29900702834129333,
                    1.2053855657577515
                ],
                [
                    0.0,
                    0.889097273349762,
                    0.457690566778183,
                    1.845085859298706
                ],
                [
                    0.0,
                    0.0,
                    0.0,
                    1.0
                ]
            ]
        },
        {
            "file_path": "./train/r_17",
            "rotation": 0.06283185307179587,
            "transform_matrix": [
                [
                    -0.8372902870178223,
                    0.4522523880004883,
                    -0.30715233087539673,
                    -1.2382218837738037
                ],
                [
                    -0.5466799736022949,
                    -0.6926658749580383,
                    0.4704318642616272,
                    1.8964498043060303
                ],
                [
                    -1.4900520817207052e-08,
                    0.5618465542793274,
                    0.8272053599357605,
                    3.3347091674804688
                ],
                [
                    0.0,
                    0.0,
                    0.0,
                    1.0
                ]
            ]
        },
        {
            "file_path": "./train/r_18",
            "rotation": 0.06283185307179587,
            "transform_matrix": [
                [
                    0.3925761282444,
                    0.1837669461965561,
                    -0.9011287093162537,
                    -3.632716178894043
                ],
                [
                    -0.9196728467941284,
                    0.07844366878271103,
                    -0.3846602439880371,
                    -1.5506792068481445
                ],
                [
                    7.450261296781946e-09,
                    0.9798296689987183,
                    0.19980190694332123,
                    0.8054605722427368
                ],
                [
                    0.0,
                    0.0,
                    0.0,
                    1.0
                ]
            ]
        },
        {
            "file_path": "./train/r_19",
            "rotation": 0.06283185307179587,
            "transform_matrix": [
                [
                    -0.9920485615730286,
                    -0.0564536452293396,
                    0.11210344731807709,
                    0.45192205905914307
                ],
                [
                    0.12551459670066833,
                    -0.4462011456489563,
                    0.8860489130020142,
                    3.5719242095947266
                ],
                [
                    -3.725130204301763e-09,
                    0.8931447267532349,
                    0.44974201917648315,
                    1.8130425214767456
                ],
                [
                    0.0,
                    0.0,
                    0.0,
                    1.0
                ]
            ]
        },
        {
            "file_path": "./train/r_20",
            "rotation": 0.06283185307179587,
            "transform_matrix": [
                [
                    -0.9156466126441956,
                    -0.24180497229099274,
                    0.3209993243217468,
                    1.2940431833267212
                ],
                [
                    0.40187743306159973,
                    -0.5509338974952698,
                    0.7313721179962158,
                    2.9483771324157715
                ],
                [
                    0.0,
                    0.7987440824508667,
                    0.6016407012939453,
                    2.425391435623169
                ],
                [
                    0.0,
                    0.0,
                    0.0,
                    1.0
                ]
            ]
        },
        {
            "file_path": "./train/r_21",
            "rotation": 0.06283185307179587,
            "transform_matrix": [
                [
                    -0.956302285194397,
                    0.2531707286834717,
                    -0.14597786962985992,
                    -0.5884798765182495
                ],
                [
                    -0.29223281145095825,
                    -0.8284755945205688,
                    0.47769787907600403,
                    1.925741195678711
                ],
                [
                    1.4900522593563892e-08,
                    0.4995226562023163,
                    0.8662636280059814,
                    3.492164373397827
                ],
                [
                    0.0,
                    0.0,
                    0.0,
                    1.0
                ]
            ]
        },
        {
            "file_path": "./train/r_22",
            "rotation": 0.06283185307179587,
            "transform_matrix": [
                [
                    0.9977049827575684,
                    -0.009030105546116829,
                    0.06646331399679184,
                    0.2679332494735718
                ],
                [
                    0.06707379221916199,
                    0.134320467710495,
                    -0.9886242151260376,
                    -3.985436201095581
                ],
                [
                    -9.312825510754408e-10,
                    0.9908917546272278,
                    0.13461877405643463,
                    0.5426880121231079
                ],
                [
                    0.0,
                    0.0,
                    0.0,
                    1.0
                ]
            ]
        },
        {
            "file_path": "./train/r_23",
            "rotation": 0.06283185307179587,
            "transform_matrix": [
                [
                    0.505449652671814,
                    0.14769092202186584,
                    -0.8500742316246033,
                    -3.4269003868103027
                ],
                [
                    -0.8628064393997192,
                    0.08652035892009735,
                    -0.4979908764362335,
                    -2.0075483322143555
                ],
                [
                    0.0,
                    0.9852367043495178,
                    0.1711615025997162,
                    0.6900025606155396
                ],
                [
                    0.0,
                    0.0,
                    0.0,
                    1.0
                ]
            ]
        },
        {
            "file_path": "./train/r_24",
            "rotation": 0.06283185307179587,
            "transform_matrix": [
                [
                    -0.6693776249885559,
                    -0.151357501745224,
                    0.7272840738296509,
                    2.931896924972534
                ],
                [
                    0.7428645491600037,
                    -0.13638465106487274,
                    0.6553384065628052,
                    2.641862630844116
                ],
                [
                    0.0,
                    0.9790199995040894,
                    0.20373228192329407,
                    0.8213050365447998
                ],
                [
                    0.0,
                    0.0,
                    0.0,
                    1.0
                ]
            ]
        },
        {
            "file_path": "./train/r_25",
            "rotation": 0.06283185307179587,
            "transform_matrix": [
                [
                    0.1533517688512802,
                    -0.8143978118896484,
                    0.5596473217010498,
                    2.256103515625
                ],
                [
                    0.9881282448768616,
                    0.12638983130455017,
                    -0.08685401827096939,
                    -0.3501341938972473
                ],
                [
                    -7.450260852692736e-09,
                    0.5663672685623169,
                    0.8241169452667236,
                    3.322258710861206
                ],
                [
                    0.0,
                    0.0,
                    0.0,
                    1.0
                ]
            ]
        },
        {
            "file_path": "./train/r_26",
            "rotation": 0.06283185307179587,
            "transform_matrix": [
                [
                    0.2373420000076294,
                    0.21995267271995544,
                    -0.9461555480957031,
                    -3.814232349395752
                ],
                [
                    -0.9713820219039917,
                    0.05374199524521828,
                    -0.23117831349372864,
                    -0.9319480061531067
                ],
                [
                    -3.725130648390973e-09,
                    0.9740239381790161,
                    0.2264147847890854,
                    0.9127448797225952
                ],
                [
                    0.0,
                    0.0,
                    0.0,
                    1.0
                ]
            ]
        },
        {
            "file_path": "./train/r_27",
            "rotation": 0.06283185307179587,
            "transform_matrix": [
                [
                    0.5553432106971741,
                    -0.7788727879524231,
                    0.29139578342437744,
                    1.1747024059295654
                ],
                [
                    0.8315696716308594,
                    0.520150899887085,
                    -0.19460146129131317,
                    -0.7844959497451782
                ],
                [
                    0.0,
                    0.35041430592536926,
                    0.9365555047988892,
                    3.775531768798828
                ],
                [
                    0.0,
                    0.0,
                    0.0,
                    1.0
                ]
            ]
        },
        {
            "file_path": "./train/r_28",
            "rotation": 0.06283185307179587,
            "transform_matrix": [
                [
                    0.9998852014541626,
                    -0.004890040028840303,
                    0.010950803756713867,
                    0.04414592683315277
                ],
                [
                    0.011992930434644222,
                    0.4076966941356659,
                    -0.9129999876022339,
                    -3.680572748184204
                ],
                [
                    0.0,
                    0.9130987524986267,
                    0.4077112376689911,
                    1.6436043977737427
                ],
                [
                    0.0,
                    0.0,
                    0.0,
                    1.0
                ]
            ]
        },
        {
            "file_path": "./train/r_29",
            "rotation": 0.06283185307179587,
            "transform_matrix": [
                [
                    0.845515251159668,
                    0.28237664699554443,
                    -0.4530874490737915,
                    -1.8265293836593628
                ],
                [
                    -0.5338708758354187,
                    0.4472125768661499,
                    -0.717574954032898,
                    -2.892756462097168
                ],
                [
                    1.4900522593563892e-08,
                    0.848677933216095,
                    0.5288812518119812,
                    2.1320767402648926
                ],
                [
                    0.0,
                    0.0,
                    0.0,
                    1.0
                ]
            ]
        },
        {
            "file_path": "./train/r_30",
            "rotation": 0.06283185307179587,
            "transform_matrix": [
                [
                    0.993177592754364,
                    0.10663203150033951,
                    -0.04629059508442879,
                    -0.18661105632781982
                ],
                [
                    -0.11624258011579514,
                    0.9110649228096008,
                    -0.39550718665122986,
                    -1.594406247138977
                ],
                [
                    3.725130204301763e-09,
                    0.39822137355804443,
                    0.9172505736351013,
                    3.6977081298828125
                ],
                [
                    0.0,
                    0.0,
                    0.0,
                    1.0
                ]
            ]
        },
        {
            "file_path": "./train/r_31",
            "rotation": 0.06283185307179587,
            "transform_matrix": [
                [
                    0.44120028614997864,
                    0.17056141793727875,
                    -0.881005048751831,
                    -3.5515918731689453
                ],
                [
                    -0.8973609209060669,
                    0.08385894447565079,
                    -0.4331586956977844,
                    -1.7461906671524048
                ],
                [
                    -7.450261740871156e-09,
                    0.9817669987678528,
                    0.1900549679994583,
                    0.7661677598953247
                ],
                [
                    0.0,
                    0.0,
                    0.0,
                    1.0
                ]
            ]
        },
        {
            "file_path": "./train/r_32",
            "rotation": 0.06283185307179587,
            "transform_matrix": [
                [
                    -0.029033297672867775,
                    0.4704713225364685,
                    -0.8818997740745544,
                    -3.5551984310150146
                ],
                [
                    -0.9995355010032654,
                    -0.013665681704878807,
                    0.02561635710299015,
                    0.10326710343360901
                ],
                [
                    0.0,
                    0.8823036551475525,
                    0.4706527292728424,
                    1.897340178489685
                ],
                [
                    0.0,
                    0.0,
                    0.0,
                    1.0
                ]
            ]
        },
        {
            "file_path": "./train/r_33",
            "rotation": 0.06283185307179587,
            "transform_matrix": [
                [
                    -0.9991655349731445,
                    -0.007822759449481964,
                    0.03900546953082085,
                    0.1572425663471222
                ],
                [
                    0.039782069623470306,
                    -0.19647625088691711,
                    0.9796605110168457,
                    3.949300765991211
                ],
                [
                    0.0,
                    0.9804722666740417,
                    0.19662480056285858,
                    0.7926526069641113
                ],
                [
                    0.0,
                    0.0,
                    0.0,
                    1.0
                ]
            ]
        },
        {
            "file_path": "./train/r_34",
            "rotation": 0.06283185307179587,
            "transform_matrix": [
                [
                    0.6220773458480835,
                    -0.6972320079803467,
                    0.35614413022994995,
                    1.4357221126556396
                ],
                [
                    0.7829009890556335,
                    0.5540065169334412,
                    -0.2829849421977997,
                    -1.1407958269119263
                ],
                [
                    0.0,
                    0.4549000859260559,
                    0.8905045986175537,
                    3.5898869037628174
                ],
                [
                    0.0,
                    0.0,
                    0.0,
                    1.0
                ]
            ]
        },
        {
            "file_path": "./train/r_35",
            "rotation": 0.06283185307179587,
            "transform_matrix": [
                [
                    -0.3136252760887146,
                    -0.18069423735141754,
                    0.9321523904800415,
                    3.757781982421875
                ],
                [
                    0.9495016932487488,
                    -0.05968423932790756,
                    0.3078947365283966,
                    1.241214632987976
                ],
                [
                    0.0,
                    0.9817216396331787,
                    0.1902892291545868,
                    0.767112135887146
                ],
                [
                    0.0,
                    0.0,
                    0.0,
                    1.0
                ]
            ]
        },
        {
            "file_path": "./train/r_36",
            "rotation": 0.06283185307179587,
            "transform_matrix": [
                [
                    -0.9335904121398926,
                    0.3475366234779358,
                    -0.08689448237419128,
                    -0.35029733180999756
                ],
                [
                    -0.35822221636772156,
                    -0.905741810798645,
                    0.22646236419677734,
                    0.9129366874694824
                ],
                [
                    -7.450260852692736e-09,
                    0.2425697296857834,
                    0.9700935482978821,
                    3.910733699798584
                ],
                [
                    0.0,
                    0.0,
                    0.0,
                    1.0
                ]
            ]
        },
        {
            "file_path": "./train/r_37",
            "rotation": 0.06283185307179587,
            "transform_matrix": [
                [
                    0.12685707211494446,
                    0.5187770128250122,
                    -0.8454078435897827,
                    -3.4080889225006104
                ],
                [
                    -0.9918777346611023,
                    0.06634944677352905,
                    -0.10812418907880783,
                    -0.43588054180145264
                ],
                [
                    0.0,
                    0.8523250222206116,
                    0.5229837894439697,
                    2.108302116394043
                ],
                [
                    0.0,
                    0.0,
                    0.0,
                    1.0
                ]
            ]
        },
        {
            "file_path": "./train/r_38",
            "rotation": 0.06283185307179587,
            "transform_matrix": [
                [
                    -0.9415624737739563,
                    0.20414048433303833,
                    -0.26777663826942444,
                    -1.0794868469238281
                ],
                [
                    -0.33671095967292786,
                    -0.5708486437797546,
                    0.7487977147102356,
                    3.018625020980835
                ],
                [
                    0.0,
                    0.7952662110328674,
                    0.6062300205230713,
                    2.443892478942871
                ],
                [
                    0.0,
                    0.0,
                    0.0,
                    1.0
                ]
            ]
        },
        {
            "file_path": "./train/r_39",
            "rotation": 0.06283185307179587,
            "transform_matrix": [
                [
                    0.7441487908363342,
                    0.3922826647758484,
                    -0.5406326055526733,
                    -2.1794497966766357
                ],
                [
                    -0.6679496765136719,
                    0.4370339512825012,
                    -0.6023074984550476,
                    -2.428079605102539
                ],
                [
                    0.0,
                    0.8093858957290649,
                    0.5872471928596497,
                    2.3673672676086426
                ],
                [
                    0.0,
                    0.0,
                    0.0,
                    1.0
                ]
            ]
        },
        {
            "file_path": "./train/r_40",
            "rotation": 0.06283185307179587,
            "transform_matrix": [
                [
                    0.9849490523338318,
                    0.15912258625030518,
                    -0.06687014549970627,
                    -0.2695733308792114
                ],
                [
                    -0.17259688675403595,
                    0.9080560207366943,
                    -0.3816041350364685,
                    -1.5383590459823608
                ],
                [
                    0.0,
                    0.3874327838420868,
                    0.9218589663505554,
                    3.7162859439849854
                ],
                [
                    0.0,
                    0.0,
                    0.0,
                    1.0
                ]
            ]
        },
        {
            "file_path": "./train/r_41",
            "rotation": 0.06283185307179587,
            "transform_matrix": [
                [
                    0.6807914972305298,
                    0.7166244983673096,
                    -0.15141083300113678,
                    -0.6103818416595459
                ],
                [
                    -0.7324184775352478,
                    0.6661108136177063,
                    -0.14073814451694489,
                    -0.567357063293457
                ],
                [
                    0.0,
                    0.2067258059978485,
                    0.978358268737793,
                    3.9440512657165527
                ],
                [
                    0.0,
                    0.0,
                    0.0,
                    1.0
                ]
            ]
        },
        {
            "file_path": "./train/r_42",
            "rotation": 0.06283185307179587,
            "transform_matrix": [
                [
                    -0.16143259406089783,
                    0.21039772033691406,
                    -0.9641539454460144,
                    -3.886789321899414
                ],
                [
                    -0.9868402481079102,
                    -0.03441798686981201,
                    0.15772145986557007,
                    0.6358218193054199
                ],
                [
                    0.0,
                    0.9770047068595886,
                    0.21318656206130981,
                    0.8594180345535278
                ],
                [
                    0.0,
                    0.0,
                    0.0,
                    1.0
                ]
            ]
        },
        {
            "file_path": "./train/r_43",
            "rotation": 0.06283185307179587,
            "transform_matrix": [
                [
                    -0.32032066583633423,
                    0.5395340919494629,
                    -0.7786114811897278,
                    -3.138812780380249
                ],
                [
                    -0.9472639560699463,
                    -0.18244536221027374,
                    0.26329025626182556,
                    1.0614006519317627
                ],
                [
                    0.0,
                    0.8219529390335083,
                    0.569525957107544,
                    2.2959272861480713
                ],
                [
                    0.0,
                    0.0,
                    0.0,
                    1.0
                ]
            ]
        },
        {
            "file_path": "./train/r_44",
