{
    "camera_angle_x": 0.6911112070083618,
    "frames": [
        {
            "file_path": "./train/r_0",
            "rotation": 0.06283185307179587,
            "transform_matrix": [
                [
                    0.9822717308998108,
                    -0.05561041831970215,
                    0.17878547310829163,
                    0.720737099647522
                ],
                [
                    0.18723361194133759,
                    0.2917453944683075,
                    -0.9379507899284363,
                    -3.7811567783355713
                ],
                [
                    -3.725130204301763e-09,
                    0.9548728466033936,
                    0.2969873249530792,
                    1.1972436904907227
                ],
                [
                    0.0,
                    0.0,
                    0.0,
                    1.0
                ]
            ]
        },
        {
            "file_path": "./train/r_1",
            "rotation": 0.06283185307179587,
            "transform_matrix": [
                [
                    0.7112314701080322,
                    0.38545435667037964,
                    -0.5877936482429504,
                    -2.369569778442383
                ],
                [
                    -0.7028968930244446,
                    0.390024870634079,
                    -0.5947633981704712,
                    -2.3976669311523438
                ],
                [
                    0.0,
                    0.8362390398979187,
                    0.5483361482620239,
                    2.2105050086975098
                ],
                [
                    0.0,
                    0.0,
                    0.0,
                    1.0
                ]
            ]
        },
        {
            "file_path": "./train/r_2",
            "rotation": 0.06283185307179587,
            "transform_matrix": [
                [
                    0.1923721730709076,
                    -0.7200124859809875,
                    0.6667307615280151,
                    2.687788486480713
                ],
                [
                    0.9812783002853394,
                    0.1411529928445816,
                    -0.1307075023651123,
                    -0.5269205570220947
                ],
                [
                    -7.450261296781946e-09,
                    0.6794466972351074,
                    0.733691394329071,
                    2.9577267169952393
                ],
                [
                    0.0,
                    0.0,
                    0.0,
                    1.0
                ]
            ]
        },
        {
            "file_path": "./train/r_3",
            "rotation": 0.06283185307179587,
            "transform_matrix": [
                [
                    0.42773520946502686,
                    -0.8138301968574524,
                    0.39330384135246277,
                    1.5855238437652588
                ],
                [
                    0.9038565754890442,
                    0.38513171672821045,
                    -0.18612456321716309,
                    -0.7503230571746826
                ],
                [
                    0.0,
                    0.4351367950439453,
                    0.9003261923789978,
                    3.6294806003570557
                ],
                [
                    0.0,
                    0.0,
                    0.0,
                    1.0
                ]
            ]
        },
        {
            "file_path": "./train/r_4",
            "rotation": 0.06283185307179587,
            "transform_matrix": [
                [
                    -0.4330299496650696,
                    -0.6900137066841125,
                    0.5799288749694824,
                    2.337864637374878
                ],
                [
                    0.9013319611549377,
                    -0.3315056264400482,
                    0.2786172032356262,
                    1.1231882572174072
                ],
                [
                    0.0,
                    0.6434088945388794,
                    0.7654882073402405,
                    3.085909366607666
                ],
                [
                    0.0,
                    0.0,
                    0.0,
                    1.0
                ]
            ]
        },
        {
            "file_path": "./train/r_5",
            "rotation": 0.06283185307179587,
            "transform_matrix": [
                [
                    -0.9983830451965332,
                    0.025523878633975983,
                    -0.04994111880660057,
                    -0.20132741332054138
                ],
                [
                    -0.056084997951984406,
                    -0.45435696840286255,
                    0.8890143632888794,
                    3.5838794708251953
                ],
                [
                    0.0,
                    0.890448272228241,
                    0.4550567865371704,
                    1.8344683647155762
                ],
                [
                    0.0,
                    0.0,
                    0.0,
                    1.0
                ]
            ]
        },
        {
            "file_path": "./train/r_6",
            "rotation": 0.06283185307179587,
            "transform_matrix": [
                [
                    -0.2403915375471115,
                    0.5903036594390869,
                    -0.7705166935920715,
                    -3.106180429458618
                ],
                [
                    -0.9706318378448486,
                    -0.14619755744934082,
                    0.19083000719547272,
                    0.7692921161651611
                ],
                [
                    0.0,
                    0.7938247919082642,
                    0.6081162095069885,
                    2.451496124267578
                ],
                [
                    0.0,
                    0.0,
                    0.0,
                    1.0
                ]
            ]
        },
        {
            "file_path": "./train/r_7",
            "rotation": 0.06283185307179587,
            "transform_matrix": [
                [
                    0.2347700446844101,
                    -0.6836743950843811,
                    0.6909583806991577,
                    2.7854573726654053
                ],
                [
                    0.9720067977905273,
                    0.16512873768806458,
                    -0.1668880432844162,
                    -0.6727750301361084
                ],
                [
                    0.0,
                    0.710852861404419,
                    0.70330810546875,
                    2.835242748260498
                ],
                [
                    0.0,
                    0.0,
                    0.0,
                    1.0
                ]
            ]
        },
        {
            "file_path": "./train/r_8",
            "rotation": 0.06283185307179587,
            "transform_matrix": [
                [
                    -0.8799116015434265,
                    0.3911501169204712,
                    -0.26959800720214844,
                    -1.0868291854858398
                ],
                [
                    -0.4750470221042633,
                    -0.72451251745224,
                    0.49936622381210327,
                    2.013092517852783
                ],
                [
                    0.0,
                    0.5675148963928223,
                    0.8233272433280945,
                    3.319075107574463
                ],
                [
                    0.0,
                    0.0,
                    0.0,
                    1.0
                ]
            ]
        },
        {
            "file_path": "./train/r_9",
            "rotation": 0.06283185307179587,
            "transform_matrix": [
                [
                    -0.9560862183570862,
                    0.2608685791492462,
                    -0.13328960537910461,
                    -0.5373297333717346
                ],
                [
                    -0.29293912649154663,
                    -0.8514152765274048,
                    0.43502673506736755,
                    1.7537213563919067
                ],
                [
                    7.450262184960366e-09,
                    0.4550047814846039,
                    0.8904509544372559,
                    3.5896708965301514
                ],
                [
                    0.0,
                    0.0,
                    0.0,
                    1.0
                ]
            ]
        },
        {
            "file_path": "./train/r_10",
            "rotation": 0.06283185307179587,
            "transform_matrix": [
                [
                    -0.8873872756958008,
                    0.24941399693489075,
                    -0.38762858510017395,
                    -1.5626453161239624
                ],
                [
                    -0.4609317183494568,
                    -0.48017263412475586,
                    0.7462638020515442,
                    3.0084097385406494
                ],
                [
                    0.0,
                    0.8409619331359863,
                    0.5410654544830322,
                    2.18119478225708
                ],
                [
                    0.0,
                    0.0,
                    0.0,
                    1.0
                ]
            ]
        },
        {
            "file_path": "./train/r_11",
            "rotation": 0.06283185307179587,
            "transform_matrix": [
                [
                    -0.810535192489624,
                    0.21725814044475555,
                    -0.5438292026519775,
                    -2.192336320877075
                ],
                [
                    -0.5856165885925293,
                    -0.3007007837295532,
                    0.7526984810829163,
                    3.0343501567840576
                ],
                [
                    0.0,
                    0.9286376237869263,
                    0.3709610104560852,
                    1.4954533576965332
                ],
                [
                    0.0,
                    0.0,
                    0.0,
                    1.0
                ]
            ]
        },
        {
            "file_path": "./train/r_12",
            "rotation": 0.06283185307179587,
            "transform_matrix": [
                [
                    0.7991313934326172,
                    -0.391961932182312,
                    0.4557206630706787,
                    1.8371447324752808
                ],
                [
                    0.6010850667953491,
                    0.5211061239242554,
                    -0.6058721542358398,
                    -2.4424498081207275
                ],
                [
                    1.4900522593563892e-08,
                    0.7581583857536316,
                    0.6520390510559082,
                    2.6285622119903564
                ],
                [
                    0.0,
                    0.0,
                    0.0,
                    1.0
                ]
            ]
        },
        {
            "file_path": "./train/r_13",
            "rotation": 0.06283185307179587,
            "transform_matrix": [
                [
                    0.8523871898651123,
                    -0.07565299421548843,
                    0.5173280239105225,
                    2.0855021476745605
                ],
                [
                    0.5228292942047119,
                    0.12333977222442627,
                    -0.843418300151825,
                    -3.400068521499634
                ],
                [
                    0.0,
                    0.9894713163375854,
                    0.14468781650066376,
                    0.5832793116569519
                ],
                [
                    0.0,
                    0.0,
                    0.0,
                    1.0
                ]
            ]
        },
        {
            "file_path": "./train/r_14",
            "rotation": 0.06283185307179587,
            "transform_matrix": [
                [
                    -0.7243601679801941,
                    0.11736781150102615,
                    -0.679296612739563,
                    -2.7384450435638428
                ],
                [
                    -0.6893594861030579,
                    -0.12332689017057419,
                    0.7137863636016846,
                    2.877483606338501
                ],
                [
                    7.450261296781946e-09,
                    0.9853958487510681,
                    0.17024286091327667,
                    0.686299204826355
                ],
                [
                    0.0,
                    0.0,
                    0.0,
                    1.0
                ]
            ]
        },
        {
            "file_path": "./train/r_15",
            "rotation": 0.06283185307179587,
            "transform_matrix": [
                [
                    -0.5466259717941284,
                    0.5112486481666565,
                    -0.6631442308425903,
                    -2.673330545425415
                ],
                [
                    -0.8373256325721741,
                    -0.3337551951408386,
                    0.43291622400283813,
                    1.7452131509780884
                ],
                [
                    -1.4900520817207052e-08,
                    0.7919737100601196,
                    0.6105248332023621,
                    2.4612059593200684
                ],
                [
                    0.0,
                    0.0,
                    0.0,
                    1.0
                ]
            ]
        },
        {
            "file_path": "./train/r_16",
            "rotation": 0.06283185307179587,
            "transform_matrix": [
                [
                    -0.3789394795894623,
                    -0.5643385648727417,
                    0.7333941459655762,
                    2.956528425216675
                ],
                [
                    0.9253751039505005,
                    -0.23109564185142517,
                    0.30032360553741455,
                    1.210693120956421
                ],
                [
                    0.0,
                    0.7925319075584412,
                    0.6098001003265381,
                    2.458284378051758
                ],
                [
                    0.0,
                    0.0,
                    0.0,
                    1.0
                ]
            ]
        },
        {
            "file_path": "./train/r_17",
            "rotation": 0.06283185307179587,
            "transform_matrix": [
                [
                    0.48447972536087036,
                    -0.3471047282218933,
                    0.8029465079307556,
                    3.2369143962860107
                ],
                [
                    0.8747533559799194,
                    0.19224298000335693,
                    -0.4447096884250641,
                    -1.7927560806274414
                ],
                [
                    0.0,
                    0.9179056882858276,
                    0.39677152037620544,
                    1.5995032787322998
                ],
                [
                    0.0,
                    0.0,
                    0.0,
                    1.0
                ]
            ]
        },
        {
            "file_path": "./train/r_18",
            "rotation": 0.06283185307179587,
            "transform_matrix": [
                [
                    -0.6920120120048523,
                    0.23126675188541412,
                    -0.6837797164916992,
                    -2.7565181255340576
                ],
                [
                    -0.7218264937400818,
                    -0.22171446681022644,
                    0.6555367708206177,
                    2.642662286758423
                ],
                [
                    1.4900522593563892e-08,
                    0.9472845792770386,
                    0.32036569714546204,
                    1.291488766670227
                ],
                [
                    0.0,
                    0.0,
                    0.0,
                    1.0
                ]
            ]
        },
        {
            "file_path": "./train/r_19",
            "rotation": 0.06283185307179587,
            "transform_matrix": [
                [
                    -0.9687334299087524,
                    0.06513462960720062,
                    -0.23922301828861237,
                    -0.9643785357475281
                ],
                [
                    -0.24793075025081635,
                    -0.2544988691806793,
                    0.934709906578064,
                    3.7680914402008057
                ],
                [
                    0.0,
                    0.9648719429969788,
                    0.2626922130584717,
                    1.0589897632598877
                ],
                [
                    0.0,
                    0.0,
                    0.0,
                    1.0
                ]
            ]
        },
        {
            "file_path": "./train/r_20",
            "rotation": 0.06283185307179587,
            "transform_matrix": [
                [
                    -0.9188417792320251,
                    0.356191486120224,
                    -0.1696505844593048,
                    -0.6839116215705872
                ],
                [
                    -0.3945174217224121,
                    -0.8295796513557434,
                    0.3951208293437958,
                    1.592848777770996
                ],
                [
                    0.0,
                    0.4300176203250885,
                    0.902782142162323,
                    3.6393814086914062
                ],
                [
                    0.0,
                    0.0,
                    0.0,
                    1.0
                ]
            ]
        },
        {
            "file_path": "./train/r_21",
            "rotation": 0.06283185307179587,
            "transform_matrix": [
                [
                    0.8148483037948608,
                    0.468452125787735,
                    -0.3413294851779938,
                    -1.3760000467300415
                ],
                [
                    -0.5796000361442566,
                    0.6585877537727356,
                    -0.47986847162246704,
                    -1.934491515159607
                ],
                [
                    1.4900520817207052e-08,
                    0.5889012217521667,
                    0.808169424533844,
                    3.257969617843628
                ],
                [
                    0.0,
                    0.0,
                    0.0,
                    1.0
                ]
            ]
        },
        {
            "file_path": "./train/r_22",
            "rotation": 0.06283185307179587,
            "transform_matrix": [
                [
                    0.6961133480072021,
                    0.5346499085426331,
                    -0.47907447814941406,
                    -1.9312905073165894
                ],
                [
                    -0.717872142791748,
                    0.5184445381164551,
                    -0.46455368399620056,
                    -1.8727529048919678
                ],
                [
                    -2.9801046963484623e-08,
                    0.6673489212989807,
                    0.7447113990783691,
                    3.0021514892578125
                ],
                [
                    0.0,
                    0.0,
                    0.0,
                    1.0
                ]
            ]
        },
        {
            "file_path": "./train/r_23",
            "rotation": 0.06283185307179587,
            "transform_matrix": [
                [
                    -0.8300629258155823,
                    0.3504742383956909,
                    -0.43369051814079285,
                    -1.7483346462249756
                ],
                [
                    -0.5575928092002869,
                    -0.5217350125312805,
                    0.64561527967453,
                    2.602665901184082
                ],
                [
                    -1.4900521705385472e-08,
                    0.7777856588363647,
                    0.6284988522529602,
                    2.5336647033691406
                ],
                [
                    0.0,
                    0.0,
                    0.0,
                    1.0
                ]
            ]
        },
        {
            "file_path": "./train/r_24",
            "rotation": 0.06283185307179587,
            "transform_matrix": [
                [
                    0.9851749539375305,
                    -0.06347845494747162,
                    0.1591082215309143,
                    0.6414122581481934
                ],
                [
                    0.17130252718925476,
                    0.36506980657577515,
                    -0.9150444865226746,
                    -3.688814640045166
                ],
                [
                    3.725130648390973e-09,
                    0.9288080334663391,
                    0.37053409218788147,
                    1.4937324523925781
                ],
                [
                    0.0,
                    0.0,
                    0.0,
                    1.0
                ]
            ]
        },
        {
            "file_path": "./train/r_25",
            "rotation": 0.06283185307179587,
            "transform_matrix": [
                [
                    0.616449236869812,
                    -0.7724515795707703,
                    0.1525394767522812,
                    0.6149317026138306
                ],
                [
                    0.7873401045799255,
                    0.6047922968864441,
                    -0.11943106353282928,
                    -0.48146191239356995
                ],
                [
                    1.4900521705385472e-08,
                    0.19373877346515656,
                    0.9810124039649963,
                    3.9547507762908936
                ],
                [
                    0.0,
                    0.0,
                    0.0,
                    1.0
                ]
            ]
        },
        {
            "file_path": "./train/r_26",
            "rotation": 0.06283185307179587,
            "transform_matrix": [
                [
                    -0.770353376865387,
                    0.5405384302139282,
                    -0.33809858560562134,
                    -1.3629753589630127
                ],
                [
                    -0.6375499963760376,
                    -0.6531339287757874,
                    0.40852540731430054,
                    1.6468865871429443
                ],
                [
                    1.4900523481742312e-08,
                    0.5303056836128235,
                    0.8477697968482971,
                    3.4176106452941895
                ],
                [
                    0.0,
                    0.0,
                    0.0,
                    1.0
                ]
            ]
        },
        {
            "file_path": "./train/r_27",
            "rotation": 0.06283185307179587,
            "transform_matrix": [
                [
                    -0.6545884013175964,
                    0.09986139833927155,
                    -0.7493053674697876,
                    -3.0206713676452637
                ],
                [
                    -0.7559287548065186,
                    -0.08647391200065613,
                    0.6488529443740845,
                    2.615717887878418
                ],
                [
                    0.0,
                    0.9912315011024475,
                    0.13209380209445953,
                    0.5325091481208801
                ],
                [
                    0.0,
                    0.0,
                    0.0,
                    1.0
                ]
            ]
        },
        {
            "file_path": "./train/r_28",
            "rotation": 0.06283185307179587,
            "transform_matrix": [
                [
                    -0.7355638146400452,
                    0.40252065658569336,
                    -0.5448397397994995,
                    -2.1964101791381836
                ],
                [
                    -0.6773920655250549,
                    -0.4370875656604767,
                    0.5916284322738647,
                    2.3850290775299072
                ],
                [
                    -1.4900523481742312e-08,
                    0.8043143153190613,
                    0.5941739678382874,
                    2.3952908515930176
                ],
                [
                    0.0,
                    0.0,
                    0.0,
                    1.0
                ]
            ]
        },
        {
            "file_path": "./train/r_29",
            "rotation": 0.06283185307179587,
            "transform_matrix": [
                [
                    0.6788859367370605,
                    -0.7266924977302551,
                    0.10481447726488113,
                    0.42253807187080383
                ],
                [
                    0.7341852784156799,
                    0.6719575524330139,
                    -0.09691978245973587,
                    -0.3907122313976288
                ],
                [
                    0.0,
                    0.14276210963726044,
                    0.989716112613678,
                    3.989837646484375
                ],
                [
                    0.0,
                    0.0,
                    0.0,
                    1.0
                ]
            ]
        },
        {
            "file_path": "./train/r_30",
            "rotation": 0.06283185307179587,
            "transform_matrix": [
                [
                    -0.2562333047389984,
                    -0.8225098252296448,
                    0.5077285766601562,
                    2.0468039512634277
                ],
                [
                    0.9665706157684326,
                    -0.2180434763431549,
                    0.13459645211696625,
                    0.5425980687141418
                ],
                [
                    0.0,
                    0.5252851247787476,
                    0.8508894443511963,
                    3.4301867485046387
                ],
                [
                    0.0,
                    0.0,
                    0.0,
                    1.0
                ]
            ]
        },
        {
            "file_path": "./train/r_31",
            "rotation": 0.06283185307179587,
            "transform_matrix": [
                [
                    0.8160690069198608,
                    -0.5296957492828369,
                    0.23106151819229126,
                    0.9314772486686707
                ],
                [
                    0.5778802037239075,
                    0.7480239272117615,
                    -0.32629966735839844,
                    -1.3154104948043823
                ],
                [
                    0.0,
                    0.39984065294265747,
                    0.9165458679199219,
                    3.6948673725128174
                ],
                [
                    0.0,
                    0.0,
                    0.0,
                    1.0
                ]
            ]
        },
        {
            "file_path": "./train/r_32",
            "rotation": 0.06283185307179587,
            "transform_matrix": [
                [
                    0.20298738777637482,
                    -0.3317215144634247,
                    0.9212394952774048,
                    3.7137885093688965
                ],
                [
                    0.9791375398635864,
                    0.06876999884843826,
                    -0.19098439812660217,
                    -0.7699145078659058
                ],
                [
                    0.0,
                    0.9408620595932007,
                    0.33876267075538635,
                    1.3656524419784546
                ],
                [
                    0.0,
                    0.0,
                    0.0,
                    1.0
                ]
            ]
        },
        {
            "file_path": "./train/r_33",
            "rotation": 0.06283185307179587,
            "transform_matrix": [
                [
                    0.42394784092903137,
                    -0.14742372930049896,
                    0.8935618996620178,
                    3.6022119522094727
                ],
                [
                    0.9056392312049866,
                    0.06901199370622635,
                    -0.418294221162796,
                    -1.686267614364624
                ],
                [
                    7.450260852692736e-09,
                    0.9866576790809631,
                    0.16277126967906952,
                    0.6561790704727173
                ],
                [
                    0.0,
                    0.0,
                    0.0,
                    1.0
                ]
            ]
        },
        {
            "file_path": "./train/r_34",
            "rotation": 0.06283185307179587,
            "transform_matrix": [
                [
                    -0.05092613399028778,
                    0.6023785471916199,
                    -0.7965489625930786,
                    -3.2111241817474365
                ],
                [
                    -0.9986594319343567,
                    -0.030717993155121803,
                    0.0406196154654026,
                    0.16374966502189636
                ],
                [
                    0.0,
                    0.7976129055023193,
                    0.6031394004821777,
                    2.4314332008361816
                ],
                [
                    0.0,
                    0.0,
                    0.0,
                    1.0
                ]
            ]
        },
        {
            "file_path": "./train/r_35",
            "rotation": 0.06283185307179587,
            "transform_matrix": [
                [
                    -0.5963972806930542,
                    -0.5775221586227417,
                    0.5574216246604919,
                    2.24713134765625
                ],
                [
                    0.8026360273361206,
                    -0.4291268587112427,
                    0.4141911566257477,
                    1.669727087020874
                ],
                [
                    1.4900523481742312e-08,
                    0.6944841742515564,
                    0.7194748520851135,
                    2.9004158973693848
                ],
                [
                    0.0,
                    0.0,
                    0.0,
                    1.0
                ]
            ]
        },
        {
            "file_path": "./train/r_36",
            "rotation": 0.06283185307179587,
            "transform_matrix": [
                [
                    0.39506393671035767,
                    0.3782549202442169,
                    -0.8371230363845825,
                    -3.374690294265747
                ],
                [
                    -0.9186069369316101,
                    0.16267552971839905,
                    -0.360020250082016,
                    -1.4513479471206665
                ],
                [
                    1.4900522593563892e-08,
                    0.911290168762207,
                    0.4117375612258911,
                    1.6598358154296875
                ],
                [
                    0.0,
                    0.0,
                    0.0,
                    1.0
                ]
            ]
        },
        {
            "file_path": "./train/r_37",
            "rotation": 0.06283185307179587,
            "transform_matrix": [
                [
                    0.9683457016944885,
                    0.06785307824611664,
                    -0.240035742521286,
                    -0.9676550626754761
                ],
                [
                    -0.24944068491458893,
                    0.2634102702140808,
                    -0.9318349957466125,
                    -3.756502389907837
                ],
                [
                    -7.450260408603526e-09,
                    0.9622893929481506,
                    0.2719992995262146,
                    1.0965096950531006
                ],
                [
                    0.0,
                    0.0,
                    0.0,
                    1.0
                ]
            ]
        },
        {
            "file_path": "./train/r_38",
            "rotation": 0.06283185307179587,
            "transform_matrix": [
                [
                    -0.41708093881607056,
                    0.8329979181289673,
                    -0.36349016427993774,
                    -1.4653363227844238
                ],
                [
                    -0.9088220596313477,
                    -0.38228338956832886,
                    0.1668146550655365,
                    0.6724791526794434
                ],
                [
                    0.0,
                    0.39995482563972473,
                    0.9164960980415344,
                    3.694666624069214
                ],
                [
                    0.0,
                    0.0,
                    0.0,
                    1.0
                ]
            ]
        },
        {
            "file_path": "./train/r_39",
            "rotation": 0.06283185307179587,
            "transform_matrix": [
                [
                    -0.6108044385910034,
                    -0.44934195280075073,
                    0.6518746614456177,
                    2.627899408340454
                ],
                [
                    0.7917273044586182,
                    -0.3466598391532898,
                    0.5029104351997375,
                    2.0273807048797607
                ],
                [
                    1.4900520817207052e-08,
                    0.8233522176742554,
                    0.567501425743103,
                    2.2877657413482666
                ],
                [
                    0.0,
                    0.0,
                    0.0,
                    1.0
                ]
            ]
        },
        {
            "file_path": "./train/r_40",
            "rotation": 0.06283185307179587,
            "transform_matrix": [
                [
                    -0.7894227504730225,
                    -0.22959201037883759,
                    0.5692262649536133,
                    2.2947192192077637
                ],
                [
                    0.61378014087677,
                    -0.29529327154159546,
                    0.7321191430091858,
                    2.951388359069824
                ],
                [
                    -1.4900521705385472e-08,
                    0.9274046421051025,
                    0.3740326762199402,
                    1.507836103439331
                ],
                [
                    0.0,
                    0.0,
                    0.0,
                    1.0
                ]
            ]
        },
        {
            "file_path": "./train/r_41",
            "rotation": 0.06283185307179587,
            "transform_matrix": [
                [
                    -0.36732223629951477,
                    -0.16584737598896027,
                    0.9151436686515808,
                    3.6892144680023193
                ],
                [
                    0.9300475120544434,
                    -0.06550141423940659,
                    0.36143597960472107,
                    1.4570552110671997
                ],
                [
                    0.0,
                    0.9839684367179871,
                    0.17830726504325867,
                    0.7188092470169067
                ],
                [
                    0.0,
                    0.0,
                    0.0,
                    1.0
                ]
            ]
        },
        {
            "file_path": "./train/r_42",
            "rotation": 0.06283185307179587,
            "transform_matrix": [
                [
                    -0.5224921703338623,
                    -0.18684729933738708,
                    0.8318707942962646,
                    3.3535170555114746
                ],
                [
                    0.852593719959259,
                    -0.11450500786304474,
                    0.5097926259040833,
                    2.055124521255493
                ],
                [
                    0.0,
                    0.9756877422332764,
                    0.21913427114486694,
                    0.8833949565887451
                ],
                [
                    0.0,
                    0.0,
                    0.0,
                    1.0
                ]
            ]
        },
        {
            "file_path": "./train/r_43",
            "rotation": 0.06283185307179587,
            "transform_matrix": [
                [
                    0.3355542719364166,
                    -0.9272992610931396,
                    0.16582727432250977,
                    0.6684987545013428
                ],
                [
                    0.9419754147529602,
                    0.33032628893852234,
                    -0.05907166376709938,
                    -0.23813532292842865
                ],
                [
                    3.725130870435578e-09,
                    0.17604094743728638,
                    0.9843420386314392,
                    3.9681735038757324
                ],
                [
                    0.0,
                    0.0,
                    0.0,
                    1.0
                ]
            ]
        },
        {
