{
    "camera_angle_x": 0.6911112070083618,
    "frames": [
        {
            "file_path": "./train/r_0",
            "rotation": 0.06283185307179587,
            "transform_matrix": [
                [
                    -0.3137029707431793,
                    0.7120736241340637,
                    -0.628088653087616,
                    -2.532010793685913
                ],
                [
                    -0.9494759440422058,
                    -0.23526619374752045,
                    0.20751790702342987,
                    0.8365659713745117
                ],
                [
                    1.4900522593563892e-08,
                    0.6615064740180969,
                    0.749905526638031,
                    3.0230908393859863
                ],
                [
                    0.0,
                    0.0,
                    0.0,
                    1.0
                ]
            ]
        },
        {
            "file_path": "./train/r_1",
            "rotation": 0.06283185307179587,
            "transform_matrix": [
                [
                    -0.9888327121734619,
                    -0.13405819237232208,
                    0.06445082277059555,
                    0.2598203122615814
                ],
                [
                    0.14874184131622314,
                    -0.8912160992622375,
                    0.42846769094467163,
                    1.7272799015045166
                ],
                [
                    3.725131092480183e-09,
                    0.4333037734031677,
                    0.9012095928192139,
                    3.633042335510254
                ],
                [
                    0.0,
                    0.0,
                    0.0,
                    1.0
                ]
            ]
        },
        {
            "file_path": "./train/r_2",
            "rotation": 0.06283185307179587,
            "transform_matrix": [
                [
                    0.905594527721405,
                    -0.13336217403411865,
                    0.40252846479415894,
                    1.622711181640625
                ],
                [
                    0.42404335737228394,
                    0.2848106324672699,
                    -0.8596469163894653,
                    -3.4654908180236816
                ],
                [
                    0.0,
                    0.9492562413215637,
                    0.3144763708114624,
                    1.267747163772583
                ],
                [
                    0.0,
                    0.0,
                    0.0,
                    1.0
                ]
            ]
        },
        {
            "file_path": "./train/r_3",
            "rotation": 0.06283185307179587,
            "transform_matrix": [
                [
                    0.4167253375053406,
                    -0.6650331616401672,
                    0.6196931600570679,
                    2.49816632270813
                ],
                [
                    0.9089852571487427,
                    0.30488523840904236,
                    -0.2840990722179413,
                    -1.145287275314331
                ],
                [
                    0.0,
                    0.6817372441291809,
                    0.7315636277198792,
                    2.9491493701934814
                ],
                [
                    0.0,
                    0.0,
                    0.0,
                    1.0
                ]
            ]
        },
        {
            "file_path": "./train/r_4",
            "rotation": 0.06283185307179587,
            "transform_matrix": [
                [
                    -0.18186751008033752,
                    0.6531627178192139,
                    -0.7350175976753235,
                    -2.9630730152130127
                ],
                [
                    -0.9832794070243835,
                    -0.12080908566713333,
                    0.13594898581504822,
                    0.5480504631996155
                ],
                [
                    7.450261296781946e-09,
                    0.7475114464759827,
                    0.6642171144485474,
                    2.6776554584503174
                ],
                [
                    0.0,
                    0.0,
                    0.0,
                    1.0
                ]
            ]
        },
        {
            "file_path": "./train/r_5",
            "rotation": 0.06283185307179587,
            "transform_matrix": [
                [
                    0.9827134013175964,
                    0.044299788773059845,
                    -0.17951680719852448,
                    -0.7236852049827576
                ],
                [
                    -0.18490132689476013,
                    0.23544450104236603,
                    -0.9540957808494568,
                    -3.8462417125701904
                ],
                [
                    3.7251297602125533e-09,
                    0.9708725810050964,
                    0.2395671308040619,
                    0.9657658338546753
                ],
                [
                    0.0,
                    0.0,
                    0.0,
                    1.0
                ]
            ]
        },
        {
            "file_path": "./train/r_6",
            "rotation": 0.06283185307179587,
            "transform_matrix": [
                [
                    0.996584415435791,
                    0.08203640580177307,
                    -0.002040347782894969,
                    -0.008225243538618088
                ],
                [
                    -0.08205865323543549,
                    0.9963141679763794,
                    -0.02477957494556904,
                    -0.09989377856254578
                ],
                [
                    2.3282062389107239e-10,
                    0.024863451719284058,
                    0.9996495842933655,
                    4.029882431030273
                ],
                [
                    0.0,
                    0.0,
                    0.0,
                    1.0
                ]
            ]
        },
        {
            "file_path": "./train/r_7",
            "rotation": 0.06283185307179587,
            "transform_matrix": [
                [
                    0.49407148361206055,
                    -0.4274328052997589,
                    0.7570497989654541,
                    3.051891565322876
                ],
                [
                    0.8693720102310181,
                    0.24291366338729858,
                    -0.4302377998828888,
                    -1.7344157695770264
                ],
                [
                    1.4900523481742312e-08,
                    0.8707950711250305,
                    0.49161800742149353,
                    1.9818575382232666
                ],
                [
                    0.0,
                    0.0,
                    0.0,
                    1.0
                ]
            ]
        },
        {
            "file_path": "./train/r_8",
            "rotation": 0.06283185307179587,
            "transform_matrix": [
                [
                    -0.979923665523529,
                    -0.045899152755737305,
                    0.19379711151123047,
                    0.7812533378601074
                ],
                [
                    0.19915764033794403,
                    -0.2258395403623581,
                    0.953548014163971,
                    3.8440334796905518
                ],
                [
                    0.0,
                    0.9730774760246277,
                    0.23044821619987488,
                    0.9290047883987427
                ],
                [
                    0.0,
                    0.0,
                    0.0,
                    1.0
                ]
            ]
        },
        {
            "file_path": "./train/r_9",
            "rotation": 0.06283185307179587,
            "transform_matrix": [
                [
                    0.5130380392074585,
                    0.7411880493164062,
                    -0.43288394808769226,
                    -1.745083212852478
                ],
                [
                    -0.8583158254623413,
                    0.44302764534950256,
                    -0.2587461471557617,
                    -1.0430822372436523
                ],
                [
                    0.0,
                    0.5043378472328186,
                    0.8634692430496216,
                    3.4808998107910156
                ],
                [
                    0.0,
                    0.0,
                    0.0,
                    1.0
                ]
            ]
        },
        {
            "file_path": "./train/r_10",
            "rotation": 0.06283185307179587,
            "transform_matrix": [
                [
                    0.0775720477104187,
                    -0.7509108185768127,
                    0.6558001041412354,
                    2.643723964691162
                ],
                [
                    0.9969437122344971,
                    0.05842827260494232,
                    -0.05102771148085594,
                    -0.20570778846740723
                ],
                [
                    0.0,
                    0.6578060388565063,
                    0.7531532049179077,
                    3.0361831188201904
                ],
                [
                    0.0,
                    0.0,
                    0.0,
                    1.0
                ]
            ]
        },
        {
            "file_path": "./train/r_11",
            "rotation": 0.06283185307179587,
            "transform_matrix": [
                [
                    0.9948678016662598,
                    -0.048371199518442154,
                    0.08838923275470734,
                    0.35632309317588806
                ],
                [
                    0.10075825452804565,
                    0.4776080250740051,
                    -0.8727384209632874,
                    -3.518266201019287
                ],
                [
                    0.0,
                    0.8772346377372742,
                    0.48003387451171875,
                    1.9351582527160645
                ],
                [
                    0.0,
                    0.0,
                    0.0,
                    1.0
                ]
            ]
        },
        {
            "file_path": "./train/r_12",
            "rotation": 0.06283185307179587,
            "transform_matrix": [
                [
                    0.16747558116912842,
                    -0.3986211121082306,
                    0.9016550779342651,
                    3.634838104248047
                ],
                [
                    0.9858326315879822,
                    0.06771869957447052,
                    -0.15317529439926147,
                    -0.6174948811531067
                ],
                [
                    0.0,
                    0.9146066308021545,
                    0.4043176770210266,
                    1.629923939704895
                ],
                [
                    0.0,
                    0.0,
                    0.0,
                    1.0
                ]
            ]
        },
        {
            "file_path": "./train/r_13",
            "rotation": 0.06283185307179587,
            "transform_matrix": [
                [
                    -0.31104928255081177,
                    -0.8034448623657227,
                    0.5076305270195007,
                    2.0464086532592773
                ],
                [
                    0.9503487348556519,
                    -0.26296764612197876,
                    0.16614755988121033,
                    0.6697899103164673
                ],
                [
                    0.0,
                    0.5341482758522034,
                    0.8453540205955505,
                    3.407872200012207
                ],
                [
                    0.0,
                    0.0,
                    0.0,
                    1.0
                ]
            ]
        },
        {
            "file_path": "./train/r_14",
            "rotation": 0.06283185307179587,
            "transform_matrix": [
                [
                    -0.42923060059547424,
                    -0.6993108987808228,
                    0.5715572237968445,
                    2.3041160106658936
                ],
                [
                    0.9031473398208618,
                    -0.3323550820350647,
                    0.27163878083229065,
                    1.0950562953948975
                ],
                [
                    -1.4900520817207052e-08,
                    0.6328462362289429,
                    0.7742428183555603,
                    3.121201753616333
                ],
                [
                    0.0,
                    0.0,
                    0.0,
                    1.0
                ]
            ]
        },
        {
            "file_path": "./train/r_15",
            "rotation": 0.06283185307179587,
            "transform_matrix": [
                [
                    0.2084561139345169,
                    -0.19221754372119904,
                    0.9589152336120605,
                    3.8656704425811768
                ],
                [
                    0.9779878854751587,
                    0.04097077250480652,
                    -0.20439082384109497,
                    -0.8239597678184509
                ],
                [
                    3.725130648390973e-09,
                    0.9804915189743042,
                    0.196528360247612,
                    0.7922638654708862
                ],
                [
                    0.0,
                    0.0,
                    0.0,
                    1.0
                ]
            ]
        },
        {
            "file_path": "./train/r_16",
            "rotation": 0.06283185307179587,
            "transform_matrix": [
                [
                    0.9359981417655945,
                    -0.2016286551952362,
                    0.28839343786239624,
                    1.1625992059707642
                ],
                [
                    0.35188284516334534,
                    0.5363264083862305,
                    -0.7671181559562683,
                    -3.092479944229126
                ],
                [
                    -2.9801041634414105e-08,
                    0.8195667862892151,
                    0.5729540586471558,
                    2.3097469806671143
                ],
                [
                    0.0,
                    0.0,
                    0.0,
                    1.0
                ]
            ]
        },
        {
            "file_path": "./train/r_17",
            "rotation": 0.06283185307179587,
            "transform_matrix": [
                [
                    0.23176372051239014,
                    0.4332655966281891,
                    -0.870917558670044,
                    -3.510925769805908
                ],
                [
                    -0.9727279543876648,
                    0.1032305583357811,
                    -0.2075062245130539,
                    -0.8365187644958496
                ],
                [
                    0.0,
                    0.8953292965888977,
                    0.4453776180744171,
                    1.7954485416412354
                ],
                [
                    0.0,
                    0.0,
                    0.0,
                    1.0
                ]
            ]
        },
        {
            "file_path": "./train/r_18",
            "rotation": 0.06283185307179587,
            "transform_matrix": [
                [
                    -0.9842413663864136,
                    0.02451753057539463,
                    -0.17487765848636627,
                    -0.7049835324287415
                ],
                [
                    -0.1765875667333603,
                    -0.13665270805358887,
                    0.9747109413146973,
                    3.9293479919433594
                ],
                [
                    0.0,
                    0.990310549736023,
                    0.13882964849472046,
                    0.5596633553504944
                ],
                [
                    0.0,
                    0.0,
                    0.0,
                    1.0
                ]
            ]
        },
        {
            "file_path": "./train/r_19",
            "rotation": 0.06283185307179587,
            "transform_matrix": [
                [
                    0.957105815410614,
                    -0.2652221620082855,
                    0.1162978932261467,
                    0.4688311815261841
                ],
                [
                    0.28959041833877563,
                    0.8765678405761719,
                    -0.38436833024024963,
                    -1.5495023727416992
                ],
                [
                    0.0,
                    0.4015917181968689,
                    0.9157800674438477,
                    3.6917800903320312
                ],
                [
                    0.0,
                    0.0,
                    0.0,
                    1.0
                ]
            ]
        },
        {
            "file_path": "./train/r_20",
            "rotation": 0.06283185307179587,
            "transform_matrix": [
                [
                    0.9822167158126831,
                    -0.17694497108459473,
                    0.06210736185312271,
                    0.25037312507629395
                ],
                [
                    0.18752190470695496,
                    0.9268160462379456,
                    -0.32531073689460754,
                    -1.311423659324646
                ],
                [
                    -3.725130426346368e-09,
                    0.3311983644962311,
                    0.9435215592384338,
                    3.8036141395568848
                ],
                [
                    0.0,
                    0.0,
                    0.0,
                    1.0
                ]
            ]
        },
        {
            "file_path": "./train/r_21",
            "rotation": 0.06283185307179587,
            "transform_matrix": [
                [
                    -0.8751548528671265,
                    0.3191639184951782,
                    -0.3635391294956207,
                    -1.4655334949493408
                ],
                [
                    -0.4837542474269867,
                    -0.5773962140083313,
                    0.6576749682426453,
                    2.6512818336486816
                ],
                [
                    0.0,
                    0.7514904737472534,
                    0.6597123742103577,
                    2.6594953536987305
                ],
                [
                    0.0,
                    0.0,
                    0.0,
                    1.0
                ]
            ]
        },
        {
            "file_path": "./train/r_22",
            "rotation": 0.06283185307179587,
            "transform_matrix": [
                [
                    -0.8861290216445923,
                    0.28623589873313904,
                    -0.3643694818019867,
                    -1.4688811302185059
                ],
                [
                    -0.4633459746837616,
                    -0.54741370677948,
                    0.696840763092041,
                    2.809171199798584
                ],
                [
                    0.0,
                    0.7863823771476746,
                    0.6177094578742981,
                    2.4901695251464844
                ],
                [
                    0.0,
                    0.0,
                    0.0,
                    1.0
                ]
            ]
        },
        {
            "file_path": "./train/r_23",
            "rotation": 0.06283185307179587,
            "transform_matrix": [
                [
                    0.2170587033033371,
                    0.42195045948028564,
                    -0.8802121877670288,
                    -3.5483953952789307
                ],
                [
                    -0.9761145710945129,
                    0.09382916986942291,
                    -0.19573289155960083,
                    -0.7890571355819702
                ],
                [
                    -7.450260852692736e-09,
                    0.9017448425292969,
                    0.432241290807724,
                    1.7424923181533813
                ],
                [
                    0.0,
                    0.0,
                    0.0,
                    1.0
                ]
            ]
        },
        {
            "file_path": "./train/r_24",
            "rotation": 0.06283185307179587,
            "transform_matrix": [
                [
                    0.986809253692627,
                    0.1582879275083542,
                    -0.03268782049417496,
                    -0.13177426159381866
                ],
                [
                    -0.16162194311618805,
                    0.9664528369903564,
                    -0.1995808631181717,
                    -0.8045693635940552
                ],
                [
                    -3.725130204301763e-09,
                    0.20224741101264954,
                    0.9792938232421875,
                    3.9478225708007812
                ],
                [
                    0.0,
                    0.0,
                    0.0,
                    1.0
                ]
            ]
        },
        {
            "file_path": "./train/r_25",
            "rotation": 0.06283185307179587,
            "transform_matrix": [
                [
                    0.4297142028808594,
                    -0.30515778064727783,
                    0.8497929573059082,
                    3.4257664680480957
                ],
                [
                    0.9029174447059631,
                    0.14522992074489594,
                    -0.4044313132762909,
                    -1.6303821802139282
                ],
                [
                    0.0,
                    0.9411572813987732,
                    0.33794185519218445,
                    1.362343430519104
                ],
                [
                    0.0,
                    0.0,
                    0.0,
                    1.0
                ]
            ]
        },
        {
            "file_path": "./train/r_26",
            "rotation": 0.06283185307179587,
            "transform_matrix": [
                [
                    0.39315885305404663,
                    0.23744972050189972,
                    -0.8882368803024292,
                    -3.580745220184326
                ],
                [
                    -0.9194239377975464,
                    0.10153690725564957,
                    -0.37982282042503357,
                    -1.5311779975891113
                ],
                [
                    0.0,
                    0.9660735130310059,
                    0.2582387924194336,
                    1.0410367250442505
                ],
                [
                    0.0,
                    0.0,
                    0.0,
                    1.0
                ]
            ]
        },
        {
            "file_path": "./train/r_27",
            "rotation": 0.06283185307179587,
            "transform_matrix": [
                [
                    -0.19198162853717804,
                    0.7115757465362549,
                    -0.6758379936218262,
                    -2.7245025634765625
                ],
                [
                    -0.9813547730445862,
                    -0.1392049938440323,
                    0.13221363723278046,
                    0.5329921841621399
                ],
                [
                    -7.450260852692736e-09,
                    0.6886739730834961,
                    0.7250379323959351,
                    2.922842025756836
                ],
                [
                    0.0,
                    0.0,
                    0.0,
                    1.0
                ]
            ]
        },
        {
            "file_path": "./train/r_28",
            "rotation": 0.06283185307179587,
            "transform_matrix": [
                [
                    -0.9974095225334167,
                    -0.04650930315256119,
                    0.05408616364002228,
                    0.21803726255893707
                ],
                [
                    0.07133200019598007,
                    -0.6503227949142456,
                    0.7562673091888428,
                    3.048736333847046
                ],
                [
                    0.0,
                    0.7582263350486755,
                    0.6519601941108704,
                    2.6282436847686768
                ],
                [
                    0.0,
                    0.0,
                    0.0,
                    1.0
                ]
            ]
        },
        {
            "file_path": "./train/r_29",
            "rotation": 0.06283185307179587,
            "transform_matrix": [
                [
                    0.8416040539741516,
                    0.5332003235816956,
                    -0.0856487900018692,
                    -0.34527555108070374
                ],
                [
                    -0.540015459060669,
                    0.8309827446937561,
                    -0.13348203897476196,
                    -0.5381054878234863
                ],
                [
                    7.450260408603526e-09,
                    0.15860286355018616,
                    0.9873015284538269,
                    3.9801037311553955
                ],
                [
                    0.0,
                    0.0,
                    0.0,
                    1.0
                ]
            ]
        },
        {
            "file_path": "./train/r_30",
            "rotation": 0.06283185307179587,
            "transform_matrix": [
                [
                    0.26511630415916443,
                    -0.8837800025939941,
                    0.38551270961761475,
                    1.554115653038025
                ],
                [
                    0.9641720056533813,
                    0.24301107227802277,
                    -0.10600358992815018,
                    -0.427331805229187
                ],
                [
                    0.0,
                    0.3998354971408844,
                    0.9165481925010681,
                    3.6948764324188232
                ],
                [
                    0.0,
                    0.0,
                    0.0,
                    1.0
                ]
            ]
        },
        {
            "file_path": "./train/r_31",
            "rotation": 0.06283185307179587,
            "transform_matrix": [
                [
                    0.22546054422855377,
                    0.4744582176208496,
                    -0.8508763313293457,
                    -3.430133581161499
                ],
                [
                    -0.9742082953453064,
                    0.10980363190174103,
                    -0.19691789150238037,
                    -0.7938340902328491
                ],
                [
                    0.0,
                    0.8733971118927002,
                    0.48698076605796814,
                    1.963163137435913
                ],
                [
                    0.0,
                    0.0,
                    0.0,
                    1.0
                ]
            ]
        },
        {
            "file_path": "./train/r_32",
            "rotation": 0.06283185307179587,
            "transform_matrix": [
                [
                    -0.7286043763160706,
                    0.27876007556915283,
                    -0.6255796551704407,
                    -2.5218963623046875
                ],
                [
                    -0.6848722100257874,
                    -0.296560138463974,
                    0.6655257344245911,
                    2.6829307079315186
                ],
                [
                    2.9801046963484623e-08,
                    0.913419246673584,
                    0.40699276328086853,
                    1.6407079696655273
                ],
                [
                    0.0,
                    0.0,
                    0.0,
                    1.0
                ]
            ]
        },
        {
            "file_path": "./train/r_33",
            "rotation": 0.06283185307179587,
            "transform_matrix": [
                [
                    -0.996695876121521,
                    0.0766436979174614,
                    -0.025255220010876656,
                    -0.10181125998497009
                ],
                [
                    -0.08069471269845963,
                    -0.9466599822044373,
                    0.3119383156299591,
                    1.257515549659729
                ],
                [
                    1.862565435217789e-09,
                    0.31297045946121216,
                    0.9497230648994446,
                    3.8286144733428955
                ],
                [
                    0.0,
                    0.0,
                    0.0,
                    1.0
                ]
            ]
        },
        {
            "file_path": "./train/r_34",
            "rotation": 0.06283185307179587,
            "transform_matrix": [
                [
                    -0.999798595905304,
                    -0.013756859116256237,
                    0.011300499550998211,
                    0.04555564746260643
                ],
                [
                    0.01780274324119091,
                    -0.7725825309753418,
                    0.6346338391304016,
                    2.558396339416504
                ],
                [
                    0.0,
                    0.634757399559021,
                    0.772676944732666,
                    3.114888906478882
                ],
                [
                    0.0,
                    0.0,
                    0.0,
                    1.0
                ]
            ]
        },
        {
            "file_path": "./train/r_35",
            "rotation": 0.06283185307179587,
            "transform_matrix": [
                [
                    0.5657487511634827,
                    0.40797194838523865,
                    -0.7165302634239197,
                    -2.888545274734497
                ],
                [
                    -0.8245256543159485,
                    0.2799301743507385,
                    -0.4916476905345917,
                    -1.981977105140686
                ],
                [
                    0.0,
                    0.8690153956413269,
                    0.4947567880153656,
                    1.9945107698440552
                ],
                [
                    0.0,
                    0.0,
                    0.0,
                    1.0
                ]
            ]
        },
        {
            "file_path": "./train/r_36",
            "rotation": 0.06283185307179587,
            "transform_matrix": [
                [
                    0.8691532611846924,
                    -0.115406334400177,
                    0.48080143332481384,
                    1.938252568244934
                ],
                [
                    0.4944561719894409,
                    0.20286081731319427,
                    -0.8451509475708008,
                    -3.407053232192993
                ],
                [
                    7.450261740871156e-09,
                    0.9723777770996094,
                    0.23338206112384796,
                    0.9408320188522339
                ],
                [
                    0.0,
                    0.0,
                    0.0,
                    1.0
                ]
            ]
        },
        {
            "file_path": "./train/r_37",
            "rotation": 0.06283185307179587,
            "transform_matrix": [
                [
                    -0.2845337986946106,
                    0.5805007815361023,
                    -0.7628899216651917,
                    -3.075434446334839
                ],
                [
                    -0.9586213231086731,
                    -0.17230170965194702,
                    0.22643765807151794,
                    0.912837028503418
                ],
                [
                    0.0,
                    0.7958146333694458,
                    0.6055100560188293,
                    2.4409897327423096
                ],
                [
                    0.0,
                    0.0,
                    0.0,
                    1.0
                ]
            ]
        },
        {
            "file_path": "./train/r_38",
            "rotation": 0.06283185307179587,
            "transform_matrix": [
                [
                    0.9999196529388428,
                    -0.00777645455673337,
                    0.0037780958227813244,
                    0.015230618417263031
                ],
                [
                    0.008645381778478622,
                    0.8994200825691223,
                    -0.4369722902774811,
                    -1.7615642547607422
                ],
                [
                    0.0,
                    0.4370046854019165,
                    0.899421215057373,
                    3.6258320808410645
                ],
                [
                    0.0,
                    0.0,
                    0.0,
                    1.0
                ]
            ]
        },
        {
            "file_path": "./train/r_39",
            "rotation": 0.06283185307179587,
            "transform_matrix": [
                [
                    -0.062473006546497345,
                    0.3713168799877167,
                    -0.926362931728363,
                    -3.734442710876465
                ],
                [
                    -0.9980036020278931,
                    -0.02324368804693222,
                    0.057988446205854416,
                    0.2337685525417328
                ],
                [
                    -1.8625651021508816e-09,
                    0.9282097816467285,
                    0.37203019857406616,
                    1.4997637271881104
                ],
                [
                    0.0,
                    0.0,
                    0.0,
                    1.0
                ]
            ]
        },
        {
            "file_path": "./train/r_40",
            "rotation": 0.06283185307179587,
            "transform_matrix": [
                [
                    -0.6679549217224121,
                    -0.5734577775001526,
                    0.4742596745491028,
                    1.9118807315826416
                ],
                [
                    0.7441440224647522,
                    -0.5147443413734436,
                    0.42570260167121887,
                    1.7161328792572021
                ],
                [
                    0.0,
                    0.6373180747032166,
                    0.7705662846565247,
                    3.1063802242279053
                ],
                [
                    0.0,
                    0.0,
                    0.0,
                    1.0
                ]
            ]
        },
        {
            "file_path": "./train/r_41",
            "rotation": 0.06283185307179587,
            "transform_matrix": [
                [
                    0.979987621307373,
                    0.12873049080371857,
                    -0.15155276656150818,
                    -0.6109539866447449
                ],
                [
                    -0.19884280860424042,
                    0.6344423294067383,
                    -0.7469209432601929,
                    -3.011058807373047
                ],
                [
                    -7.450261296781946e-09,
                    0.7621687054634094,
                    0.647347092628479,
                    2.609647274017334
                ],
                [
                    0.0,
                    0.0,
                    0.0,
                    1.0
                ]
            ]
        },
        {
            "file_path": "./train/r_42",
            "rotation": 0.06283185307179587,
            "transform_matrix": [
                [
                    0.4306809604167938,
                    -0.2693558931350708,
                    0.8613263964653015,
                    3.472261428833008
                ],
                [
                    0.9024565815925598,
                    0.12854519486427307,
                    -0.41105231642723083,
                    -1.6570734977722168
                ],
                [
                    -7.450260408603526e-09,
                    0.9544178247451782,
                    0.2984459698200226,
                    1.203123927116394
                ],
                [
                    0.0,
                    0.0,
                    0.0,
                    1.0
                ]
            ]
        },
        {
            "file_path": "./train/r_43",
            "rotation": 0.06283185307179587,
            "transform_matrix": [
                [
                    0.4120747745037079,
                    -0.39990031719207764,
                    0.8186591267585754,
                    3.3002562522888184
                ],
                [
                    0.9111029505729675,
                    0.18086740374565125,
                    -0.3702641427516937,
                    -1.49264395236969
                ],
                [
                    -1.4900520817207052e-08,
                    0.8985303044319153,
                    0.4388841688632965,
                    1.7692714929580688
                ],
                [
                    0.0,
                    0.0,
                    0.0,
                    1.0
                ]
            ]
        },
