{
    "camera_angle_x": 0.6911112070083618,
    "frames": [
        {
            "file_path": "./train/r_0",
            "rotation": 0.06283185307179587,
            "transform_matrix": [
                [
                    0.10311202704906464,
                    -0.4356972575187683,
                    0.89412921667099,
                    3.604498863220215
                ],
                [
                    0.9946265816688538,
                    0.04516834020614624,
                    -0.09269356727600098,
                    -0.373675137758255
                ],
                [
                    -3.725130204301763e-09,
                    0.8989537358283997,
                    0.4380163252353668,
                    1.765773057937622
                ],
                [
                    0.0,
                    0.0,
                    0.0,
                    1.0
                ]
            ]
        },
        {
            "file_path": "./train/r_1",
            "rotation": 0.06283185307179587,
            "transform_matrix": [
                [
                    0.040474291890859604,
                    0.8539970517158508,
                    -0.518672525882721,
                    -2.0909221172332764
                ],
                [
                    -0.9991376399993896,
                    0.034594763070344925,
                    -0.021011022850871086,
                    -0.08470164239406586
                ],
                [
                    0.0,
                    0.5191166996955872,
                    0.8546664714813232,
                    3.4454128742218018
                ],
                [
                    0.0,
                    0.0,
                    0.0,
                    1.0
                ]
            ]
        },
        {
            "file_path": "./train/r_2",
            "rotation": 0.06283185307179587,
            "transform_matrix": [
                [
                    0.9982324242591858,
                    0.05232229828834534,
                    -0.026621738448739052,
                    -0.10732010006904602
                ],
                [
                    -0.058703742921352386,
                    0.8897185921669006,
                    -0.4526914060115814,
                    -1.8249328136444092
                ],
                [
                    1.862564991128579e-09,
                    0.4534899592399597,
                    0.8912233114242554,
                    3.592784881591797
                ],
                [
                    0.0,
                    0.0,
                    0.0,
                    1.0
                ]
            ]
        },
        {
            "file_path": "./train/r_3",
            "rotation": 0.06283185307179587,
            "transform_matrix": [
                [
                    -0.7862870693206787,
                    -0.48555058240890503,
                    0.3820026218891144,
                    1.539965271949768
                ],
                [
                    0.6177920699119568,
                    -0.6179783940315247,
                    0.48618900775909424,
                    1.959971308708191
                ],
                [
                    0.0,
                    0.6183311939239502,
                    0.7858828902244568,
                    3.168125629425049
                ],
                [
                    0.0,
                    0.0,
                    0.0,
                    1.0
                ]
            ]
        },
        {
            "file_path": "./train/r_4",
            "rotation": 0.06283185307179587,
            "transform_matrix": [
                [
                    -0.6664654016494751,
                    -0.6888920068740845,
                    0.2849597930908203,
                    1.1487571001052856
                ],
                [
                    0.7454783916473389,
                    -0.6158765554428101,
                    0.25475698709487915,
                    1.0270006656646729
                ],
                [
                    0.0,
                    0.38224828243255615,
                    0.9240207076072693,
                    3.7250003814697266
                ],
                [
                    0.0,
                    0.0,
                    0.0,
                    1.0
                ]
            ]
        },
        {
            "file_path": "./train/r_5",
            "rotation": 0.06283185307179587,
            "transform_matrix": [
                [
                    0.5384977459907532,
                    0.3231835961341858,
                    -0.7781366109848022,
                    -3.1368985176086426
                ],
                [
                    -0.8425760269165039,
                    0.20654946565628052,
                    -0.4973139464855194,
                    -2.004819393157959
                ],
                [
                    -1.4900522593563892e-08,
                    0.9235148429870605,
                    0.3835356533527374,
                    1.5461455583572388
                ],
                [
                    0.0,
                    0.0,
                    0.0,
                    1.0
                ]
            ]
        },
        {
            "file_path": "./train/r_6",
            "rotation": 0.06283185307179587,
            "transform_matrix": [
                [
                    -0.5281793475151062,
                    0.538627564907074,
                    -0.6563875079154968,
                    -2.646091938018799
                ],
                [
                    -0.849082350730896,
                    -0.33505815267562866,
                    0.40831178426742554,
                    1.6460254192352295
                ],
                [
                    -1.4900521705385472e-08,
                    0.7730500102043152,
                    0.6343140602111816,
                    2.557107448577881
                ],
                [
                    0.0,
                    0.0,
                    0.0,
                    1.0
                ]
            ]
        },
        {
            "file_path": "./train/r_7",
            "rotation": 0.06283185307179587,
            "transform_matrix": [
                [
                    -0.7954554557800293,
                    0.4020503759384155,
                    -0.4533575475215912,
                    -1.82761812210083
                ],
                [
                    -0.605941116809845,
                    -0.5277958512306213,
                    0.5951498746871948,
                    2.3992247581481934
                ],
                [
                    1.4900520817207052e-08,
                    0.748182475566864,
                    0.6634613275527954,
                    2.6746087074279785
                ],
                [
                    0.0,
                    0.0,
                    0.0,
                    1.0
                ]
            ]
        },
        {
            "file_path": "./train/r_8",
            "rotation": 0.06283185307179587,
            "transform_matrix": [
                [
                    -0.28851088881492615,
                    0.4253910481929779,
                    -0.8577494621276855,
                    -3.457841634750366
                ],
                [
                    -0.9574317932128906,
                    -0.12818662822246552,
                    0.2584727704524994,
                    1.0419801473617554
                ],
                [
                    -7.450260408603526e-09,
                    0.895879864692688,
                    0.4442690312862396,
                    1.7909798622131348
                ],
                [
                    0.0,
                    0.0,
                    0.0,
                    1.0
                ]
            ]
        },
        {
            "file_path": "./train/r_9",
            "rotation": 0.06283185307179587,
            "transform_matrix": [
                [
                    0.4986858367919922,
                    -0.40681782364845276,
                    0.7653367519378662,
                    3.085298538208008
                ],
                [
                    0.8667333722114563,
                    0.23406769335269928,
                    -0.44034603238105774,
                    -1.7751649618148804
                ],
                [
                    0.0,
                    0.8830071091651917,
                    0.46933189034461975,
                    1.8920155763626099
                ],
                [
                    0.0,
                    0.0,
                    0.0,
                    1.0
                ]
            ]
        },
        {
            "file_path": "./train/r_10",
            "rotation": 0.06283185307179587,
            "transform_matrix": [
                [
                    0.6430572271347046,
                    -0.18830333650112152,
                    0.7422519326210022,
                    2.992236852645874
                ],
                [
                    0.7657621502876282,
                    0.15812981128692627,
                    -0.6233142614364624,
                    -2.5127639770507812
                ],
                [
                    0.0,
                    0.9692919254302979,
                    0.24588370323181152,
                    0.9912298917770386
                ],
                [
                    0.0,
                    0.0,
                    0.0,
                    1.0
                ]
            ]
        },
        {
            "file_path": "./train/r_11",
            "rotation": 0.06283185307179587,
            "transform_matrix": [
                [
                    -0.20129694044589996,
                    -0.49716195464134216,
                    0.8439458608627319,
                    3.4021952152252197
                ],
                [
                    0.9794864654541016,
                    -0.10217312723398209,
                    0.17344163358211517,
                    0.6991944909095764
                ],
                [
                    0.0,
                    0.861615002155304,
                    0.5075339078903198,
                    2.0460193157196045
                ],
                [
                    0.0,
                    0.0,
                    0.0,
                    1.0
                ]
            ]
        },
        {
            "file_path": "./train/r_12",
            "rotation": 0.06283185307179587,
            "transform_matrix": [
                [
                    0.2132720649242401,
                    0.9693021774291992,
                    -0.12228570133447647,
                    -0.4929697513580322
                ],
                [
                    -0.9769489765167236,
                    0.21160274744033813,
                    -0.026695484295487404,
                    -0.10761737823486328
                ],
                [
                    0.0,
                    0.12516972422599792,
                    0.9920942783355713,
                    3.999424934387207
                ],
                [
                    0.0,
                    0.0,
                    0.0,
                    1.0
                ]
            ]
        },
        {
            "file_path": "./train/r_13",
            "rotation": 0.06283185307179587,
            "transform_matrix": [
                [
                    -0.7717483639717102,
                    0.13146062195301056,
                    -0.6221248507499695,
                    -2.5079691410064697
                ],
                [
                    -0.6358606219291687,
                    -0.1595546305179596,
                    0.7550771832466125,
                    3.0439391136169434
                ],
                [
                    1.4900522593563892e-08,
                    0.978391706943512,
                    0.2067280262708664,
                    0.833381712436676
                ],
                [
                    0.0,
                    0.0,
                    0.0,
                    1.0
                ]
            ]
        },
        {
            "file_path": "./train/r_14",
            "rotation": 0.06283185307179587,
            "transform_matrix": [
                [
                    0.38227909803390503,
                    0.7427464127540588,
                    -0.5496792793273926,
                    -2.215919017791748
                ],
                [
                    -0.9240004420280457,
                    0.3072904050350189,
                    -0.2274142950773239,
                    -0.9167740941047668
                ],
                [
                    0.0,
                    0.5948867201805115,
                    0.8037742972373962,
                    3.240251064300537
                ],
                [
                    0.0,
                    0.0,
                    0.0,
                    1.0
                ]
            ]
        },
        {
            "file_path": "./train/r_15",
            "rotation": 0.06283185307179587,
            "transform_matrix": [
                [
                    -0.9627431035041809,
                    -0.26259779930114746,
                    0.06393307447433472,
                    0.2577331066131592
                ],
                [
                    0.27025875449180603,
                    -0.9354524612426758,
                    0.22774888575077057,
                    0.9181229472160339
                ],
                [
                    0.0,
                    0.2365608811378479,
                    0.9715763330459595,
                    3.91671085357666
                ],
                [
                    0.0,
                    0.0,
                    0.0,
                    1.0
                ]
            ]
        },
        {
            "file_path": "./train/r_16",
            "rotation": 0.06283185307179587,
            "transform_matrix": [
                [
                    -0.45222339034080505,
                    -0.5997399687767029,
                    0.6601129174232483,
                    2.661109685897827
                ],
                [
                    0.8918566107749939,
                    -0.30410316586494446,
                    0.3347157835960388,
                    1.3493380546569824
                ],
                [
                    0.0,
                    0.7401508688926697,
                    0.6724089980125427,
                    2.710679054260254
                ],
                [
                    0.0,
                    0.0,
                    0.0,
                    1.0
                ]
            ]
        },
        {
            "file_path": "./train/r_17",
            "rotation": 0.06283185307179587,
            "transform_matrix": [
                [
                    -0.10290392488241196,
                    0.9110876321792603,
                    -0.3991338312625885,
                    -1.6090261936187744
                ],
                [
                    -0.9946481585502625,
                    -0.09425894916057587,
                    0.0412934310734272,
                    0.16646599769592285
                ],
                [
                    -3.725130204301763e-09,
                    0.40127861499786377,
                    0.9159173369407654,
                    3.6923329830169678
                ],
                [
                    0.0,
                    0.0,
                    0.0,
                    1.0
                ]
            ]
        },
        {
            "file_path": "./train/r_18",
            "rotation": 0.06283185307179587,
            "transform_matrix": [
                [
                    -0.9378038644790649,
                    -0.34468957781791687,
                    0.04044948145747185,
                    0.16306379437446594
                ],
                [
                    0.34704190492630005,
                    -0.9314472675323486,
                    0.10930577665567398,
                    0.4406438171863556
                ],
                [
                    0.0,
                    0.11655423790216446,
                    0.9931433200836182,
                    4.003653526306152
                ],
                [
                    0.0,
                    0.0,
                    0.0,
                    1.0
                ]
            ]
        },
        {
            "file_path": "./train/r_19",
            "rotation": 0.06283185307179587,
            "transform_matrix": [
                [
                    0.46874314546585083,
                    0.2826424241065979,
                    -0.8368486166000366,
                    -3.373584032058716
                ],
                [
                    -0.8832859396934509,
                    0.14999298751354218,
                    -0.4440997242927551,
                    -1.790297269821167
                ],
                [
                    0.0,
                    0.9474203586578369,
                    0.31996437907218933,
                    1.2898708581924438
                ],
                [
                    0.0,
                    0.0,
                    0.0,
                    1.0
                ]
            ]
        },
        {
            "file_path": "./train/r_20",
            "rotation": 0.06283185307179587,
            "transform_matrix": [
                [
                    0.4272697865962982,
                    -0.35448890924453735,
                    0.8316875100135803,
                    3.3527779579162598
                ],
                [
                    0.9040767550468445,
                    0.16753269731998444,
                    -0.3930583894252777,
                    -1.5845344066619873
                ],
                [
                    0.0,
                    0.9199241995811462,
                    0.39206936955451965,
                    1.5805474519729614
                ],
                [
                    0.0,
                    0.0,
                    0.0,
                    1.0
                ]
            ]
        },
        {
            "file_path": "./train/r_21",
            "rotation": 0.06283185307179587,
            "transform_matrix": [
                [
                    0.972760021686554,
                    -0.07052073627710342,
                    0.22063469886779785,
                    0.8894436955451965
                ],
                [
                    0.23162969946861267,
                    0.2961612343788147,
                    -0.9265850186347961,
                    -3.735337972640991
                ],
                [
                    7.450261296781946e-09,
                    0.9525257349014282,
                    0.3044305145740509,
                    1.2272493839263916
                ],
                [
                    0.0,
                    0.0,
                    0.0,
                    1.0
                ]
            ]
        },
        {
            "file_path": "./train/r_22",
            "rotation": 0.06283185307179587,
            "transform_matrix": [
                [
                    -0.9841721653938293,
                    -0.05640622600913048,
                    0.1677442193031311,
                    0.6762264370918274
                ],
                [
                    0.17697302997112274,
                    -0.31368303298950195,
                    0.9328493475914001,
                    3.7605912685394287
                ],
                [
                    3.725130870435578e-09,
                    0.9478455781936646,
                    0.3187025487422943,
                    1.2847840785980225
                ],
                [
                    0.0,
                    0.0,
                    0.0,
                    1.0
                ]
            ]
        },
        {
            "file_path": "./train/r_23",
            "rotation": 0.06283185307179587,
            "transform_matrix": [
                [
                    0.9811508655548096,
                    -0.16934886574745178,
                    0.09262964129447937,
                    0.3734174370765686
                ],
                [
                    0.19302092492580414,
                    0.8608226776123047,
                    -0.4708486497402191,
                    -1.898129940032959
                ],
                [
                    -7.450259964514316e-09,
                    0.47989097237586975,
                    0.8772906064987183,
                    3.5366172790527344
                ],
                [
                    0.0,
                    0.0,
                    0.0,
                    1.0
                ]
            ]
        },
        {
            "file_path": "./train/r_24",
            "rotation": 0.06283185307179587,
            "transform_matrix": [
                [
                    -0.9779477119445801,
                    -0.06751827150583267,
                    0.19741939008235931,
                    0.7958558797836304
                ],
                [
                    0.208644837141037,
                    -0.31646761298179626,
                    0.9253324270248413,
                    3.73028826713562
                ],
                [
                    0.0,
                    0.9461919665336609,
                    0.32357826828956604,
                    1.3044395446777344
                ],
                [
                    0.0,
                    0.0,
                    0.0,
                    1.0
                ]
            ]
        },
        {
            "file_path": "./train/r_25",
            "rotation": 0.06283185307179587,
            "transform_matrix": [
                [
                    -0.9562411308288574,
                    -0.17934446036815643,
                    0.23098766803741455,
                    0.931179404258728
                ],
                [
                    0.29243311285972595,
                    -0.5864471197128296,
                    0.755317747592926,
                    3.0449085235595703
                ],
                [
                    0.0,
                    0.7898768186569214,
                    0.6132351160049438,
                    2.4721317291259766
                ],
                [
                    0.0,
                    0.0,
                    0.0,
                    1.0
                ]
            ]
        },
        {
            "file_path": "./train/r_26",
            "rotation": 0.06283185307179587,
            "transform_matrix": [
                [
                    -0.7667726874351501,
                    0.27642807364463806,
                    -0.5792824625968933,
                    -2.335258722305298
                ],
                [
                    -0.6418517827987671,
                    -0.3302280604839325,
                    0.6920256614685059,
                    2.789760112762451
                ],
                [
                    1.4900522593563892e-08,
                    0.9025112986564636,
                    0.4306386113166809,
                    1.7360315322875977
                ],
                [
                    0.0,
                    0.0,
                    0.0,
                    1.0
                ]
            ]
        },
        {
            "file_path": "./train/r_27",
            "rotation": 0.06283185307179587,
            "transform_matrix": [
                [
                    0.4289330542087555,
                    -0.7554789781570435,
                    0.4952031672000885,
                    1.9963102340698242
                ],
                [
                    0.9032887816429138,
                    0.3587445020675659,
                    -0.23515069484710693,
                    -0.9479619264602661
                ],
                [
                    0.0,
                    0.5482186675071716,
                    0.8362985849380493,
                    3.3713667392730713
                ],
                [
                    0.0,
                    0.0,
                    0.0,
                    1.0
                ]
            ]
        },
        {
            "file_path": "./train/r_28",
            "rotation": 0.06283185307179587,
            "transform_matrix": [
                [
                    0.480544775724411,
                    -0.5646803975105286,
                    0.6709339618682861,
                    2.70473313331604
                ],
                [
                    0.8769212365150452,
                    0.30943968892097473,
                    -0.36766567826271057,
                    -1.4821690320968628
                ],
                [
                    1.4900522593563892e-08,
                    0.7650966644287109,
                    0.6438841819763184,
                    2.5956873893737793
                ],
                [
                    0.0,
                    0.0,
                    0.0,
                    1.0
                ]
            ]
        },
        {
            "file_path": "./train/r_29",
            "rotation": 0.06283185307179587,
            "transform_matrix": [
                [
                    -0.9489327669143677,
                    -0.15415437519550323,
                    0.275098592042923,
                    1.1090036630630493
                ],
                [
                    0.3153422772884369,
                    -0.4638836681842804,
                    0.8278307914733887,
                    3.337230682373047
                ],
                [
                    0.0,
                    0.8723751902580261,
                    0.4888090193271637,
                    1.9705336093902588
                ],
                [
                    0.0,
                    0.0,
                    0.0,
                    1.0
                ]
            ]
        },
        {
            "file_path": "./train/r_30",
            "rotation": 0.06283185307179587,
            "transform_matrix": [
                [
                    -0.7670714259147644,
                    -0.4814075827598572,
                    0.4240051507949829,
                    1.7092900276184082
                ],
                [
                    0.6414946913719177,
                    -0.5756462216377258,
                    0.5070069432258606,
                    2.0438947677612305
                ],
                [
                    0.0,
                    0.6609599590301514,
                    0.7503871917724609,
                    3.0250325202941895
                ],
                [
                    0.0,
                    0.0,
                    0.0,
                    1.0
                ]
            ]
        },
        {
            "file_path": "./train/r_31",
            "rotation": 0.06283185307179587,
            "transform_matrix": [
                [
                    -0.7643922567367554,
                    -0.1995999664068222,
                    0.6130111217498779,
                    2.471229076385498
                ],
                [
                    0.6446847915649414,
                    -0.23666240274906158,
                    0.7268372774124146,
                    2.930095911026001
                ],
                [
                    0.0,
                    0.9508631229400635,
                    0.3095840513706207,
                    1.248024821281433
                ],
                [
                    0.0,
                    0.0,
                    0.0,
                    1.0
                ]
            ]
        },
        {
            "file_path": "./train/r_32",
            "rotation": 0.06283185307179587,
            "transform_matrix": [
                [
                    0.4025358557701111,
                    -0.8275294303894043,
                    0.3913138508796692,
                    1.577501654624939
                ],
                [
                    0.9153572916984558,
                    0.36391282081604004,
                    -0.17208345234394073,
                    -0.693719208240509
                ],
                [
                    0.0,
                    0.4274955987930298,
                    0.9039790630340576,
                    3.6442065238952637
                ],
                [
                    0.0,
                    0.0,
                    0.0,
                    1.0
                ]
            ]
        },
        {
            "file_path": "./train/r_33",
            "rotation": 0.06283185307179587,
            "transform_matrix": [
                [
                    0.9301274418830872,
                    -0.27247166633605957,
                    0.24605295062065125,
                    0.9919121265411377
                ],
                [
                    0.3671199381351471,
                    0.6903285384178162,
                    -0.6233947277069092,
                    -2.5130882263183594
                ],
                [
                    1.4900520817207052e-08,
                    0.6702204942703247,
                    0.742128312587738,
                    2.9917383193969727
                ],
                [
                    0.0,
                    0.0,
                    0.0,
                    1.0
                ]
            ]
        },
        {
            "file_path": "./train/r_34",
            "rotation": 0.06283185307179587,
            "transform_matrix": [
                [
                    0.8963956832885742,
                    -0.30831393599510193,
                    0.3183377683162689,
                    1.283313512802124
                ],
                [
                    0.443157821893692,
                    0.6236407160758972,
                    -0.6439164280891418,
                    -2.5958173274993896
                ],
                [
                    0.0,
                    0.7183346748352051,
                    0.695665180683136,
                    2.804431915283203
                ],
                [
                    0.0,
                    0.0,
                    0.0,
                    1.0
                ]
            ]
        },
        {
            "file_path": "./train/r_35",
            "rotation": 0.06283185307179587,
            "transform_matrix": [
                [
                    -0.5040523409843445,
                    0.6959336400032043,
                    -0.5114286541938782,
                    -2.0617198944091797
                ],
                [
                    -0.8636233806610107,
                    -0.4061805307865143,
                    0.29849445819854736,
                    1.2033194303512573
                ],
                [
                    -1.4900521705385472e-08,
                    0.5921854972839355,
                    0.8057661652565002,
                    3.248281478881836
                ],
                [
                    0.0,
                    0.0,
                    0.0,
                    1.0
                ]
            ]
        },
        {
            "file_path": "./train/r_36",
            "rotation": 0.06283185307179587,
            "transform_matrix": [
                [
                    -0.9970187544822693,
                    -0.06664334237575531,
                    0.03777315467596054,
                    0.1522747278213501
                ],
                [
                    0.07660160213708878,
                    -0.8674055933952332,
                    0.49164170026779175,
                    1.9819527864456177
                ],
                [
                    0.0,
                    0.49310851097106934,
                    0.8699305057525635,
                    3.506946563720703
                ],
                [
                    0.0,
                    0.0,
                    0.0,
                    1.0
                ]
            ]
        },
        {
            "file_path": "./train/r_37",
            "rotation": 0.06283185307179587,
            "transform_matrix": [
                [
                    0.14718443155288696,
                    -0.3194134831428528,
                    0.9360750913619995,
                    3.773594856262207
                ],
                [
                    0.9890656471252441,
                    0.04753242805600166,
                    -0.13929882645606995,
                    -0.5615546703338623
                ],
                [
                    0.0,
                    0.9464172720909119,
                    0.322919100522995,
                    1.301782250404358
                ],
                [
                    0.0,
                    0.0,
                    0.0,
                    1.0
                ]
            ]
        },
        {
            "file_path": "./train/r_38",
            "rotation": 0.06283185307179587,
            "transform_matrix": [
                [
                    0.8742347359657288,
                    0.32835283875465393,
                    -0.3575204312801361,
                    -1.4412705898284912
                ],
                [
                    -0.48541513085365295,
                    0.5913648009300232,
                    -0.6438958048820496,
                    -2.595734119415283
                ],
                [
                    1.4900521705385472e-08,
                    0.7365202307701111,
                    0.6763835549354553,
                    2.7267019748687744
                ],
                [
                    0.0,
                    0.0,
                    0.0,
                    1.0
                ]
            ]
        },
        {
            "file_path": "./train/r_39",
            "rotation": 0.06283185307179587,
            "transform_matrix": [
                [
                    -0.8051583766937256,
                    -0.5351279377937317,
                    0.255527138710022,
                    1.0301053524017334
                ],
                [
                    0.5929874181747437,
                    -0.7265967726707458,
                    0.3469547629356384,
                    1.3986772298812866
                ],
                [
                    0.0,
                    0.4309120774269104,
                    0.9023556113243103,
                    3.637661933898926
                ],
                [
                    0.0,
                    0.0,
                    0.0,
                    1.0
                ]
            ]
        },
        {
            "file_path": "./train/r_40",
            "rotation": 0.06283185307179587,
            "transform_matrix": [
                [
                    0.6248870491981506,
                    -0.537514865398407,
                    0.5661546587944031,
                    2.282336711883545
                ],
                [
                    0.7806603312492371,
                    0.43025895953178406,
                    -0.45318397879600525,
                    -1.826918363571167
                ],
                [
                    1.4900523481742312e-08,
                    0.7252205014228821,
                    0.6884843707084656,
                    2.7754836082458496
                ],
                [
                    0.0,
                    0.0,
                    0.0,
                    1.0
                ]
            ]
        },
        {
            "file_path": "./train/r_41",
            "rotation": 0.06283185307179587,
            "transform_matrix": [
                [
                    0.5435347557067871,
                    -0.6861991882324219,
                    0.48337486386299133,
                    1.94862699508667
                ],
                [
                    0.8393356800079346,
                    0.44436705112457275,
                    -0.3130226731300354,
                    -1.2618869543075562
                ],
                [
                    1.4900523481742312e-08,
                    0.5758979916572571,
                    0.8174856305122375,
                    3.2955262660980225
                ],
                [
                    0.0,
                    0.0,
                    0.0,
                    1.0
                ]
            ]
        },
        {
            "file_path": "./train/r_42",
            "rotation": 0.06283185307179587,
            "transform_matrix": [
                [
                    0.9936428070068359,
                    0.09413071721792221,
                    -0.0610603392124176,
                    -0.24615222215652466
                ],
                [
                    -0.11219748109579086,
                    0.8336399793624878,
                    -0.5407622456550598,
                    -2.179971933364868
                ],
                [
                    3.725130648390973e-09,
                    0.5442182421684265,
                    0.8389073014259338,
                    3.381882667541504
                ],
                [
                    0.0,
                    0.0,
                    0.0,
                    1.0
                ]
            ]
        },
        {
            "file_path": "./train/r_43",
            "rotation": 0.06283185307179587,
            "transform_matrix": [
                [
                    0.6780125498771667,
                    0.5724015235900879,
                    -0.4610805809497833,
                    -1.8587520122528076
                ],
                [
                    -0.7349920272827148,
                    0.5280266404151917,
                    -0.42533576488494873,
                    -1.7146542072296143
                ],
                [
                    -2.9801046963484623e-08,
                    0.6273232102394104,
                    0.7787242531776428,
                    3.139267683029175
                ],
                [
                    0.0,
                    0.0,
                    0.0,
                    1.0
                ]
            ]
        },
        {
            "file_path": "./train/r_44",
