{
    "camera_angle_x": 0.6911112070083618,
    "frames": [
        {
            "file_path": "./train/r_0",
            "rotation": 0.06283185307179587,
            "transform_matrix": [
                [
                    -0.5489372611045837,
                    -0.6057100892066956,
                    0.5759567618370056,
                    2.3218517303466797
                ],
                [
                    0.8358123302459717,
                    -0.3978128135204315,
                    0.3782716989517212,
                    1.5249249935150146
                ],
                [
                    -1.4900523481742312e-08,
                    0.6890935897827148,
                    0.7246390581130981,
                    2.921234130859375
                ],
                [
                    0.0,
                    0.0,
                    0.0,
                    1.0
                ]
            ]
        },
        {
            "file_path": "./train/r_1",
            "rotation": 0.06283185307179587,
            "transform_matrix": [
                [
                    0.47727277874946594,
                    0.5344357490539551,
                    -0.697514533996582,
                    -2.81188702583313
                ],
                [
                    -0.8787063956260681,
                    0.29028084874153137,
                    -0.37885773181915283,
                    -1.5272873640060425
                ],
                [
                    1.4900522593563892e-08,
                    0.7937917709350586,
                    0.6081593036651611,
                    2.451669692993164
                ],
                [
                    0.0,
                    0.0,
                    0.0,
                    1.0
                ]
            ]
        },
        {
            "file_path": "./train/r_2",
            "rotation": 0.06283185307179587,
            "transform_matrix": [
                [
                    0.16239303350448608,
                    0.5053815841674805,
                    -0.8474395275115967,
                    -3.4162790775299072
                ],
                [
                    -0.986682653427124,
                    0.08317816257476807,
                    -0.1394757181406021,
                    -0.5622678399085999
                ],
                [
                    0.0,
                    0.8588718175888062,
                    0.5121622085571289,
                    2.0646772384643555
                ],
                [
                    0.0,
                    0.0,
                    0.0,
                    1.0
                ]
            ]
        },
        {
            "file_path": "./train/r_3",
            "rotation": 0.06283185307179587,
            "transform_matrix": [
                [
                    -0.03585067763924599,
                    0.5738287568092346,
                    -0.8181544542312622,
                    -3.298222064971924
                ],
                [
                    -0.9993141889572144,
                    -0.02058626525104046,
                    0.02935151942074299,
                    0.1183246374130249
                ],
                [
                    0.0,
                    0.818710446357727,
                    0.574177086353302,
                    2.3146772384643555
                ],
                [
                    0.0,
                    0.0,
                    0.0,
                    1.0
                ]
            ]
        },
        {
            "file_path": "./train/r_4",
            "rotation": 0.06283185307179587,
            "transform_matrix": [
                [
                    -0.9058924913406372,
                    0.13984951376914978,
                    -0.39964625239372253,
                    -1.6110919713974
                ],
                [
                    -0.4234064221382141,
                    -0.29921284317970276,
                    0.8550567626953125,
                    3.446986198425293
                ],
                [
                    -1.4900521705385472e-08,
                    0.9438770413398743,
                    0.33027002215385437,
                    1.3314158916473389
                ],
                [
                    0.0,
                    0.0,
                    0.0,
                    1.0
                ]
            ]
        },
        {
            "file_path": "./train/r_5",
            "rotation": 0.06283185307179587,
            "transform_matrix": [
                [
                    0.9318152070045471,
                    -0.2940126061439514,
                    0.21259787678718567,
                    0.8570448160171509
                ],
                [
                    0.3628147542476654,
                    0.7551109790802002,
                    -0.5460139513015747,
                    -2.201143503189087
                ],
                [
                    0.0,
                    0.5859641432762146,
                    0.8103013038635254,
                    3.266564130783081
                ],
                [
                    0.0,
                    0.0,
                    0.0,
                    1.0
                ]
            ]
        },
        {
            "file_path": "./train/r_6",
            "rotation": 0.06283185307179587,
            "transform_matrix": [
                [
                    -0.8191370368003845,
                    -0.2999696731567383,
                    0.488829642534256,
                    1.9706168174743652
                ],
                [
                    0.5735229849815369,
                    -0.4284331202507019,
                    0.6981733441352844,
                    2.8145430088043213
                ],
                [
                    -1.4900522593563892e-08,
                    0.8523221611976624,
                    0.5229884386062622,
                    2.108320713043213
                ],
                [
                    0.0,
                    0.0,
                    0.0,
                    1.0
                ]
            ]
        },
        {
            "file_path": "./train/r_7",
            "rotation": 0.06283185307179587,
            "transform_matrix": [
                [
                    0.6831373572349548,
                    -0.1940097063779831,
                    0.7039901614189148,
                    2.8379924297332764
                ],
                [
                    0.7302311658859253,
                    0.1814976930618286,
                    -0.658588707447052,
                    -2.65496563911438
                ],
                [
                    0.0,
                    0.9640584588050842,
                    0.2656615376472473,
                    1.0709601640701294
                ],
                [
                    0.0,
                    0.0,
                    0.0,
                    1.0
                ]
            ]
        },
        {
            "file_path": "./train/r_8",
            "rotation": 0.06283185307179587,
            "transform_matrix": [
                [
                    0.19905875623226166,
                    -0.7633408308029175,
                    0.6145289540290833,
                    2.4773478507995605
                ],
                [
                    0.9799437522888184,
                    0.1550595611333847,
                    -0.12483099848031998,
                    -0.503230631351471
                ],
                [
                    0.0,
                    0.6271020770072937,
                    0.7789022922515869,
                    3.1399853229522705
                ],
                [
                    0.0,
                    0.0,
                    0.0,
                    1.0
                ]
            ]
        },
        {
            "file_path": "./train/r_9",
            "rotation": 0.06283185307179587,
            "transform_matrix": [
                [
                    0.9148361086845398,
                    0.20724356174468994,
                    -0.3464718461036682,
                    -1.3967303037643433
                ],
                [
                    -0.4037189483642578,
                    0.469618558883667,
                    -0.7851129174232483,
                    -3.165022134780884
                ],
                [
                    1.4900521705385472e-08,
                    0.8581948280334473,
                    0.513295590877533,
                    2.069246292114258
                ],
                [
                    0.0,
                    0.0,
                    0.0,
                    1.0
                ]
            ]
        },
        {
            "file_path": "./train/r_10",
            "rotation": 0.06283185307179587,
            "transform_matrix": [
                [
                    -0.9997491836547852,
                    -0.019659334793686867,
                    0.005403054878115654,
                    0.021781306713819504
                ],
                [
                    0.020387569442391396,
                    -0.9640385508537292,
                    0.2649506628513336,
                    1.068094253540039
                ],
                [
                    -4.6564124778214477e-10,
                    0.26501530408859253,
                    0.9642041325569153,
                    3.886991024017334
                ],
                [
                    0.0,
                    0.0,
                    0.0,
                    1.0
                ]
            ]
        },
        {
            "file_path": "./train/r_11",
            "rotation": 0.06283185307179587,
            "transform_matrix": [
                [
                    -0.24727657437324524,
                    0.9319202899932861,
                    -0.2652527093887329,
                    -1.0693120956420898
                ],
                [
                    -0.9689006805419922,
                    -0.23783867061138153,
                    0.06769608706235886,
                    0.2729029059410095
                ],
                [
                    0.0,
                    0.27376481890678406,
                    0.9617564678192139,
                    3.877124547958374
                ],
                [
                    0.0,
                    0.0,
                    0.0,
                    1.0
                ]
            ]
        },
        {
            "file_path": "./train/r_12",
            "rotation": 0.06283185307179587,
            "transform_matrix": [
                [
                    -0.7780290246009827,
                    -0.22447387874126434,
                    0.586686909198761,
                    2.3651082515716553
                ],
                [
                    0.6281601786613464,
                    -0.2780296802520752,
                    0.7266608476638794,
                    2.929384708404541
                ],
                [
                    -1.4900523481742312e-08,
                    0.9339704513549805,
                    0.3573231101036072,
                    1.4404749870300293
                ],
                [
                    0.0,
                    0.0,
                    0.0,
                    1.0
                ]
            ]
        },
        {
            "file_path": "./train/r_13",
            "rotation": 0.06283185307179587,
            "transform_matrix": [
                [
                    0.9857556819915771,
                    -0.04820062965154648,
                    0.1608632206916809,
                    0.6484870910644531
                ],
                [
                    0.16792859137058258,
                    0.28294193744659424,
                    -0.944281280040741,
                    -3.8066763877868652
                ],
                [
                    0.0,
                    0.9579198956489563,
                    0.28700780868530273,
                    1.157013177871704
                ],
                [
                    0.0,
                    0.0,
                    0.0,
                    1.0
                ]
            ]
        },
        {
            "file_path": "./train/r_14",
            "rotation": 0.06283185307179587,
            "transform_matrix": [
                [
                    -0.6580460071563721,
                    0.5600079298019409,
                    -0.5032944083213806,
                    -2.028928518295288
                ],
                [
                    -0.7529206871986389,
                    -0.48944199085235596,
                    0.4398748576641083,
                    1.7732656002044678
                ],
                [
                    0.0,
                    0.6684516072273254,
                    0.7437219023704529,
                    2.9981625080108643
                ],
                [
                    0.0,
                    0.0,
                    0.0,
                    1.0
                ]
            ]
        },
        {
            "file_path": "./train/r_15",
            "rotation": 0.06283185307179587,
            "transform_matrix": [
                [
                    -0.976438045501709,
                    0.04907569661736488,
                    -0.20994040369987488,
                    -0.846331775188446
                ],
                [
                    -0.21559934318065643,
                    -0.2222612053155899,
                    0.9508089423179626,
                    3.8329918384552
                ],
                [
                    3.725130870435578e-09,
                    0.9737460613250732,
                    0.22760646045207977,
                    0.9175488948822021
                ],
                [
                    0.0,
                    0.0,
                    0.0,
                    1.0
                ]
            ]
        },
        {
            "file_path": "./train/r_16",
            "rotation": 0.06283185307179587,
            "transform_matrix": [
                [
                    -0.06555911153554916,
                    -0.2990858554840088,
                    0.9519315361976624,
                    3.8375167846679688
                ],
                [
                    0.9978057146072388,
                    -0.01965092122554779,
                    0.06254503130912781,
                    0.2521374821662903
                ],
                [
                    -1.862565213173184e-09,
                    0.9540185332298279,
                    0.299719899892807,
                    1.2082592248916626
                ],
                [
                    0.0,
                    0.0,
                    0.0,
                    1.0
                ]
            ]
        },
        {
            "file_path": "./train/r_17",
            "rotation": 0.06283185307179587,
            "transform_matrix": [
                [
                    0.008806734345853329,
                    0.356844425201416,
                    -0.9340829849243164,
                    -3.7655646800994873
                ],
                [
                    -0.9999182820320129,
                    0.003142890753224492,
                    -0.008226892910897732,
                    -0.033165037631988525
                ],
                [
                    2.328206655244358e-10,
                    0.934153139591217,
                    0.35684531927108765,
                    1.4385489225387573
                ],
                [
                    0.0,
                    0.0,
                    0.0,
                    1.0
                ]
            ]
        },
        {
            "file_path": "./train/r_18",
            "rotation": 0.06283185307179587,
            "transform_matrix": [
                [
                    0.8525378108024597,
                    0.06918029487133026,
                    -0.5179852843284607,
                    -2.088151454925537
                ],
                [
                    -0.5225833654403687,
                    0.11286009848117828,
                    -0.845036506652832,
                    -3.4065916538238525
                ],
                [
                    -3.725130204301763e-09,
                    0.9911946058273315,
                    0.13237085938453674,
                    0.5336259603500366
                ],
                [
                    0.0,
                    0.0,
                    0.0,
                    1.0
                ]
            ]
        },
        {
            "file_path": "./train/r_19",
            "rotation": 0.06283185307179587,
            "transform_matrix": [
                [
                    0.8755104541778564,
                    -0.39929893612861633,
                    0.27197131514549255,
                    1.0963966846466064
                ],
                [
                    0.4831104874610901,
                    0.7236241102218628,
                    -0.4928763210773468,
                    -1.986930012702942
                ],
                [
                    -1.4900521705385472e-08,
                    0.5629550218582153,
                    0.8264514207839966,
                    3.331669807434082
                ],
                [
                    0.0,
                    0.0,
                    0.0,
                    1.0
                ]
            ]
        },
        {
            "file_path": "./train/r_20",
            "rotation": 0.06283185307179587,
            "transform_matrix": [
                [
                    0.10057605803012848,
                    0.37214815616607666,
                    -0.9226687550544739,
                    -3.719550371170044
                ],
                [
                    -0.9948862791061401,
                    0.03762158378958702,
                    -0.09327536821365356,
                    -0.37602055072784424
                ],
                [
                    3.725130426346368e-09,
                    0.9274051785469055,
                    0.3740314245223999,
                    1.50783109664917
                ],
                [
                    0.0,
                    0.0,
                    0.0,
                    1.0
                ]
            ]
        },
        {
            "file_path": "./train/r_21",
            "rotation": 0.06283185307179587,
            "transform_matrix": [
                [
                    -0.9005794525146484,
                    -0.13665908575057983,
                    0.4125494956970215,
                    1.6631089448928833
                ],
                [
                    0.43459275364875793,
                    -0.2831901013851166,
                    0.8549006581306458,
                    3.446357011795044
                ],
                [
                    0.0,
                    0.949272096157074,
                    0.31442829966545105,
                    1.267553448677063
                ],
                [
                    0.0,
                    0.0,
                    0.0,
                    1.0
                ]
            ]
        },
        {
            "file_path": "./train/r_22",
            "rotation": 0.06283185307179587,
            "transform_matrix": [
                [
                    0.5288036465644836,
                    -0.325758159160614,
                    0.7836916446685791,
                    3.159292459487915
                ],
                [
                    0.8486936688423157,
                    0.20297323167324066,
                    -0.48830220103263855,
                    -1.968490481376648
                ],
                [
                    0.0,
                    0.9234031438827515,
                    0.38380444049835205,
                    1.5472290515899658
                ],
                [
                    0.0,
                    0.0,
                    0.0,
                    1.0
                ]
            ]
        },
        {
            "file_path": "./train/r_23",
            "rotation": 0.06283185307179587,
            "transform_matrix": [
                [
                    0.607499897480011,
                    -0.5711988210678101,
                    0.5519199967384338,
                    2.224952459335327
                ],
                [
                    0.7942657470703125,
                    0.4368855655193329,
                    -0.4221400022506714,
                    -1.7017710208892822
                ],
                [
                    1.4900521705385472e-08,
                    0.6948761343955994,
                    0.7190964221954346,
                    2.8988900184631348
                ],
                [
                    0.0,
                    0.0,
                    0.0,
                    1.0
                ]
            ]
        },
        {
            "file_path": "./train/r_24",
            "rotation": 0.06283185307179587,
            "transform_matrix": [
                [
                    -0.9817678928375244,
                    -0.15760350227355957,
                    0.10587263107299805,
                    0.4268038272857666
                ],
                [
                    0.18985775113105774,
                    -0.8149789571762085,
                    0.5474749207496643,
                    2.207033157348633
                ],
                [
                    -7.450261296781946e-09,
                    0.5576381683349609,
                    0.8300480246543884,
                    3.3461685180664062
                ],
                [
                    0.0,
                    0.0,
                    0.0,
                    1.0
                ]
            ]
        },
        {
            "file_path": "./train/r_25",
            "rotation": 0.06283185307179587,
            "transform_matrix": [
                [
                    0.059205520898103714,
                    -0.8886590600013733,
                    0.4547027051448822,
                    1.8330409526824951
                ],
                [
                    0.9982027411460876,
                    0.052708253264427185,
                    -0.02696938067674637,
                    -0.1087215393781662
                ],
                [
                    0.0,
                    0.45551830530166626,
                    0.8901883959770203,
                    3.5886125564575195
                ],
                [
                    0.0,
                    0.0,
                    0.0,
                    1.0
                ]
            ]
        },
        {
            "file_path": "./train/r_26",
            "rotation": 0.06283185307179587,
            "transform_matrix": [
                [
                    -0.3978194296360016,
                    0.2983277142047882,
                    -0.867561936378479,
                    -3.4973983764648438
                ],
                [
                    -0.9174169898033142,
                    -0.12936381995677948,
                    0.37620076537132263,
                    1.5165764093399048
                ],
                [
                    -7.450260852692736e-09,
                    0.9456509351730347,
                    0.3251565098762512,
                    1.3108019828796387
                ],
                [
                    0.0,
                    0.0,
                    0.0,
                    1.0
                ]
            ]
        },
        {
            "file_path": "./train/r_27",
            "rotation": 0.06283185307179587,
            "transform_matrix": [
                [
                    -0.16585755348205566,
                    0.8681780695915222,
                    -0.46768587827682495,
                    -1.8853799104690552
                ],
                [
                    -0.986106276512146,
                    -0.14602269232273102,
                    0.07866214960813522,
                    0.3171103596687317
                ],
                [
                    7.450261740871156e-09,
                    0.4742722511291504,
                    0.880340576171875,
                    3.54891300201416
                ],
                [
                    0.0,
                    0.0,
                    0.0,
                    1.0
                ]
            ]
        },
        {
            "file_path": "./train/r_28",
            "rotation": 0.06283185307179587,
            "transform_matrix": [
                [
                    -0.9897798299789429,
                    0.10551708191633224,
                    -0.09548305720090866,
                    -0.3849203884601593
                ],
                [
                    -0.1423024982213974,
                    -0.7339203357696533,
                    0.6641289591789246,
                    2.677299976348877
                ],
                [
                    -7.450261296781946e-09,
                    0.6709820628166199,
                    0.7414398193359375,
                    2.9889631271362305
                ],
                [
                    0.0,
                    0.0,
                    0.0,
                    1.0
                ]
            ]
        },
        {
            "file_path": "./train/r_29",
            "rotation": 0.06283185307179587,
            "transform_matrix": [
                [
                    -0.46497616171836853,
                    0.24540770053863525,
                    -0.850584089756012,
                    -3.428955554962158
                ],
                [
                    -0.8852746486663818,
                    -0.12889643013477325,
                    0.4467555284500122,
                    1.8010034561157227
                ],
                [
                    0.0,
                    0.9608073234558105,
                    0.27718880772590637,
                    1.1174299716949463
                ],
                [
                    0.0,
                    0.0,
                    0.0,
                    1.0
                ]
            ]
        },
        {
            "file_path": "./train/r_30",
            "rotation": 0.06283185307179587,
            "transform_matrix": [
                [
                    0.697197675704956,
                    0.6445178985595703,
                    -0.3137803375720978,
                    -1.2649412155151367
                ],
                [
                    -0.7168190479278564,
                    0.6268755793571472,
                    -0.3051912784576416,
                    -1.230316162109375
                ],
                [
                    0.0,
                    0.43773698806762695,
                    0.8990647792816162,
                    3.6243958473205566
                ],
                [
                    0.0,
                    0.0,
                    0.0,
                    1.0
                ]
            ]
        },
        {
            "file_path": "./train/r_31",
            "rotation": 0.06283185307179587,
            "transform_matrix": [
                [
                    0.2393367886543274,
                    0.4435579180717468,
                    -0.8636583089828491,
                    -3.4816620349884033
                ],
                [
                    -0.9708924889564514,
                    0.10934241861104965,
                    -0.2129022777080536,
                    -0.8582719564437866
                ],
                [
                    -7.450261740871156e-09,
                    0.8895450830459595,
                    0.45681968331336975,
                    1.8415751457214355
                ],
                [
                    0.0,
                    0.0,
                    0.0,
                    1.0
                ]
            ]
        },
        {
            "file_path": "./train/r_32",
            "rotation": 0.06283185307179587,
            "transform_matrix": [
                [
                    -0.9849719405174255,
                    -0.04528631642460823,
                    0.16641439497470856,
                    0.6708655953407288
                ],
                [
                    0.172465518116951,
                    -0.2586357891559601,
                    0.9504132270812988,
                    3.8313965797424316
                ],
                [
                    0.0,
                    0.9649075269699097,
                    0.26256105303764343,
                    1.0584611892700195
                ],
                [
                    0.0,
                    0.0,
                    0.0,
                    1.0
                ]
            ]
        },
        {
            "file_path": "./train/r_33",
            "rotation": 0.06283185307179587,
            "transform_matrix": [
                [
                    0.9935917258262634,
                    0.11145501583814621,
                    -0.01638510450720787,
                    -0.06605319678783417
                ],
                [
                    -0.11264879256486893,
                    0.9830622673034668,
                    -0.14452090859413147,
                    -0.5826064348220825
                ],
                [
                    -1.862565435217789e-09,
                    0.14545190334320068,
                    0.9893243312835693,
                    3.9882586002349854
                ],
                [
                    0.0,
                    0.0,
                    0.0,
                    1.0
                ]
            ]
        },
        {
            "file_path": "./train/r_34",
            "rotation": 0.06283185307179587,
            "transform_matrix": [
                [
                    0.7464717030525208,
                    0.10675052553415298,
                    -0.6567348837852478,
                    -2.6474924087524414
                ],
                [
                    -0.6653525829315186,
                    0.11976544559001923,
                    -0.7368032932281494,
                    -2.9702718257904053
                ],
                [
                    0.0,
                    0.9870413541793823,
                    0.16042931377887726,
                    0.6467379927635193
                ],
                [
                    0.0,
                    0.0,
                    0.0,
                    1.0
                ]
            ]
        },
        {
            "file_path": "./train/r_35",
            "rotation": 0.06283185307179587,
            "transform_matrix": [
                [
                    -0.9070116877555847,
                    -0.24096530675888062,
                    0.3452313244342804,
                    1.391729474067688
                ],
                [
                    0.4210037589073181,
                    -0.5191363096237183,
                    0.7437673807144165,
                    2.9983458518981934
                ],
                [
                    -1.4900521705385472e-08,
                    0.8200142979621887,
                    0.5723136067390442,
                    2.3071653842926025
                ],
                [
                    0.0,
                    0.0,
                    0.0,
                    1.0
                ]
            ]
        },
        {
            "file_path": "./train/r_36",
            "rotation": 0.06283185307179587,
            "transform_matrix": [
                [
                    -0.9998225569725037,
                    -0.007014988921582699,
                    0.014826922677457333,
                    0.05977170169353485
                ],
                [
                    0.016402538865804672,
                    -0.4276011288166046,
                    0.9037804007530212,
                    3.6434051990509033
                ],
                [
                    -4.656412755377204e-10,
                    0.9039346575737,
                    0.4276432394981384,
                    1.7239561080932617
                ],
                [
                    0.0,
                    0.0,
                    0.0,
                    1.0
                ]
            ]
        },
        {
            "file_path": "./train/r_37",
            "rotation": 0.06283185307179587,
            "transform_matrix": [
                [
                    -0.07618008553981781,
                    -0.7531076073646545,
                    0.6534401774406433,
                    2.6342101097106934
                ],
                [
                    0.9970511198043823,
                    -0.057541489601135254,
                    0.049926355481147766,
                    0.20126788318157196
                ],
                [
                    0.0,
                    0.655368447303772,
                    0.755275309085846,
                    3.0447378158569336
                ],
                [
                    0.0,
                    0.0,
                    0.0,
                    1.0
                ]
            ]
        },
        {
            "file_path": "./train/r_38",
            "rotation": 0.06283185307179587,
            "transform_matrix": [
                [
                    0.9999520182609558,
                    -0.0029435004107654095,
                    0.0012061332818120718,
                    0.0048622796311974525
                ],
                [
                    0.003180926200002432,
                    0.9253151416778564,
                    -0.37915855646133423,
                    -1.5285001993179321
                ],
                [
                    0.0,
                    0.37917429208755493,
                    0.9252863526344299,
                    3.7301025390625
                ],
                [
                    0.0,
                    0.0,
                    0.0,
                    1.0
                ]
            ]
        },
        {
            "file_path": "./train/r_39",
            "rotation": 0.06283185307179587,
            "transform_matrix": [
                [
                    0.12942343950271606,
                    0.7941449880599976,
                    -0.5937562584877014,
                    -2.3936069011688232
                ],
                [
                    -0.9915461540222168,
                    0.10365728288888931,
                    -0.07750115543603897,
                    -0.3124300539493561
                ],
                [
                    3.725130426346368e-09,
                    0.5988146066665649,
                    0.8008522987365723,
                    3.2284722328186035
                ],
                [
                    0.0,
                    0.0,
                    0.0,
                    1.0
                ]
            ]
        },
        {
            "file_path": "./train/r_40",
            "rotation": 0.06283185307179587,
            "transform_matrix": [
                [
                    0.8463600277900696,
                    0.1933739185333252,
                    -0.4961846172809601,
                    -2.0002665519714355
                ],
                [
                    -0.5325307250022888,
                    0.3073323965072632,
                    -0.7885944247245789,
                    -3.1790568828582764
                ],
                [
                    0.0,
                    0.9317418932914734,
                    0.36309385299682617,
                    1.4637384414672852
                ],
                [
                    0.0,
                    0.0,
                    0.0,
                    1.0
                ]
            ]
        },
        {
            "file_path": "./train/r_41",
            "rotation": 0.06283185307179587,
            "transform_matrix": [
                [
                    0.005767586175352335,
                    0.9269713759422302,
                    -0.3750607371330261,
                    -1.511980652809143
                ],
                [
                    -0.9999403953552246,
                    0.005346706137061119,
                    -0.002163324039429426,
                    -0.008720998652279377
                ],
                [
                    -2.328206377688602e-10,
                    0.3750806152820587,
                    0.926953136920929,
                    3.7368218898773193
                ],
                [
                    0.0,
                    0.0,
                    0.0,
                    1.0
                ]
            ]
        },
        {
            "file_path": "./train/r_42",
            "rotation": 0.06283185307179587,
            "transform_matrix": [
                [
                    0.3152535557746887,
                    0.8778112530708313,
                    -0.36060452461242676,
                    -1.4537034034729004
                ],
                [
                    -0.9489622116088867,
                    0.29161661863327026,
                    -0.11979599297046661,
                    -0.48293304443359375
                ],
                [
                    0.0,
                    0.3799961507320404,
                    0.924949049949646,
                    3.728742837905884
                ],
                [
                    0.0,
                    0.0,
                    0.0,
                    1.0
                ]
            ]
        },
        {
            "file_path": "./train/r_43",
            "rotation": 0.06283185307179587,
            "transform_matrix": [
                [
                    0.9885422587394714,
                    -0.0321282260119915,
                    0.14719490706920624,
                    0.593386173248291
                ],
                [
                    0.1506599336862564,
                    0.21080659329891205,
                    -0.965806782245636,
                    -3.8934524059295654
                ],
                [
                    1.862565213173184e-09,
                    0.976994514465332,
                    0.2132330983877182,
                    0.859605610370636
                ],
                [
                    0.0,
                    0.0,
                    0.0,
