{
    "camera_angle_x": 0.6911112070083618,
    "frames": [
        {
            "file_path": "./train/r_0",
            "rotation": 0.06283185307179587,
            "transform_matrix": [
                [
                    0.9205416440963745,
                    0.38543882966041565,
                    -0.06297090649604797,
                    -0.253854364156723
                ],
                [
                    -0.3905344009399414,
                    0.9085307121276855,
                    -0.14843082427978516,
                    -0.5983685255050659
                ],
                [
                    0.0,
                    0.161241814494133,
                    0.9868739247322083,
                    3.9783806800842285
                ],
                [
                    0.0,
                    0.0,
                    0.0,
                    1.0
                ]
            ]
        },
        {
            "file_path": "./train/r_1",
            "rotation": 0.06283185307179587,
            "transform_matrix": [
                [
                    -0.23782974481582642,
                    -0.6004570126533508,
                    0.7634341716766357,
                    3.0776286125183105
                ],
                [
                    0.9712626338005066,
                    -0.14703185856342316,
                    0.18693950772285461,
                    0.7536083459854126
                ],
                [
                    7.450259964514316e-09,
                    0.7860171794891357,
                    0.618174135684967,
                    2.4920425415039062
                ],
                [
                    0.0,
                    0.0,
                    0.0,
                    1.0
                ]
            ]
        },
        {
            "file_path": "./train/r_2",
            "rotation": 0.06283185307179587,
            "transform_matrix": [
                [
                    0.8827350735664368,
                    -0.4433073401451111,
                    0.15552012622356415,
                    0.6269475817680359
                ],
                [
                    0.4697796404361725,
                    0.8329925537109375,
                    -0.292228639125824,
                    -1.1780599355697632
                ],
                [
                    -1.4900520817207052e-08,
                    0.3310469090938568,
                    0.9435747265815735,
                    3.803828477859497
                ],
                [
                    0.0,
                    0.0,
                    0.0,
                    1.0
                ]
            ]
        },
        {
            "file_path": "./train/r_3",
            "rotation": 0.06283185307179587,
            "transform_matrix": [
                [
                    0.3229076862335205,
                    0.9097652435302734,
                    -0.26083487272262573,
                    -1.0515024662017822
                ],
                [
                    -0.9463851451873779,
                    0.3104129433631897,
                    -0.08899717032909393,
                    -0.3587738871574402
                ],
                [
                    0.0,
                    0.275610089302063,
                    0.9612295031547546,
                    3.875
                ],
                [
                    0.0,
                    0.0,
                    0.0,
                    1.0
                ]
            ]
        },
        {
            "file_path": "./train/r_4",
            "rotation": 0.06283185307179587,
            "transform_matrix": [
                [
                    -0.20521438121795654,
                    -0.7512518763542175,
                    0.6272686719894409,
                    2.528705358505249
                ],
                [
                    0.9786731600761414,
                    -0.15752723813056946,
                    0.13152965903282166,
                    0.5302349328994751
                ],
                [
                    0.0,
                    0.6409335136413574,
                    0.7675619721412659,
                    3.094269037246704
                ],
                [
                    0.0,
                    0.0,
                    0.0,
                    1.0
                ]
            ]
        },
        {
            "file_path": "./train/r_5",
            "rotation": 0.06283185307179587,
            "transform_matrix": [
                [
                    0.8319984078407288,
                    -0.32174643874168396,
                    0.45186346769332886,
                    1.8215949535369873
                ],
                [
                    0.5547007322311401,
                    0.48258912563323975,
                    -0.6777523159980774,
                    -2.7322194576263428
                ],
                [
                    0.0,
                    0.8146021962165833,
                    0.5799903273582458,
                    2.3381121158599854
                ],
                [
                    0.0,
                    0.0,
                    0.0,
                    1.0
                ]
            ]
        },
        {
            "file_path": "./train/r_6",
            "rotation": 0.06283185307179587,
            "transform_matrix": [
                [
                    -0.2562718987464905,
                    0.3840647041797638,
                    -0.8869875073432922,
                    -3.5757088661193848
                ],
                [
                    -0.9665603637695312,
                    -0.1018301472067833,
                    0.23517410457134247,
                    0.9480562806129456
                ],
                [
                    0.0,
                    0.9176681637763977,
                    0.39732053875923157,
                    1.6017165184020996
                ],
                [
                    0.0,
                    0.0,
                    0.0,
                    1.0
                ]
            ]
        },
        {
            "file_path": "./train/r_7",
            "rotation": 0.06283185307179587,
            "transform_matrix": [
                [
                    -0.8985886573791504,
                    -0.18134945631027222,
                    0.3994598090648651,
                    1.6103404760360718
                ],
                [
                    0.43869438767433167,
                    -0.3714626133441925,
                    0.8182234764099121,
                    3.2985002994537354
                ],
                [
                    0.0,
                    0.9105591177940369,
                    0.413351833820343,
                    1.6663432121276855
                ],
                [
                    0.0,
                    0.0,
                    0.0,
                    1.0
                ]
            ]
        },
        {
            "file_path": "./train/r_8",
            "rotation": 0.06283185307179587,
            "transform_matrix": [
                [
                    0.0906473770737648,
                    0.25396400690078735,
                    -0.9629160165786743,
                    -3.8817992210388184
                ],
                [
                    -0.9958400130271912,
                    0.023117344826459885,
                    -0.08765044063329697,
                    -0.3533448576927185
                ],
                [
                    1.862565213173184e-09,
                    0.9669322371482849,
                    0.2550047039985657,
                    1.0279994010925293
                ],
                [
                    0.0,
                    0.0,
                    0.0,
                    1.0
                ]
            ]
        },
        {
            "file_path": "./train/r_9",
            "rotation": 0.06283185307179587,
            "transform_matrix": [
                [
                    0.9993300437927246,
                    0.007070258259773254,
                    -0.0346912182867527,
                    -0.13985054194927216
                ],
                [
                    -0.035404253751039505,
                    0.1995670348405838,
                    -0.9792037010192871,
                    -3.9474592208862305
                ],
                [
                    4.6564122002656916e-10,
                    0.9798536896705627,
                    0.1996849775314331,
                    0.8049890995025635
                ],
                [
                    0.0,
                    0.0,
                    0.0,
                    1.0
                ]
            ]
        },
        {
            "file_path": "./train/r_10",
            "rotation": 0.06283185307179587,
            "transform_matrix": [
                [
                    -0.7193595170974731,
                    0.5406423211097717,
                    -0.4360789954662323,
                    -1.7579631805419922
                ],
                [
                    -0.6945762634277344,
                    -0.5599330067634583,
                    0.45163875818252563,
                    1.82068932056427
                ],
                [
                    0.0,
                    0.627830445766449,
                    0.7783154845237732,
                    3.1376194953918457
                ],
                [
                    0.0,
                    0.0,
                    0.0,
                    1.0
                ]
            ]
        },
        {
            "file_path": "./train/r_11",
            "rotation": 0.06283185307179587,
            "transform_matrix": [
                [
                    -0.9186370372772217,
                    0.2578495144844055,
                    -0.2992308437824249,
                    -1.2062878608703613
                ],
                [
                    -0.39499378204345703,
                    -0.5996805429458618,
                    0.6959210634231567,
                    2.8054633140563965
                ],
                [
                    0.0,
                    0.7575531601905823,
                    0.6527420282363892,
                    2.6313958168029785
                ],
                [
                    0.0,
                    0.0,
                    0.0,
                    1.0
                ]
            ]
        },
        {
            "file_path": "./train/r_12",
            "rotation": 0.06283185307179587,
            "transform_matrix": [
                [
                    -0.765209972858429,
                    0.2955534756183624,
                    -0.5718599557876587,
                    -2.3053364753723145
                ],
                [
                    -0.6437142491340637,
                    -0.3513367176055908,
                    0.6797937750816345,
                    2.7404494285583496
                ],
                [
                    1.4900521705385472e-08,
                    0.888369619846344,
                    0.4591013789176941,
                    1.8507732152938843
                ],
                [
                    0.0,
                    0.0,
                    0.0,
                    1.0
                ]
            ]
        },
        {
            "file_path": "./train/r_13",
            "rotation": 0.06283185307179587,
            "transform_matrix": [
                [
                    -0.20077945291996002,
                    -0.2520381510257721,
                    0.9466183185577393,
                    3.816098213195801
                ],
                [
                    0.9795927405357361,
                    -0.051658280193805695,
                    0.19402092695236206,
                    0.7821556925773621
                ],
                [
                    -3.725130870435578e-09,
                    0.9663323163986206,
                    0.2572683095932007,
                    1.0371246337890625
                ],
                [
                    0.0,
                    0.0,
                    0.0,
                    1.0
                ]
            ]
        },
        {
            "file_path": "./train/r_14",
            "rotation": 0.06283185307179587,
            "transform_matrix": [
                [
                    -0.9999568462371826,
                    -0.00048741191858425736,
                    0.0005034807254560292,
                    0.0020296794828027487
                ],
                [
                    0.0007007456151768565,
                    -0.6955318450927734,
                    0.718461811542511,
                    2.896331787109375
                ],
                [
                    0.0,
                    0.7184880971908569,
                    0.6955068111419678,
                    2.803793430328369
                ],
                [
                    0.0,
                    0.0,
                    0.0,
                    1.0
                ]
            ]
        },
        {
            "file_path": "./train/r_15",
            "rotation": 0.06283185307179587,
            "transform_matrix": [
                [
                    0.6970282793045044,
                    -0.41599783301353455,
                    0.5839740633964539,
                    2.3541719913482666
                ],
                [
                    0.7169837355613708,
                    0.40441957116127014,
                    -0.5677206516265869,
                    -2.288649559020996
                ],
                [
                    0.0,
                    0.8144818544387817,
                    0.5801593661308289,
                    2.3387937545776367
                ],
                [
                    0.0,
                    0.0,
                    0.0,
                    1.0
                ]
            ]
        },
        {
            "file_path": "./train/r_16",
            "rotation": 0.06283185307179587,
            "transform_matrix": [
                [
                    -0.6978522539138794,
                    -0.3641301393508911,
                    0.6167146563529968,
                    2.486159086227417
                ],
                [
                    0.7161818742752075,
                    -0.3548107445240021,
                    0.6009306907653809,
                    2.4225292205810547
                ],
                [
                    0.0,
                    0.8611088395118713,
                    0.5083922147750854,
                    2.0494794845581055
                ],
                [
                    0.0,
                    0.0,
                    0.0,
                    1.0
                ]
            ]
        },
        {
            "file_path": "./train/r_17",
            "rotation": 0.06283185307179587,
            "transform_matrix": [
                [
                    -0.8375601768493652,
                    -0.23987777531147003,
                    0.49078595638275146,
                    1.9785031080245972
                ],
                [
                    0.5462664365768433,
                    -0.3677913248538971,
                    0.7524949312210083,
                    3.03352952003479
                ],
                [
                    -1.4900520817207052e-08,
                    0.8984309434890747,
                    0.43908751010894775,
                    1.7700915336608887
                ],
                [
                    0.0,
                    0.0,
                    0.0,
                    1.0
                ]
            ]
        },
        {
            "file_path": "./train/r_18",
            "rotation": 0.06283185307179587,
            "transform_matrix": [
                [
                    -0.944092869758606,
                    0.20770986378192902,
                    -0.2558574974536896,
                    -1.0314370393753052
                ],
                [
                    -0.329549640417099,
                    -0.5950465202331543,
                    0.7329797744750977,
                    2.95485782623291
                ],
                [
                    1.4900523481742312e-08,
                    0.7763800621032715,
                    0.6302341818809509,
                    2.5406599044799805
                ],
                [
                    0.0,
                    0.0,
                    0.0,
                    1.0
                ]
            ]
        },
        {
            "file_path": "./train/r_19",
            "rotation": 0.06283185307179587,
            "transform_matrix": [
                [
                    0.08696144819259644,
                    0.7075596451759338,
                    -0.7012494802474976,
                    -2.8269436359405518
                ],
                [
                    -0.9961686730384827,
                    0.061767056584358215,
                    -0.06121620163321495,
                    -0.24678058922290802
                ],
                [
                    3.725130870435578e-09,
                    0.7039419412612915,
                    0.7102248072624207,
                    2.863125801086426
                ],
                [
                    0.0,
                    0.0,
                    0.0,
                    1.0
                ]
            ]
        },
        {
            "file_path": "./train/r_20",
            "rotation": 0.06283185307179587,
            "transform_matrix": [
                [
                    -0.8953520059585571,
                    0.23327481746673584,
                    -0.3792708218097687,
                    -1.5289528369903564
                ],
                [
                    -0.4452627897262573,
                    -0.4690782427787781,
                    0.7626528143882751,
                    3.0744788646698
                ],
                [
                    0.0,
                    0.8517853617668152,
                    0.5238621830940247,
                    2.1118435859680176
                ],
                [
                    0.0,
                    0.0,
                    0.0,
                    1.0
                ]
            ]
        },
        {
            "file_path": "./train/r_21",
            "rotation": 0.06283185307179587,
            "transform_matrix": [
                [
                    0.8509289026260376,
                    -0.3197178840637207,
                    0.4166806936264038,
                    1.6797630786895752
                ],
                [
                    0.5251989960670471,
                    0.5180078148841858,
                    -0.6751071810722351,
                    -2.7215569019317627
                ],
                [
                    0.0,
                    0.7933715581893921,
                    0.6087073683738708,
                    2.4538793563842773
                ],
                [
                    0.0,
                    0.0,
                    0.0,
                    1.0
                ]
            ]
        },
        {
            "file_path": "./train/r_22",
            "rotation": 0.06283185307179587,
            "transform_matrix": [
                [
                    0.24063029885292053,
                    0.4951731264591217,
                    -0.8347668051719666,
                    -3.365191698074341
                ],
                [
                    -0.9705726504325867,
                    0.12276635318994522,
                    -0.20696046948432922,
                    -0.8343188762664795
                ],
                [
                    7.450260852692736e-09,
                    0.8600709438323975,
                    0.5101461410522461,
                    2.0565500259399414
                ],
                [
                    0.0,
                    0.0,
                    0.0,
                    1.0
                ]
            ]
        },
        {
            "file_path": "./train/r_23",
            "rotation": 0.06283185307179587,
            "transform_matrix": [
                [
                    0.7968942523002625,
                    -0.4136027991771698,
                    0.4402499496936798,
                    1.7747776508331299
                ],
                [
                    0.6040476560592651,
                    0.5456483960151672,
                    -0.580802857875824,
                    -2.341387987136841
                ],
                [
                    0.0,
                    0.7288281917572021,
                    0.6846644878387451,
                    2.760084629058838
                ],
                [
                    0.0,
                    0.0,
                    0.0,
                    1.0
                ]
            ]
        },
        {
            "file_path": "./train/r_24",
            "rotation": 0.06283185307179587,
            "transform_matrix": [
                [
                    -0.913140594959259,
                    -0.12633374333381653,
                    0.38746604323387146,
                    1.5619902610778809
                ],
                [
                    0.40753957629203796,
                    -0.28306567668914795,
                    0.8681634664535522,
                    3.499823808670044
                ],
                [
                    7.450261296781946e-09,
                    0.9507384300231934,
                    0.3099668025970459,
                    1.2495677471160889
                ],
                [
                    0.0,
                    0.0,
                    0.0,
                    1.0
                ]
            ]
        },
        {
            "file_path": "./train/r_25",
            "rotation": 0.06283185307179587,
            "transform_matrix": [
                [
                    0.21384288370609283,
                    -0.9081270694732666,
                    0.3599357306957245,
                    1.4510071277618408
                ],
                [
                    0.976824164390564,
                    0.19880396127700806,
                    -0.07879585772752762,
                    -0.31764936447143555
                ],
                [
                    0.0,
                    0.36847302317619324,
                    0.929599404335022,
                    3.7474894523620605
                ],
                [
                    0.0,
                    0.0,
                    0.0,
                    1.0
                ]
            ]
        },
        {
            "file_path": "./train/r_26",
            "rotation": 0.06283185307179587,
            "transform_matrix": [
                [
                    -0.7255578637123108,
                    0.557896077632904,
                    -0.402810275554657,
                    -1.623847246170044
                ],
                [
                    -0.6880989074707031,
                    -0.5882669687271118,
                    0.4247386157512665,
                    1.7122467756271362
                ],
                [
                    1.4900523481742312e-08,
                    0.5853920578956604,
                    0.8107147812843323,
                    3.268230676651001
                ],
                [
                    0.0,
                    0.0,
                    0.0,
                    1.0
                ]
            ]
        },
        {
            "file_path": "./train/r_27",
            "rotation": 0.06283185307179587,
            "transform_matrix": [
                [
                    0.9922312498092651,
                    0.11331739276647568,
                    -0.050513993948698044,
                    -0.20363682508468628
                ],
                [
                    -0.12406251579523087,
                    0.9062934517860413,
                    -0.4040023982524872,
                    -1.6286530494689941
                ],
                [
                    3.725129982257158e-09,
                    0.40716278553009033,
                    0.9133169651031494,
                    3.6818504333496094
                ],
                [
                    0.0,
                    0.0,
                    0.0,
                    1.0
                ]
            ]
        },
        {
            "file_path": "./train/r_28",
            "rotation": 0.06283185307179587,
            "transform_matrix": [
                [
                    0.97134929895401,
                    0.06171948462724686,
                    -0.22931645810604095,
                    -0.9244424104690552
                ],
                [
                    -0.23747606575489044,
                    0.25245144963264465,
                    -0.9379739761352539,
                    -3.781250238418579
                ],
                [
                    0.0,
                    0.9656339287757874,
                    0.25987711548805237,
                    1.047641396522522
                ],
                [
                    0.0,
                    0.0,
                    0.0,
                    1.0
                ]
            ]
        },
        {
            "file_path": "./train/r_29",
            "rotation": 0.06283185307179587,
            "transform_matrix": [
                [
                    0.9800029397010803,
                    -0.0639275461435318,
                    0.18820761144161224,
                    0.7587205171585083
                ],
                [
                    0.19876724481582642,
                    0.3151886463165283,
                    -0.9279397130012512,
                    -3.7407991886138916
                ],
                [
                    7.450260852692736e-09,
                    0.9468682408332825,
                    0.32159459590911865,
                    1.2964428663253784
                ],
                [
                    0.0,
                    0.0,
                    0.0,
                    1.0
                ]
            ]
        },
        {
            "file_path": "./train/r_30",
            "rotation": 0.06283185307179587,
            "transform_matrix": [
                [
                    0.9850237369537354,
                    -0.13683632016181946,
                    0.10449682176113129,
                    0.42125755548477173
                ],
                [
                    0.17216940224170685,
                    0.7828744053840637,
                    -0.5978521704673767,
                    -2.410118579864502
                ],
                [
                    0.0,
                    0.6069378852844238,
                    0.7947141528129578,
                    3.2037277221679688
                ],
                [
                    0.0,
                    0.0,
                    0.0,
                    1.0
                ]
            ]
        },
        {
            "file_path": "./train/r_31",
            "rotation": 0.06283185307179587,
            "transform_matrix": [
                [
                    0.8492200970649719,
                    0.16108210384845734,
                    -0.502787172794342,
                    -2.026883602142334
                ],
                [
                    -0.5279579758644104,
                    0.25910043716430664,
                    -0.808732807636261,
                    -3.2602407932281494
                ],
                [
                    0.0,
                    0.9523179531097412,
                    0.305079847574234,
                    1.2298669815063477
                ],
                [
                    0.0,
                    0.0,
                    0.0,
                    1.0
                ]
            ]
        },
        {
            "file_path": "./train/r_32",
            "rotation": 0.06283185307179587,
            "transform_matrix": [
                [
                    -0.46465227007865906,
                    0.878217875957489,
                    -0.11315587908029556,
                    -0.45616471767425537
                ],
                [
                    -0.8854447603225708,
                    -0.46085983514785767,
                    0.05938047915697098,
                    0.23938022553920746
                ],
                [
                    0.0,
                    0.12779490649700165,
                    0.9917596578598022,
                    3.9980757236480713
                ],
                [
                    0.0,
                    0.0,
                    0.0,
                    1.0
                ]
            ]
        },
        {
            "file_path": "./train/r_33",
            "rotation": 0.06283185307179587,
            "transform_matrix": [
                [
                    -0.2550482153892517,
                    -0.2534138858318329,
                    0.9330882430076599,
                    3.761554479598999
                ],
                [
                    0.9668840765953064,
                    -0.06684643775224686,
                    0.24613341689109802,
                    0.9922364950180054
                ],
                [
                    -3.725130870435578e-09,
                    0.965040385723114,
                    0.2620726227760315,
                    1.0564920902252197
                ],
                [
                    0.0,
                    0.0,
                    0.0,
                    1.0
                ]
            ]
        },
        {
            "file_path": "./train/r_34",
            "rotation": 0.06283185307179587,
            "transform_matrix": [
                [
                    0.5586592555046082,
                    -0.17002558708190918,
                    0.8117325305938721,
                    3.2723336219787598
                ],
                [
                    0.8293455839157104,
                    0.11453168839216232,
                    -0.5467948317527771,
                    -2.204291343688965
                ],
                [
                    0.0,
                    0.9787563681602478,
                    0.20499549806118011,
                    0.8263973593711853
                ],
                [
                    0.0,
                    0.0,
                    0.0,
                    1.0
                ]
            ]
        },
        {
            "file_path": "./train/r_35",
            "rotation": 0.06283185307179587,
            "transform_matrix": [
                [
                    0.7967144250869751,
                    0.4838314652442932,
                    -0.3620573878288269,
                    -1.4595602750778198
                ],
                [
                    -0.604284942150116,
                    0.6379035115242004,
                    -0.47735151648521423,
                    -1.9243450164794922
                ],
                [
                    0.0,
                    0.5991461277008057,
                    0.8006043434143066,
                    3.2274727821350098
                ],
                [
                    0.0,
                    0.0,
                    0.0,
                    1.0
                ]
            ]
        },
        {
            "file_path": "./train/r_36",
            "rotation": 0.06283185307179587,
            "transform_matrix": [
                [
                    0.9100024700164795,
                    -0.12726138532161713,
                    0.3944821059703827,
                    1.5902739763259888
                ],
                [
                    0.41449958086013794,
                    0.2793927490711212,
                    -0.8660556077957153,
                    -3.491326093673706
                ],
                [
                    0.0,
                    0.9517006278038025,
                    0.3069998323917389,
                    1.2376071214675903
                ],
                [
                    0.0,
                    0.0,
                    0.0,
                    1.0
                ]
            ]
        },
        {
            "file_path": "./train/r_37",
            "rotation": 0.06283185307179587,
            "transform_matrix": [
                [
                    -0.5165766477584839,
                    -0.3667083978652954,
                    0.7736923098564148,
                    3.1189823150634766
                ],
                [
                    0.8561908006668091,
                    -0.22125092148780823,
                    0.4668017625808716,
                    1.881815791130066
                ],
                [
                    0.0,
                    0.9036387205123901,
                    0.4282682240009308,
                    1.7264758348464966
                ],
                [
                    0.0,
                    0.0,
                    0.0,
                    1.0
                ]
            ]
        },
        {
            "file_path": "./train/r_38",
            "rotation": 0.06283185307179587,
            "transform_matrix": [
                [
                    0.169355109333992,
                    -0.3795444071292877,
                    0.9095013737678528,
                    3.666468381881714
                ],
                [
                    0.9855114817619324,
                    0.06522276997566223,
                    -0.15629315376281738,
                    -0.6300638914108276
                ],
                [
                    0.0,
                    0.92286616563797,
                    0.3850937783718109,
                    1.5524266958236694
                ],
                [
                    0.0,
                    0.0,
                    0.0,
                    1.0
                ]
            ]
        },
        {
            "file_path": "./train/r_39",
            "rotation": 0.06283185307179587,
            "transform_matrix": [
                [
                    0.29496192932128906,
                    -0.8104228973388672,
                    0.5061391592025757,
                    2.0403964519500732
                ],
                [
                    0.9554640054702759,
                    0.25018617510795593,
                    -0.15625055134296417,
                    -0.629892110824585
                ],
                [
                    0.0,
                    0.5297276377677917,
                    0.8481310606002808,
                    3.419066905975342
                ],
                [
                    0.0,
                    0.0,
                    0.0,
                    1.0
                ]
            ]
        },
        {
            "file_path": "./train/r_40",
            "rotation": 0.06283185307179587,
            "transform_matrix": [
                [
                    -0.9014351963996887,
                    0.294063925743103,
                    -0.3175881803035736,
                    -1.2802917957305908
                ],
                [
                    -0.43281522393226624,
                    -0.612454354763031,
                    0.6614489555358887,
                    2.6664960384368896
                ],
                [
                    0.0,
                    0.7337683439254761,
                    0.6793676614761353,
                    2.738731861114502
                ],
                [
                    0.0,
                    0.0,
                    0.0,
                    1.0
                ]
            ]
        },
        {
            "file_path": "./train/r_41",
            "rotation": 0.06283185307179587,
            "transform_matrix": [
                [
                    -0.5690197348594666,
                    -0.4209291934967041,
                    0.7063742280006409,
                    2.8476030826568604
                ],
                [
                    0.8222718834877014,
                    -0.2912868857383728,
                    0.4888174831867218,
                    1.9705675840377808
                ],
                [
                    -1.4900524369920731e-08,
                    0.8590463995933533,
                    0.511869490146637,
                    2.0634970664978027
                ],
                [
                    0.0,
                    0.0,
                    0.0,
                    1.0
                ]
            ]
        },
        {
            "file_path": "./train/r_42",
            "rotation": 0.06283185307179587,
            "transform_matrix": [
                [
                    0.9989990592002869,
                    -0.030278939753770828,
                    0.03159724548459053,
                    0.12737782299518585
                ],
                [
                    0.043762169778347015,
                    0.6912050247192383,
                    -0.7212991714477539,
                    -2.9077701568603516
                ],
                [
                    0.0,
                    0.7220171689987183,
                    0.691842794418335,
                    2.78902268409729
                ],
                [
                    0.0,
                    0.0,
                    0.0,
                    1.0
                ]
            ]
        },
        {
            "file_path": "./train/r_43",
            "rotation": 0.06283185307179587,
            "transform_matrix": [
                [
                    -0.5642415285110474,
                    -0.17894959449768066,
                    0.8059325218200684,
                    3.2489521503448486
                ],
                [
                    0.8255578279495239,
                    -0.12230614572763443,
                    0.5508282780647278,
                    2.2205514907836914
                ],
                [
                    7.450260852692736e-09,
                    0.9762213826179504,
                    0.21674486994743347,
                    0.8737626075744629
                ],
                [
                    0.0,
                    0.0,
                    0.0,
                    1.0
                ]
            ]
        },
        {
            "file_path": "./train/r_44",
            "rotation": 0.06283185307179587,
