{
    "camera_angle_x": 0.6911112070083618,
    "frames": [
        {
            "file_path": "./train/r_0",
            "rotation": 0.06283185307179587,
            "transform_matrix": [
                [
                    0.5415859222412109,
                    0.3929024934768677,
                    -0.7431284189224243,
                    -2.9957704544067383
                ],
                [
                    -0.8405942916870117,
                    0.2531428933143616,
                    -0.47878971695899963,
                    -1.9301429986953735
                ],
                [
                    1.4900520817207052e-08,
                    0.8840454816818237,
                    0.46737322211265564,
                    1.8841197490692139
                ],
                [
                    0.0,
                    0.0,
                    0.0,
                    1.0
                ]
            ]
        },
        {
            "file_path": "./train/r_1",
            "rotation": 0.06283185307179587,
            "transform_matrix": [
                [
                    -0.4968847930431366,
                    -0.5196201801300049,
                    0.6950082182884216,
                    2.801783561706543
                ],
                [
                    0.8677669763565063,
                    -0.29753535985946655,
                    0.39796286821365356,
                    1.6043059825897217
                ],
                [
                    -2.9801043410770944e-08,
                    0.800910234451294,
                    0.5987541079521179,
                    2.41375470161438
                ],
                [
                    0.0,
                    0.0,
                    0.0,
                    1.0
                ]
            ]
        },
        {
            "file_path": "./train/r_2",
            "rotation": 0.06283185307179587,
            "transform_matrix": [
                [
                    -0.8065170645713806,
                    0.2885681390762329,
                    -0.5159263610839844,
                    -2.0798513889312744
                ],
                [
                    -0.5911382436752319,
                    -0.3937067985534668,
                    0.7039021253585815,
                    2.837637186050415
                ],
                [
                    0.0,
                    0.8727620244026184,
                    0.48811808228492737,
                    1.9677481651306152
                ],
                [
                    0.0,
                    0.0,
                    0.0,
                    1.0
                ]
            ]
        },
        {
            "file_path": "./train/r_3",
            "rotation": 0.06283185307179587,
            "transform_matrix": [
                [
                    0.6033060550689697,
                    0.6613907814025879,
                    -0.4455694258213043,
                    -1.7962220907211304
                ],
                [
                    -0.7974559664726257,
                    0.5003675222396851,
                    -0.337090402841568,
                    -1.358911156654358
                ],
                [
                    -1.4900522593563892e-08,
                    0.5587349534034729,
                    0.8293099999427795,
                    3.343194007873535
                ],
                [
                    0.0,
                    0.0,
                    0.0,
                    1.0
                ]
            ]
        },
        {
            "file_path": "./train/r_4",
            "rotation": 0.06283185307179587,
            "transform_matrix": [
                [
                    0.8831624388694763,
                    -0.2634987533092499,
                    0.3879593312740326,
                    1.563978672027588
                ],
                [
                    0.4689757823944092,
                    0.4962136745452881,
                    -0.7305945158004761,
                    -2.945242166519165
                ],
                [
                    1.4900520817207052e-08,
                    0.8272427320480347,
                    0.5618155002593994,
                    2.2648441791534424
                ],
                [
                    0.0,
                    0.0,
                    0.0,
                    1.0
                ]
            ]
        },
        {
            "file_path": "./train/r_5",
            "rotation": 0.06283185307179587,
            "transform_matrix": [
                [
                    0.8967422246932983,
                    -0.36407703161239624,
                    0.25144752860069275,
                    1.0136593580245972
                ],
                [
                    0.44245651364326477,
                    0.7378877401351929,
                    -0.5096176266670227,
                    -2.0544192790985107
                ],
                [
                    1.4900525258099151e-08,
                    0.5682951807975769,
                    0.8227887749671936,
                    3.3169045448303223
                ],
                [
                    0.0,
                    0.0,
                    0.0,
                    1.0
                ]
            ]
        },
        {
            "file_path": "./train/r_6",
            "rotation": 0.06283185307179587,
            "transform_matrix": [
                [
                    0.9242714643478394,
                    -0.3148258626461029,
                    0.21570518612861633,
                    0.869571328163147
                ],
                [
                    0.3816233277320862,
                    0.7624915242195129,
                    -0.5224264860153198,
                    -2.106055498123169
                ],
                [
                    -1.4900520817207052e-08,
                    0.5652269124984741,
                    0.8248994946479797,
                    3.325413703918457
                ],
                [
                    0.0,
                    0.0,
                    0.0,
                    1.0
                ]
            ]
        },
        {
            "file_path": "./train/r_7",
            "rotation": 0.06283185307179587,
            "transform_matrix": [
                [
                    0.9522499442100525,
                    0.12923745810985565,
                    -0.27646583318710327,
                    -1.1145154237747192
                ],
                [
                    -0.3051788806915283,
                    0.4032597243785858,
                    -0.8626565337181091,
                    -3.477623462677002
                ],
                [
                    7.450261296781946e-09,
                    0.905907928943634,
                    0.4234474301338196,
                    1.7070417404174805
                ],
                [
                    0.0,
                    0.0,
                    0.0,
                    1.0
                ]
            ]
        },
        {
            "file_path": "./train/r_8",
            "rotation": 0.06283185307179587,
            "transform_matrix": [
                [
                    0.5104751586914062,
                    -0.39480721950531006,
                    0.7638522386550903,
                    3.0793139934539795
                ],
                [
                    0.8598425388336182,
                    0.23439089953899384,
                    -0.45348718762397766,
                    -1.8281408548355103
                ],
                [
                    1.4900520817207052e-08,
                    0.8883569836616516,
                    0.4591257870197296,
                    1.8508716821670532
                ],
                [
                    0.0,
                    0.0,
                    0.0,
                    1.0
                ]
            ]
        },
        {
            "file_path": "./train/r_9",
            "rotation": 0.06283185307179587,
            "transform_matrix": [
                [
                    -0.7439191937446594,
                    0.6435953974723816,
                    -0.1797628104686737,
                    -0.7246769666671753
                ],
                [
                    -0.6682053208351135,
                    -0.7165207862854004,
                    0.2001316249370575,
                    0.8067896962165833
                ],
                [
                    0.0,
                    0.26902154088020325,
                    0.9630939960479736,
                    3.882516384124756
                ],
                [
                    0.0,
                    0.0,
                    0.0,
                    1.0
                ]
            ]
        },
        {
            "file_path": "./train/r_10",
            "rotation": 0.06283185307179587,
            "transform_matrix": [
                [
                    0.7812069058418274,
                    -0.5411764979362488,
                    0.3110955059528351,
                    1.2541179656982422
                ],
                [
                    0.6242033839225769,
                    0.6772965788841248,
                    -0.3893442153930664,
                    -1.5695616006851196
                ],
                [
                    0.0,
                    0.49838483333587646,
                    0.8669186234474182,
                    3.494805335998535
                ],
                [
                    0.0,
                    0.0,
                    0.0,
                    1.0
                ]
            ]
        },
        {
            "file_path": "./train/r_11",
            "rotation": 0.06283185307179587,
            "transform_matrix": [
                [
                    0.2780802845954895,
                    -0.9113515019416809,
                    0.30345863103866577,
                    1.2233314514160156
                ],
                [
                    0.9605131149291992,
                    0.26384738087654114,
                    -0.08785498142242432,
                    -0.35416939854621887
                ],
                [
                    0.0,
                    0.3159317076206207,
                    0.948742151260376,
                    3.824660062789917
                ],
                [
                    0.0,
                    0.0,
                    0.0,
                    1.0
                ]
            ]
        },
        {
            "file_path": "./train/r_12",
            "rotation": 0.06283185307179587,
            "transform_matrix": [
                [
                    -0.42490294575691223,
                    0.5437062382698059,
                    -0.7237260341644287,
                    -2.917553424835205
                ],
                [
                    -0.9051915407180786,
                    -0.25521934032440186,
                    0.33972182869911194,
                    1.3695189952850342
                ],
                [
                    0.0,
                    0.7995226979255676,
                    0.6006056666374207,
                    2.4212188720703125
                ],
                [
                    0.0,
                    0.0,
                    0.0,
                    1.0
                ]
            ]
        },
        {
            "file_path": "./train/r_13",
            "rotation": 0.06283185307179587,
            "transform_matrix": [
                [
                    0.9977896213531494,
                    0.04640359804034233,
                    -0.04665650799870491,
                    -0.18808616697788239
                ],
                [
                    -0.06580237299203873,
                    0.7036375999450684,
                    -0.7074726223945618,
                    -2.8520309925079346
                ],
                [
                    0.0,
                    0.7090351581573486,
                    0.7051404714584351,
                    2.8426296710968018
                ],
                [
                    0.0,
                    0.0,
                    0.0,
                    1.0
                ]
            ]
        },
        {
            "file_path": "./train/r_14",
            "rotation": 0.06283185307179587,
            "transform_matrix": [
                [
                    0.801286518573761,
                    0.3754117786884308,
                    -0.46575888991355896,
                    -1.8776116371154785
                ],
                [
                    -0.5982089638710022,
                    0.5028550624847412,
                    -0.6238728165626526,
                    -2.5150156021118164
                ],
                [
                    1.4900521705385472e-08,
                    0.7785837650299072,
                    0.6275099515914917,
                    2.5296778678894043
                ],
                [
                    0.0,
                    0.0,
                    0.0,
                    1.0
                ]
            ]
        },
        {
            "file_path": "./train/r_15",
            "rotation": 0.06283185307179587,
            "transform_matrix": [
                [
                    -0.6187304854393005,
                    0.7718160152435303,
                    -0.14639590680599213,
                    -0.5901651382446289
                ],
                [
                    -0.7855486869812012,
                    -0.6079141497612,
                    0.11530747264623642,
                    0.4648384749889374
                ],
                [
                    7.450261296781946e-09,
                    0.18636003136634827,
                    0.982440710067749,
                    3.9605088233947754
                ],
                [
                    0.0,
                    0.0,
                    0.0,
                    1.0
                ]
            ]
        },
        {
            "file_path": "./train/r_16",
            "rotation": 0.06283185307179587,
            "transform_matrix": [
                [
                    -0.9075765609741211,
                    0.37708580493927,
                    -0.18448886275291443,
                    -0.7437291145324707
                ],
                [
                    -0.4197843670845032,
                    -0.815261960029602,
                    0.3988661468029022,
                    1.6079472303390503
                ],
                [
                    0.0,
                    0.4394819140434265,
                    0.898213267326355,
                    3.6209628582000732
                ],
                [
                    0.0,
                    0.0,
                    0.0,
                    1.0
                ]
            ]
        },
        {
            "file_path": "./train/r_17",
            "rotation": 0.06283185307179587,
            "transform_matrix": [
                [
                    -0.01247947197407484,
                    0.5996717810630798,
                    -0.8001134395599365,
                    -3.2254934310913086
                ],
                [
                    -0.9998790621757507,
                    -0.007484493311494589,
                    0.009986202232539654,
                    0.040257327258586884
                ],
                [
                    0.0,
                    0.8002047538757324,
                    0.5996967554092407,
                    2.4175546169281006
                ],
                [
                    0.0,
                    0.0,
                    0.0,
                    1.0
                ]
            ]
        },
        {
            "file_path": "./train/r_18",
            "rotation": 0.06283185307179587,
            "transform_matrix": [
                [
                    -0.8497928380966187,
                    0.1440715193748474,
                    -0.5069636106491089,
                    -2.043720006942749
                ],
                [
                    -0.5270354151725769,
                    -0.23230117559432983,
                    0.8174290060997009,
                    3.295297861099243
                ],
                [
                    7.450261296781946e-09,
                    0.9619093537330627,
                    0.27334046363830566,
                    1.1019161939620972
                ],
                [
                    0.0,
                    0.0,
                    0.0,
                    1.0
                ]
            ]
        },
        {
            "file_path": "./train/r_19",
            "rotation": 0.06283185307179587,
            "transform_matrix": [
                [
                    -0.9987013936042786,
                    -0.036005064845085144,
                    0.03483462706208229,
                    0.14042867720127106
                ],
                [
                    0.05009705200791359,
                    -0.7177730202674866,
                    0.6944399476051331,
                    2.799492597579956
                ],
                [
                    0.0,
                    0.6953383088111877,
                    0.7186494469642639,
                    2.8970882892608643
                ],
                [
                    0.0,
                    0.0,
                    0.0,
                    1.0
                ]
            ]
        },
        {
            "file_path": "./train/r_20",
            "rotation": 0.06283185307179587,
            "transform_matrix": [
                [
                    -0.6405394077301025,
                    -0.47992900013923645,
                    0.5994248390197754,
                    2.41645884513855
                ],
                [
                    0.7678695321083069,
                    -0.40034595131874084,
                    0.5000266432762146,
                    2.0157554149627686
                ],
                [
                    0.0,
                    0.7806287407875061,
                    0.6249643564224243,
                    2.519416332244873
                ],
                [
                    0.0,
                    0.0,
                    0.0,
                    1.0
                ]
            ]
        },
        {
            "file_path": "./train/r_21",
            "rotation": 0.06283185307179587,
            "transform_matrix": [
                [
                    0.5883271098136902,
                    -0.12680068612098694,
                    0.7985675930976868,
                    3.219261884689331
                ],
                [
                    0.8085699081420898,
                    0.09226201474666595,
                    -0.5810492634773254,
                    -2.342381238937378
                ],
                [
                    -7.450259964514316e-09,
                    0.9876230955123901,
                    0.1568084955215454,
                    0.6321414113044739
                ],
                [
                    0.0,
                    0.0,
                    0.0,
                    1.0
                ]
            ]
        },
        {
            "file_path": "./train/r_22",
            "rotation": 0.06283185307179587,
            "transform_matrix": [
                [
                    -0.8535948395729065,
                    0.3205554783344269,
                    -0.41053932905197144,
                    -1.6550053358078003
                ],
                [
                    -0.5208550691604614,
                    -0.5253370404243469,
                    0.672805666923523,
                    2.712278366088867
                ],
                [
                    0.0,
                    0.7881973385810852,
                    0.6153920888900757,
                    2.4808273315429688
                ],
                [
                    0.0,
                    0.0,
                    0.0,
                    1.0
                ]
            ]
        },
        {
            "file_path": "./train/r_23",
            "rotation": 0.06283185307179587,
            "transform_matrix": [
                [
                    -0.051778215914964676,
                    -0.6122177839279175,
                    0.788956880569458,
                    3.180518388748169
                ],
                [
                    0.9986157417297363,
                    -0.03174348548054695,
                    0.04090740531682968,
                    0.16490983963012695
                ],
                [
                    0.0,
                    0.7900453209877014,
                    0.6130179166793823,
                    2.4712564945220947
                ],
                [
                    0.0,
                    0.0,
                    0.0,
                    1.0
                ]
            ]
        },
        {
            "file_path": "./train/r_24",
            "rotation": 0.06283185307179587,
            "transform_matrix": [
                [
                    -0.700238049030304,
                    0.19181375205516815,
                    -0.6875991225242615,
                    -2.7719154357910156
                ],
                [
                    -0.7138493061065674,
                    -0.1881563514471054,
                    0.6744884252548218,
                    2.719062089920044
                ],
                [
                    0.0,
                    0.9632208943367004,
                    0.2686821520328522,
                    1.083137035369873
                ],
                [
                    0.0,
                    0.0,
                    0.0,
                    1.0
                ]
            ]
        },
        {
            "file_path": "./train/r_25",
            "rotation": 0.06283185307179587,
            "transform_matrix": [
                [
                    0.9327207803726196,
                    0.184495747089386,
                    -0.3096940815448761,
                    -1.248468279838562
                ],
                [
                    -0.36048051714897156,
                    0.4773711860179901,
                    -0.8013139963150024,
                    -3.2303333282470703
                ],
                [
                    1.4900521705385472e-08,
                    0.8591089248657227,
                    0.5117645263671875,
                    2.0630738735198975
                ],
                [
                    0.0,
                    0.0,
                    0.0,
                    1.0
                ]
            ]
        },
        {
            "file_path": "./train/r_26",
            "rotation": 0.06283185307179587,
            "transform_matrix": [
                [
                    0.8238043189048767,
                    -0.37987974286079407,
                    0.4206703305244446,
                    1.6958463191986084
                ],
                [
                    0.5667985677719116,
                    0.5521301627159119,
                    -0.6114165782928467,
                    -2.4648005962371826
                ],
                [
                    0.0,
                    0.7421817183494568,
                    0.6701669692993164,
                    2.7016408443450928
                ],
                [
                    0.0,
                    0.0,
                    0.0,
                    1.0
                ]
            ]
        },
        {
            "file_path": "./train/r_27",
            "rotation": 0.06283185307179587,
            "transform_matrix": [
                [
                    0.8218017220497131,
                    -0.3330872058868408,
                    0.46218833327293396,
                    1.863217830657959
                ],
                [
                    0.5696981549263,
                    0.48048534989356995,
                    -0.6667165160179138,
                    -2.6877312660217285
                ],
                [
                    1.4900520817207052e-08,
                    0.8112809658050537,
                    0.5846267342567444,
                    2.3568029403686523
                ],
                [
                    0.0,
                    0.0,
                    0.0,
                    1.0
                ]
            ]
        },
        {
            "file_path": "./train/r_28",
            "rotation": 0.06283185307179587,
            "transform_matrix": [
                [
                    -0.5591017007827759,
                    -0.15405118465423584,
                    0.8146113157272339,
                    3.2839391231536865
                ],
                [
                    0.8290473818778992,
                    -0.10389066487550735,
                    0.5493661761283875,
                    2.2146575450897217
                ],
                [
                    7.450261296781946e-09,
                    0.9825807213783264,
                    0.1858024001121521,
                    0.7490243911743164
                ],
                [
                    0.0,
                    0.0,
                    0.0,
                    1.0
                ]
            ]
        },
        {
            "file_path": "./train/r_29",
            "rotation": 0.06283185307179587,
            "transform_matrix": [
                [
                    0.9109218716621399,
                    -0.27699264883995056,
                    0.30564117431640625,
                    1.2321299314498901
                ],
                [
                    0.4124746322631836,
                    0.6117191910743713,
                    -0.6749875545501709,
                    -2.721074342727661
                ],
                [
                    0.0,
                    0.7409889101982117,
                    0.6714853644371033,
                    2.706955909729004
                ],
                [
                    0.0,
                    0.0,
                    0.0,
                    1.0
                ]
            ]
        },
        {
            "file_path": "./train/r_30",
            "rotation": 0.06283185307179587,
            "transform_matrix": [
                [
                    0.31300637125968933,
                    0.9457367062568665,
                    -0.08712726831436157,
                    -0.3512357473373413
                ],
                [
                    -0.9497058987617493,
                    0.31169822812080383,
                    -0.028715619817376137,
                    -0.11576114594936371
                ],
                [
                    -1.862565435217789e-09,
                    0.09174039214849472,
                    0.9957417249679565,
                    4.014129161834717
                ],
                [
                    0.0,
                    0.0,
                    0.0,
                    1.0
                ]
            ]
        },
        {
            "file_path": "./train/r_31",
            "rotation": 0.06283185307179587,
            "transform_matrix": [
                [
                    0.1553303301334381,
                    0.5107585787773132,
                    -0.8455378413200378,
                    -3.4086132049560547
                ],
                [
                    -0.9878193140029907,
                    0.08031459897756577,
                    -0.13295720517635345,
                    -0.5359898209571838
                ],
                [
                    0.0,
                    0.8559586405754089,
                    0.5170157551765442,
                    2.0842435359954834
                ],
                [
                    0.0,
                    0.0,
                    0.0,
                    1.0
                ]
            ]
        },
        {
            "file_path": "./train/r_32",
            "rotation": 0.06283185307179587,
            "transform_matrix": [
                [
                    0.8787598013877869,
                    -0.38775455951690674,
                    0.27812498807907104,
                    1.121203899383545
                ],
                [
                    0.4771744906902313,
                    0.7140849828720093,
                    -0.5121922492980957,
                    -2.06479811668396
                ],
                [
                    0.0,
                    0.582854151725769,
                    0.8125411868095398,
                    3.2755932807922363
                ],
                [
                    0.0,
                    0.0,
                    0.0,
                    1.0
                ]
            ]
        },
        {
            "file_path": "./train/r_33",
            "rotation": 0.06283185307179587,
            "transform_matrix": [
                [
                    -0.9668974876403809,
                    0.13978183269500732,
                    -0.21327516436576843,
                    -0.859775185585022
                ],
                [
                    -0.2549973428249359,
                    -0.5300239324569702,
                    0.8086955547332764,
                    3.2600905895233154
                ],
                [
                    7.450261740871156e-09,
                    0.836376428604126,
                    0.5481263995170593,
                    2.2096595764160156
                ],
                [
                    0.0,
                    0.0,
                    0.0,
                    1.0
                ]
            ]
        },
        {
            "file_path": "./train/r_34",
            "rotation": 0.06283185307179587,
            "transform_matrix": [
                [
                    0.9698717594146729,
                    -0.14007139205932617,
                    0.19910958409309387,
                    0.8026695251464844
                ],
                [
                    0.2434399127960205,
                    0.5580484867095947,
                    -0.7932583689689636,
                    -3.1978585720062256
                ],
                [
                    0.0,
                    0.8178948163986206,
                    0.5753382444381714,
                    2.3193583488464355
                ],
                [
                    0.0,
                    0.0,
                    0.0,
                    1.0
                ]
            ]
        },
        {
            "file_path": "./train/r_35",
            "rotation": 0.06283185307179587,
            "transform_matrix": [
                [
                    0.9116235971450806,
                    -0.2808128297328949,
                    0.3000119924545288,
                    1.2094370126724243
                ],
                [
                    0.4109219014644623,
                    0.622978687286377,
                    -0.6655717492103577,
                    -2.6831161975860596
                ],
                [
                    0.0,
                    0.7300901412963867,
                    0.6833186745643616,
                    2.754659652709961
                ],
                [
                    0.0,
                    0.0,
                    0.0,
                    1.0
                ]
            ]
        },
        {
            "file_path": "./train/r_36",
            "rotation": 0.06283185307179587,
            "transform_matrix": [
                [
                    -0.7545754313468933,
                    -0.14684952795505524,
                    0.6395062208175659,
                    2.578038454055786
                ],
                [
                    0.6561478972434998,
                    -0.16887816786766052,
                    0.7354373931884766,
                    2.9647655487060547
                ],
                [
                    -7.450260408603526e-09,
                    0.9746308326721191,
                    0.2237878143787384,
                    0.902154803276062
                ],
                [
                    0.0,
                    0.0,
                    0.0,
                    1.0
                ]
            ]
        },
        {
            "file_path": "./train/r_37",
            "rotation": 0.06283185307179587,
            "transform_matrix": [
                [
                    -0.6474505662918091,
                    -0.6741256713867188,
                    0.3554030954837799,
                    1.4327349662780762
                ],
                [
                    0.7620511651039124,
                    -0.5727477073669434,
                    0.30195602774620056,
                    1.2172740697860718
                ],
                [
                    0.0,
                    0.466374009847641,
                    0.8845499753952026,
                    3.5658822059631348
                ],
                [
                    0.0,
                    0.0,
                    0.0,
                    1.0
                ]
            ]
        },
        {
            "file_path": "./train/r_38",
            "rotation": 0.06283185307179587,
            "transform_matrix": [
                [
                    0.7380818128585815,
                    0.5512574315071106,
                    -0.388957679271698,
                    -1.5680034160614014
                ],
                [
                    -0.6746475696563721,
                    0.6030898690223694,
                    -0.42552974820137024,
                    -1.715436339378357
                ],
                [
                    -1.4900520817207052e-08,
                    0.5765307545661926,
                    0.8170394897460938,
                    3.2937278747558594
                ],
                [
                    0.0,
                    0.0,
                    0.0,
                    1.0
                ]
            ]
        },
        {
            "file_path": "./train/r_39",
            "rotation": 0.06283185307179587,
            "transform_matrix": [
                [
                    -0.9171012043952942,
                    0.1705775111913681,
                    -0.360202431678772,
                    -1.4520823955535889
                ],
                [
                    -0.3985472321510315,
                    -0.39251771569252014,
                    0.8288655877113342,
                    3.341402053833008
                ],
                [
                    0.0,
                    0.903782844543457,
                    0.42796435952186584,
                    1.7252507209777832
                ],
                [
                    0.0,
                    0.0,
                    0.0,
                    1.0
                ]
            ]
        },
        {
            "file_path": "./train/r_40",
            "rotation": 0.06283185307179587,
            "transform_matrix": [
                [
                    0.48404479026794434,
                    0.8391014933586121,
                    -0.24814696609973907,
                    -1.0003536939620972
                ],
                [
                    -0.8749940991401672,
                    0.4641890525817871,
                    -0.1372743397951126,
                    -0.5533933639526367
                ],
                [
                    7.450260408603526e-09,
                    0.28359660506248474,
                    0.9589036107063293,
                    3.865623712539673
                ],
                [
                    0.0,
                    0.0,
                    0.0,
                    1.0
                ]
            ]
        },
        {
            "file_path": "./train/r_41",
            "rotation": 0.06283185307179587,
            "transform_matrix": [
                [
                    -0.9695158004760742,
                    0.17669445276260376,
                    -0.16951361298561096,
                    -0.6833594441413879
                ],
                [
                    -0.24485372006893158,
                    -0.6996343731880188,
                    0.6712012887001038,
                    2.705810785293579
                ],
                [
                    -7.450261740871156e-09,
                    0.6923011541366577,
                    0.7215755581855774,
                    2.908884286880493
                ],
                [
                    0.0,
                    0.0,
                    0.0,
                    1.0
                ]
            ]
        },
        {
            "file_path": "./train/r_42",
            "rotation": 0.06283185307179587,
            "transform_matrix": [
                [
                    0.5071356892585754,
                    0.14216214418411255,
                    -0.8500125408172607,
                    -3.4266517162323
                ],
                [
                    -0.8618164658546448,
                    0.08365529030561447,
                    -0.5001896619796753,
                    -2.0164124965667725
                ],
                [
                    0.0,
                    0.9862969517707825,
                    0.16494335234165192,
                    0.6649353504180908
                ],
                [
                    0.0,
                    0.0,
                    0.0,
                    1.0
                ]
            ]
        },
        {
            "file_path": "./train/r_43",
            "rotation": 0.06283185307179587,
            "transform_matrix": [
                [
                    0.8738096356391907,
                    -0.29066523909568787,
                    0.3897326588630676,
                    1.5711274147033691
                ],
                [
                    0.4861799478530884,
                    0.5224117040634155,
                    -0.7004652619361877,
                    -2.823782205581665
                ],
                [
                    0.0,
                    0.801616907119751,
                    0.5978079438209534,
                    2.409940481185913
                ],
                [
                    0.0,
                    0.0,
                    0.0,
                    1.0
                ]
            ]
        },
        {
            "file_path": "./train/r_44",
