{
    "camera_angle_x": 0.6911112070083618,
    "frames": [
        {
            "file_path": "./train/r_0",
            "rotation": 0.06283185307179587,
            "transform_matrix": [
                [
                    -0.9183735251426697,
                    0.16274526715278625,
                    -0.36058399081230164,
                    -1.4536206722259521
                ],
                [
                    -0.39560645818710327,
                    -0.3778021037578583,
                    0.8370712995529175,
                    3.374481678009033
                ],
                [
                    0.0,
                    0.9114654660224915,
                    0.41134923696517944,
                    1.658270239830017
                ],
                [
                    0.0,
                    0.0,
                    0.0,
                    1.0
                ]
            ]
        },
        {
            "file_path": "./train/r_1",
            "rotation": 0.06283185307179587,
            "transform_matrix": [
                [
                    -0.09116771817207336,
                    0.3881417214870453,
                    -0.9170401692390442,
                    -3.6968600749969482
                ],
                [
                    -0.9957925081253052,
                    -0.03553551062941551,
                    0.0839577168226242,
                    0.3384583592414856
                ],
                [
                    -3.725130870435578e-09,
                    0.9209088683128357,
                    0.3897508978843689,
                    1.571200966835022
                ],
                [
                    0.0,
                    0.0,
                    0.0,
                    1.0
                ]
            ]
        },
        {
            "file_path": "./train/r_2",
            "rotation": 0.06283185307179587,
            "transform_matrix": [
                [
                    -0.15328823029994965,
                    0.2954332232475281,
                    -0.9429451823234558,
                    -3.801290512084961
                ],
                [
                    -0.9881381392478943,
                    -0.04583006352186203,
                    0.1462775319814682,
                    0.5896879434585571
                ],
                [
                    7.450261740871156e-09,
                    0.9542580842971802,
                    0.298956036567688,
                    1.205180048942566
                ],
                [
                    0.0,
                    0.0,
                    0.0,
                    1.0
                ]
            ]
        },
        {
            "file_path": "./train/r_3",
            "rotation": 0.06283185307179587,
            "transform_matrix": [
                [
                    -0.8639970421791077,
                    -0.06260834634304047,
                    0.4995043873786926,
                    2.0136494636535645
                ],
                [
                    0.5034116506576538,
                    -0.10745366662740707,
                    0.8572911024093628,
                    3.455993175506592
                ],
                [
                    0.0,
                    0.9922318458557129,
                    0.12435825169086456,
                    0.5013247728347778
                ],
                [
                    0.0,
                    0.0,
                    0.0,
                    1.0
                ]
            ]
        },
        {
            "file_path": "./train/r_4",
            "rotation": 0.06283185307179587,
            "transform_matrix": [
                [
                    0.9086852073669434,
                    0.3643243610858917,
                    -0.2036745846271515,
                    -0.8210724592208862
                ],
                [
                    -0.4173791706562042,
                    0.793178379535675,
                    -0.4434243142604828,
                    -1.7875744104385376
                ],
                [
                    0.0,
                    0.4879814386367798,
                    0.8728166222572327,
                    3.5185818672180176
                ],
                [
                    0.0,
                    0.0,
                    0.0,
                    1.0
                ]
            ]
        },
        {
            "file_path": "./train/r_5",
            "rotation": 0.06283185307179587,
            "transform_matrix": [
                [
                    0.6332024931907654,
                    0.4822966158390045,
                    -0.6052913069725037,
                    -2.440108060836792
                ],
                [
                    -0.7739308476448059,
                    0.3945978283882141,
                    -0.4952276647090912,
                    -1.9964089393615723
                ],
                [
                    0.0,
                    0.7820948362350464,
                    0.6231286525726318,
                    2.5120158195495605
                ],
                [
                    0.0,
                    0.0,
                    0.0,
                    1.0
                ]
            ]
        },
        {
            "file_path": "./train/r_6",
            "rotation": 0.06283185307179587,
            "transform_matrix": [
                [
                    -0.21811680495738983,
                    -0.8143575191497803,
                    0.5377846360206604,
                    2.16796875
                ],
                [
                    0.9758787155151367,
                    -0.18201547861099243,
                    0.12019921839237213,
                    0.4845585525035858
                ],
                [
                    0.0,
                    0.5510737895965576,
                    0.8344202637672424,
                    3.3637945652008057
                ],
                [
                    0.0,
                    0.0,
                    0.0,
                    1.0
                ]
            ]
        },
        {
            "file_path": "./train/r_7",
            "rotation": 0.06283185307179587,
            "transform_matrix": [
                [
                    -0.1065358817577362,
                    0.9170465469360352,
                    -0.3842579424381256,
                    -1.5490570068359375
                ],
                [
                    -0.9942656755447388,
                    -0.09826183319091797,
                    0.04117336496710777,
                    0.1659819781780243
                ],
                [
                    0.0,
                    0.38647133111953735,
                    0.9222625494003296,
                    3.717912197113037
                ],
                [
                    0.0,
                    0.0,
                    0.0,
                    1.0
                ]
            ]
        },
        {
            "file_path": "./train/r_8",
            "rotation": 0.06283185307179587,
            "transform_matrix": [
                [
                    -0.8467071056365967,
                    -0.4228428602218628,
                    0.32282963395118713,
                    1.3014215230941772
                ],
                [
                    0.5319786071777344,
                    -0.673004686832428,
                    0.5138217210769653,
                    2.071367025375366
                ],
                [
                    -1.4900521705385472e-08,
                    0.6068429350852966,
                    0.7947865724563599,
                    3.20401930809021
                ],
                [
                    0.0,
                    0.0,
                    0.0,
                    1.0
                ]
            ]
        },
        {
            "file_path": "./train/r_9",
            "rotation": 0.06283185307179587,
            "transform_matrix": [
                [
                    -0.8043781518936157,
                    -0.17364835739135742,
                    0.5681016445159912,
                    2.2901856899261475
                ],
                [
                    0.5940454006195068,
                    -0.23513175547122955,
                    0.7692486047744751,
                    3.1010682582855225
                ],
                [
                    0.0,
                    0.9563207626342773,
                    0.2922917604446411,
                    1.178314447402954
                ],
                [
                    0.0,
                    0.0,
                    0.0,
                    1.0
                ]
            ]
        },
        {
            "file_path": "./train/r_10",
            "rotation": 0.06283185307179587,
            "transform_matrix": [
                [
                    0.34514614939689636,
                    -0.4953920543193817,
                    0.7971170544624329,
                    3.213414192199707
                ],
                [
                    0.9385032057762146,
                    0.1821865439414978,
                    -0.2931496500968933,
                    -1.1817728281021118
                ],
                [
                    1.4900522593563892e-08,
                    0.8493435978889465,
                    0.5278116464614868,
                    2.1277644634246826
                ],
                [
                    0.0,
                    0.0,
                    0.0,
                    1.0
                ]
            ]
        },
        {
            "file_path": "./train/r_11",
            "rotation": 0.06283185307179587,
            "transform_matrix": [
                [
                    -0.3901106119155884,
                    0.9046263098716736,
                    -0.17158441245555878,
                    -0.6917074918746948
                ],
                [
                    -0.9207214713096619,
                    -0.383291095495224,
                    0.07270049303770065,
                    0.29307717084884644
                ],
                [
                    0.0,
                    0.1863573044538498,
                    0.982441246509552,
                    3.9605109691619873
                ],
                [
                    0.0,
                    0.0,
                    0.0,
                    1.0
                ]
            ]
        },
        {
            "file_path": "./train/r_12",
            "rotation": 0.06283185307179587,
            "transform_matrix": [
                [
                    -0.6724560856819153,
                    0.41797059774398804,
                    -0.610763430595398,
                    -2.462167978286743
                ],
                [
                    -0.7400790452957153,
                    -0.37977954745292664,
                    0.5549564361572266,
                    2.2371933460235596
                ],
                [
                    0.0,
                    0.8252623677253723,
                    0.564720094203949,
                    2.2765536308288574
                ],
                [
                    0.0,
                    0.0,
                    0.0,
                    1.0
                ]
            ]
        },
        {
            "file_path": "./train/r_13",
            "rotation": 0.06283185307179587,
            "transform_matrix": [
                [
                    0.7745135426521301,
                    0.4921617805957794,
                    -0.39728909730911255,
                    -1.6015897989273071
                ],
                [
                    -0.6324895024299622,
                    0.6026754975318909,
                    -0.4864993989467621,
                    -1.9612228870391846
                ],
                [
                    -1.4900522593563892e-08,
                    0.6281312704086304,
                    0.7780725359916687,
                    3.1366405487060547
                ],
                [
                    0.0,
                    0.0,
                    0.0,
                    1.0
                ]
            ]
        },
        {
            "file_path": "./train/r_14",
            "rotation": 0.06283185307179587,
            "transform_matrix": [
                [
                    0.9640244841575623,
                    0.0402582511305809,
                    -0.26258420944213867,
                    -1.0585545301437378
                ],
                [
                    -0.26565173268318176,
                    0.14609332382678986,
                    -0.9528927803039551,
                    -3.8413922786712646
                ],
                [
                    3.725130204301763e-09,
                    0.9884462356567383,
                    0.15153321623802185,
                    0.6108751893043518
                ],
                [
                    0.0,
                    0.0,
                    0.0,
                    1.0
                ]
            ]
        },
        {
            "file_path": "./train/r_15",
            "rotation": 0.06283185307179587,
            "transform_matrix": [
                [
                    0.3743877708911896,
                    -0.3818500339984894,
                    0.844956636428833,
                    3.4062700271606445
                ],
                [
                    0.9272259473800659,
                    0.15418033301830292,
                    -0.3411697447299957,
                    -1.3753561973571777
                ],
                [
                    0.0,
                    0.9112677574157715,
                    0.4117871820926666,
                    1.6600359678268433
                ],
                [
                    0.0,
                    0.0,
                    0.0,
                    1.0
                ]
            ]
        },
        {
            "file_path": "./train/r_16",
            "rotation": 0.06283185307179587,
            "transform_matrix": [
                [
                    0.8238903284072876,
                    0.28984880447387695,
                    -0.4869433343410492,
                    -1.9630125761032104
                ],
                [
                    -0.5666736960411072,
                    0.4214129149913788,
                    -0.7079698443412781,
                    -2.8540356159210205
                ],
                [
                    0.0,
                    0.8592954874038696,
                    0.5114510655403137,
                    2.0618104934692383
                ],
                [
                    0.0,
                    0.0,
                    0.0,
                    1.0
                ]
            ]
        },
        {
            "file_path": "./train/r_17",
            "rotation": 0.06283185307179587,
            "transform_matrix": [
                [
                    0.009063011966645718,
                    0.6112917065620422,
                    -0.791318416595459,
                    -3.1900382041931152
                ],
                [
                    -0.9999160766601562,
                    0.005540609359741211,
                    -0.0071723307482898235,
                    -0.02891378477215767
                ],
                [
                    4.6564135880444724e-10,
                    0.7913796901702881,
                    0.6112945675849915,
                    2.4643092155456543
                ],
                [
                    0.0,
                    0.0,
                    0.0,
                    1.0
                ]
            ]
        },
        {
            "file_path": "./train/r_18",
            "rotation": 0.06283185307179587,
            "transform_matrix": [
                [
                    0.751053512096405,
                    0.6430783271789551,
                    -0.14938005805015564,
                    -0.602195143699646
                ],
                [
                    -0.6601763367652893,
                    0.7316018342971802,
                    -0.16994312405586243,
                    -0.6850908994674683
                ],
                [
                    0.0,
                    0.22627155482769012,
                    0.9740238189697266,
                    3.926577568054199
                ],
                [
                    0.0,
                    0.0,
                    0.0,
                    1.0
                ]
            ]
        },
        {
            "file_path": "./train/r_19",
            "rotation": 0.06283185307179587,
            "transform_matrix": [
                [
                    0.23372270166873932,
                    0.23884178698062897,
                    -0.9424700140953064,
                    -3.79937481880188
                ],
                [
                    -0.9722591638565063,
                    0.05741550400853157,
                    -0.22656165063381195,
                    -0.9133368730545044
                ],
                [
                    3.725130426346368e-09,
                    0.969354510307312,
                    0.24563704431056976,
                    0.990235447883606
                ],
                [
                    0.0,
                    0.0,
                    0.0,
                    1.0
                ]
            ]
        },
        {
            "file_path": "./train/r_20",
            "rotation": 0.06283185307179587,
            "transform_matrix": [
                [
                    0.9323555827140808,
                    0.06214660778641701,
                    -0.3560417592525482,
                    -1.4353094100952148
                ],
                [
                    -0.36142387986183167,
                    0.16031795740127563,
                    -0.9184713959693909,
                    -3.702629566192627
                ],
                [
                    0.0,
                    0.9851019382476807,
                    0.17193575203418732,
                    0.6931238174438477
                ],
                [
                    0.0,
                    0.0,
                    0.0,
                    1.0
                ]
            ]
        },
        {
            "file_path": "./train/r_21",
            "rotation": 0.06283185307179587,
            "transform_matrix": [
                [
                    0.9741686582565308,
                    0.032131507992744446,
                    -0.223332479596138,
                    -0.9003192782402039
                ],
                [
                    -0.22563154995441437,
                    0.13872841000556946,
                    -0.9642423391342163,
                    -3.88714599609375
                ],
                [
                    -1.862565213173184e-09,
                    0.9898039698600769,
                    0.14239569008350372,
                    0.574039101600647
                ],
                [
                    0.0,
                    0.0,
                    0.0,
                    1.0
                ]
            ]
        },
        {
            "file_path": "./train/r_22",
            "rotation": 0.06283185307179587,
            "transform_matrix": [
                [
                    0.3063729703426361,
                    -0.7082019448280334,
                    0.6360338926315308,
                    2.5640406608581543
                ],
                [
                    0.9518665671348572,
                    0.22794575989246368,
                    -0.20471736788749695,
                    -0.8252761363983154
                ],
                [
                    0.0,
                    0.6681921482086182,
                    0.7439549565315247,
                    2.9991023540496826
                ],
                [
                    0.0,
                    0.0,
                    0.0,
                    1.0
                ]
            ]
        },
        {
            "file_path": "./train/r_23",
            "rotation": 0.06283185307179587,
            "transform_matrix": [
                [
                    0.9929875731468201,
                    0.041718147695064545,
                    -0.11022534221410751,
                    -0.444350928068161
                ],
                [
                    -0.1178552433848381,
                    0.3514955937862396,
                    -0.9287019371986389,
                    -3.7438719272613525
                ],
                [
                    -3.725130426346368e-09,
                    0.9352542161941528,
                    0.35394981503486633,
                    1.4268763065338135
                ],
                [
                    0.0,
                    0.0,
                    0.0,
                    1.0
                ]
            ]
        },
        {
            "file_path": "./train/r_24",
            "rotation": 0.06283185307179587,
            "transform_matrix": [
                [
                    0.5417333841323853,
                    0.7069143056869507,
                    -0.4546974301338196,
                    -1.8330196142196655
                ],
                [
                    -0.8404992818832397,
                    0.45563286542892456,
                    -0.29306960105895996,
                    -1.1814501285552979
                ],
                [
                    -1.4900520817207052e-08,
                    0.5409813523292542,
                    0.840998113155365,
                    3.3903119564056396
                ],
                [
                    0.0,
                    0.0,
                    0.0,
                    1.0
                ]
            ]
        },
        {
            "file_path": "./train/r_25",
            "rotation": 0.06283185307179587,
            "transform_matrix": [
                [
                    -0.9170283079147339,
                    0.12387116998434067,
                    -0.37898677587509155,
                    -1.527807593345642
                ],
                [
                    -0.3987147808074951,
                    -0.2848988473415375,
                    0.8716548085212708,
                    3.5138978958129883
                ],
                [
                    -7.450261740871156e-09,
                    0.9505148530006409,
                    0.31065163016319275,
                    1.2523283958435059
                ],
                [
                    0.0,
                    0.0,
                    0.0,
                    1.0
                ]
            ]
        },
        {
            "file_path": "./train/r_26",
            "rotation": 0.06283185307179587,
            "transform_matrix": [
                [
                    -0.1447145640850067,
                    -0.6327623128890991,
                    0.7606679797172546,
                    3.0664772987365723
                ],
                [
                    0.9894300699234009,
                    -0.09254815429449081,
                    0.1112557053565979,
                    0.44850462675094604
                ],
                [
                    7.450260852692736e-09,
                    0.7687889337539673,
                    0.6394714713096619,
                    2.5778985023498535
                ],
                [
                    0.0,
                    0.0,
                    0.0,
                    1.0
                ]
            ]
        },
        {
            "file_path": "./train/r_27",
            "rotation": 0.06283185307179587,
            "transform_matrix": [
                [
                    0.8771433234214783,
                    -0.18971066176891327,
                    0.4410747289657593,
                    1.7781025171279907
                ],
                [
                    0.48013922572135925,
                    0.3465733230113983,
                    -0.8057782649993896,
                    -3.2483301162719727
                ],
                [
                    0.0,
                    0.9186330437660217,
                    0.3950846195220947,
                    1.592702865600586
                ],
                [
                    0.0,
                    0.0,
                    0.0,
                    1.0
                ]
            ]
        },
        {
            "file_path": "./train/r_28",
            "rotation": 0.06283185307179587,
            "transform_matrix": [
                [
                    -0.40299516916275024,
                    0.661725640296936,
                    -0.6321887373924255,
                    -2.548539876937866
                ],
                [
                    -0.9151551723480225,
                    -0.2913956642150879,
                    0.2783888876438141,
                    1.1222678422927856
                ],
                [
                    0.0,
                    0.6907950043678284,
                    0.7230174541473389,
                    2.9146971702575684
                ],
                [
                    0.0,
                    0.0,
                    0.0,
                    1.0
                ]
            ]
        },
        {
            "file_path": "./train/r_29",
            "rotation": 0.06283185307179587,
            "transform_matrix": [
                [
                    0.5288940668106079,
                    0.5993693470954895,
                    -0.6008078455924988,
                    -2.4220340251922607
                ],
                [
                    -0.8486373424530029,
                    0.3735434114933014,
                    -0.37443992495536804,
                    -1.5094780921936035
                ],
                [
                    0.0,
                    0.7079631090164185,
                    0.7062166333198547,
                    2.846967935562134
                ],
                [
                    0.0,
                    0.0,
                    0.0,
                    1.0
                ]
            ]
        },
        {
            "file_path": "./train/r_30",
            "rotation": 0.06283185307179587,
            "transform_matrix": [
                [
                    -0.4399786591529846,
                    -0.7112334966659546,
                    0.5481963157653809,
                    2.2099413871765137
                ],
                [
                    0.8979604244232178,
                    -0.3484870493412018,
                    0.26860281825065613,
                    1.0828173160552979
                ],
                [
                    1.4900521705385472e-08,
                    0.6104863286018372,
                    0.791991651058197,
                    3.1927523612976074
                ],
                [
                    0.0,
                    0.0,
                    0.0,
                    1.0
                ]
            ]
        },
        {
            "file_path": "./train/r_31",
            "rotation": 0.06283185307179587,
            "transform_matrix": [
                [
                    0.9921367168426514,
                    0.05747179687023163,
                    -0.11079821735620499,
                    -0.4466603398323059
                ],
                [
                    -0.12481572479009628,
                    0.45683252811431885,
                    -0.8807142376899719,
                    -3.550419330596924
                ],
                [
                    3.725130426346368e-09,
                    0.8876885175704956,
                    0.4604167938232422,
                    1.8560761213302612
                ],
                [
                    0.0,
                    0.0,
                    0.0,
                    1.0
                ]
            ]
        },
        {
            "file_path": "./train/r_32",
            "rotation": 0.06283185307179587,
            "transform_matrix": [
                [
                    0.9979797005653381,
                    -0.012043856084346771,
                    0.0616898275911808,
                    0.2486899197101593
                ],
                [
                    0.0628543272614479,
                    0.19122827053070068,
                    -0.9794901609420776,
                    -3.9486143589019775
                ],
                [
                    0.0,
                    0.9814665913581848,
                    0.19160020351409912,
                    0.7723970413208008
                ],
                [
                    0.0,
                    0.0,
                    0.0,
                    1.0
                ]
            ]
        },
        {
            "file_path": "./train/r_33",
            "rotation": 0.06283185307179587,
            "transform_matrix": [
                [
                    -0.58160799741745,
                    -0.4799937903881073,
                    0.6567122936248779,
                    2.6474013328552246
                ],
                [
                    0.8134164810180664,
                    -0.3432045578956604,
                    0.4695616066455841,
                    1.8929415941238403
                ],
                [
                    -1.4900522593563892e-08,
                    0.8073452711105347,
                    0.5900492668151855,
                    2.3786630630493164
                ],
                [
                    0.0,
                    0.0,
                    0.0,
                    1.0
                ]
            ]
        },
        {
            "file_path": "./train/r_34",
            "rotation": 0.06283185307179587,
            "transform_matrix": [
                [
                    0.18684452772140503,
                    -0.6803856492042542,
                    0.7086009383201599,
                    2.8565797805786133
                ],
                [
                    0.9823458790779114,
                    0.129410982131958,
                    -0.13477759063243866,
                    -0.5433282852172852
                ],
                [
                    0.0,
                    0.7213307619094849,
                    0.6925583481788635,
                    2.79190731048584
                ],
                [
                    0.0,
                    0.0,
                    0.0,
                    1.0
                ]
            ]
        },
        {
            "file_path": "./train/r_35",
            "rotation": 0.06283185307179587,
            "transform_matrix": [
                [
                    0.7765167355537415,
                    0.4037734270095825,
                    -0.48364895582199097,
                    -1.9497318267822266
                ],
                [
                    -0.6300287842750549,
                    0.4976547062397003,
                    -0.5961020588874817,
                    -2.4030635356903076
                ],
                [
                    1.4900524369920731e-08,
                    0.767656683921814,
                    0.6408302187919617,
                    2.583375930786133
                ],
                [
                    0.0,
                    0.0,
                    0.0,
                    1.0
                ]
            ]
        },
        {
            "file_path": "./train/r_36",
            "rotation": 0.06283185307179587,
            "transform_matrix": [
                [
                    -0.5546133518218994,
                    -0.48864102363586426,
                    0.6734743714332581,
                    2.7149739265441895
                ],
                [
                    0.83205646276474,
                    -0.32570725679397583,
                    0.4489092528820038,
                    1.8096857070922852
                ],
                [
                    1.4900519929028633e-08,
                    0.8094038367271423,
                    0.5872225761413574,
                    2.367267370223999
                ],
                [
                    0.0,
                    0.0,
                    0.0,
                    1.0
                ]
            ]
        },
        {
            "file_path": "./train/r_37",
            "rotation": 0.06283185307179587,
            "transform_matrix": [
                [
                    -0.24336184561252594,
                    0.4659793972969055,
                    -0.8506298661231995,
                    -3.429140329360962
                ],
                [
                    -0.9698913097381592,
                    -0.11692196875810623,
                    0.21343718469142914,
                    0.8604283928871155
                ],
                [
                    0.0,
                    0.8770305514335632,
                    0.48040685057640076,
                    1.936661958694458
                ],
                [
                    0.0,
                    0.0,
                    0.0,
                    1.0
                ]
            ]
        },
        {
            "file_path": "./train/r_38",
            "rotation": 0.06283185307179587,
            "transform_matrix": [
                [
                    -0.8568934202194214,
                    -0.18792670965194702,
                    0.47993212938308716,
                    1.9347482919692993
                ],
                [
                    0.5154104828834534,
                    -0.3124367594718933,
                    0.7979090809822083,
                    3.2166075706481934
                ],
                [
                    0.0,
                    0.9311589598655701,
                    0.3645867109298706,
                    1.469756841659546
                ],
                [
                    0.0,
                    0.0,
                    0.0,
                    1.0
                ]
            ]
        },
        {
            "file_path": "./train/r_39",
            "rotation": 0.06283185307179587,
            "transform_matrix": [
                [
                    -0.9831383228302002,
                    -0.1171940267086029,
                    0.14007112383842468,
                    0.5646680593490601
                ],
                [
                    0.18262875080108643,
                    -0.6308861374855042,
                    0.7540395259857178,
                    3.0397558212280273
                ],
                [
                    0.0,
                    0.7669668793678284,
                    0.641655683517456,
                    2.586703300476074
                ],
                [
                    0.0,
                    0.0,
                    0.0,
                    1.0
                ]
            ]
        },
        {
            "file_path": "./train/r_40",
            "rotation": 0.06283185307179587,
            "transform_matrix": [
                [
                    -0.5296390652656555,
                    -0.7703583836555481,
                    0.35495075583457947,
                    1.4309114217758179
                ],
                [
                    0.8481724858283997,
                    -0.48104822635650635,
                    0.22164806723594666,
                    0.8935288190841675
                ],
                [
                    0.0,
                    0.4184860289096832,
                    0.9081847667694092,
                    3.661160945892334
                ],
                [
                    0.0,
                    0.0,
                    0.0,
                    1.0
                ]
            ]
        },
        {
            "file_path": "./train/r_41",
            "rotation": 0.06283185307179587,
            "transform_matrix": [
                [
                    -0.7330463528633118,
                    0.38511747121810913,
                    -0.5605836510658264,
                    -2.259878396987915
                ],
                [
                    -0.6801155805587769,
                    -0.4150896370410919,
                    0.604211688041687,
                    2.435755968093872
                ],
                [
                    1.4900521705385472e-08,
                    0.8242422938346863,
                    0.5662079453468323,
                    2.2825517654418945
                ],
                [
                    0.0,
                    0.0,
                    0.0,
                    1.0
                ]
            ]
        },
        {
            "file_path": "./train/r_42",
            "rotation": 0.06283185307179587,
            "transform_matrix": [
                [
                    -0.21021325886249542,
                    0.5267840027809143,
                    -0.8235570788383484,
                    -3.3200020790100098
                ],
                [
                    -0.9776116013526917,
                    -0.11327297985553741,
                    0.17708730697631836,
                    0.7138912677764893
                ],
                [
                    -7.450261296781946e-09,
                    0.8424118161201477,
                    0.5388053059577942,
                    2.1720833778381348
                ],
                [
                    0.0,
                    0.0,
                    0.0,
                    1.0
                ]
            ]
        },
        {
            "file_path": "./train/r_43",
            "rotation": 0.06283185307179587,
            "transform_matrix": [
                [
                    0.9180271029472351,
                    0.09939704835414886,
                    -0.3837473690509796,
                    -1.5469990968704224
                ],
                [
                    -0.39640969038009644,
                    0.23018908500671387,
                    -0.8887030482292175,
                    -3.582624673843384
                ],
                [
                    -7.450261740871156e-09,
                    0.9680512547492981,
                    0.25072336196899414,
                    1.010740041732788
                ],
                [
                    0.0,
                    0.0,
                    0.0,
                    1.0
                ]
            ]
        },
        {
