{
    "camera_angle_x": 0.6911112070083618,
    "frames": [
        {
            "file_path": "./train/r_0",
            "rotation": 0.06283185307179587,
            "transform_matrix": [
                [
                    0.8923548460006714,
                    -0.1792142689228058,
                    0.4141283929347992,
                    1.6694738864898682
                ],
                [
                    0.4512394964694977,
                    0.3544076085090637,
                    -0.8189651966094971,
                    -3.3014907836914062
                ],
                [
                    0.0,
                    0.9177513122558594,
                    0.39712852239608765,
                    1.6009423732757568
                ],
                [
                    0.0,
                    0.0,
                    0.0,
                    1.0
                ]
            ]
        },
        {
            "file_path": "./train/r_1",
            "rotation": 0.06283185307179587,
            "transform_matrix": [
                [
                    0.14795847237110138,
                    0.8151799440383911,
                    -0.5599603652954102,
                    -2.2573657035827637
                ],
                [
                    -0.9889501333236694,
                    0.12196042388677597,
                    -0.08377660810947418,
                    -0.33772823214530945
                ],
                [
                    -7.450260408603526e-09,
                    0.5662131309509277,
                    0.8242229223251343,
                    3.322685718536377
                ],
                [
                    0.0,
                    0.0,
                    0.0,
                    1.0
                ]
            ]
        },
        {
            "file_path": "./train/r_2",
            "rotation": 0.06283185307179587,
            "transform_matrix": [
                [
                    0.36727145314216614,
                    0.5591230392456055,
                    -0.7432582378387451,
                    -2.996293306350708
                ],
                [
                    -0.9300676584243774,
                    0.2207903116941452,
                    -0.2935028672218323,
                    -1.1831966638565063
                ],
                [
                    -1.4900521705385472e-08,
                    0.7991388440132141,
                    0.6011162996292114,
                    2.4232773780822754
                ],
                [
                    0.0,
                    0.0,
                    0.0,
                    1.0
                ]
            ]
        },
        {
            "file_path": "./train/r_3",
            "rotation": 0.06283185307179587,
            "transform_matrix": [
                [
                    0.9996998906135559,
                    -0.01648849807679653,
                    0.015574626624584198,
                    0.06278592348098755
                ],
                [
                    0.022680791094899178,
                    0.7267625331878662,
                    -0.6864818930625916,
                    -2.767411470413208
                ],
                [
                    0.0,
                    0.6866835355758667,
                    0.7269231677055359,
                    2.9304420948028564
                ],
                [
                    0.0,
                    0.0,
                    0.0,
                    1.0
                ]
            ]
        },
        {
            "file_path": "./train/r_4",
            "rotation": 0.06283185307179587,
            "transform_matrix": [
                [
                    -0.8254355788230896,
                    0.40146076679229736,
                    -0.39675211906433105,
                    -1.5994250774383545
                ],
                [
                    -0.5644203424453735,
                    -0.5871155858039856,
                    0.5802295207977295,
                    2.339076519012451
                ],
                [
                    1.4900522593563892e-08,
                    0.7029327154159546,
                    0.7112234234809875,
                    2.8671517372131348
                ],
                [
                    0.0,
                    0.0,
                    0.0,
                    1.0
                ]
            ]
        },
        {
            "file_path": "./train/r_5",
            "rotation": 0.06283185307179587,
            "transform_matrix": [
                [
                    0.8490022420883179,
                    0.42180508375167847,
                    -0.318125456571579,
                    -1.282457709312439
                ],
                [
                    -0.5283082723617554,
                    0.6778494119644165,
                    -0.5112341642379761,
                    -2.0609359741210938
                ],
                [
                    0.0,
                    0.6021548509597778,
                    0.798344075679779,
                    3.218360662460327
                ],
                [
                    0.0,
                    0.0,
                    0.0,
                    1.0
                ]
            ]
        },
        {
            "file_path": "./train/r_6",
            "rotation": 0.06283185307179587,
            "transform_matrix": [
                [
                    0.23006922006607056,
                    0.20024390518665314,
                    -0.9523080587387085,
                    -3.8390350341796875
                ],
                [
                    -0.9731301665306091,
                    0.04734203219413757,
                    -0.22514642775058746,
                    -0.9076316952705383
                ],
                [
                    0.0,
                    0.9785965085029602,
                    0.20575669407844543,
                    0.8294659852981567
                ],
                [
                    0.0,
                    0.0,
                    0.0,
                    1.0
                ]
            ]
        },
        {
            "file_path": "./train/r_7",
            "rotation": 0.06283185307179587,
            "transform_matrix": [
                [
                    0.5321018099784851,
                    0.36048609018325806,
                    -0.7660570740699768,
                    -3.0882022380828857
                ],
                [
                    -0.8466297388076782,
                    0.22656340897083282,
                    -0.48146238923072815,
                    -1.9409170150756836
                ],
                [
                    0.0,
                    0.9048253297805786,
                    0.4257558584213257,
                    1.716347575187683
                ],
                [
                    0.0,
                    0.0,
                    0.0,
                    1.0
                ]
            ]
        },
        {
            "file_path": "./train/r_8",
            "rotation": 0.06283185307179587,
            "transform_matrix": [
                [
                    0.6948601603507996,
                    0.3839433789253235,
                    -0.6080158948898315,
                    -2.451091766357422
                ],
                [
                    -0.7190852761268616,
                    0.3710087835788727,
                    -0.5875325798988342,
                    -2.3685176372528076
                ],
                [
                    -1.4900523481742312e-08,
                    0.8455352187156677,
                    0.5338907241821289,
                    2.1522715091705322
                ],
                [
                    0.0,
                    0.0,
                    0.0,
                    1.0
                ]
            ]
        },
        {
            "file_path": "./train/r_9",
            "rotation": 0.06283185307179587,
            "transform_matrix": [
                [
                    0.5436756610870361,
                    -0.22541336715221405,
                    0.8084094524383545,
                    3.258937120437622
                ],
                [
                    0.8392443060874939,
                    0.14602632820606232,
                    -0.5237003564834595,
                    -2.1111905574798584
                ],
                [
                    0.0,
                    0.9632523655891418,
                    0.26856958866119385,
                    1.0826833248138428
                ],
                [
                    0.0,
                    0.0,
                    0.0,
                    1.0
                ]
            ]
        },
        {
            "file_path": "./train/r_10",
            "rotation": 0.06283185307179587,
            "transform_matrix": [
                [
                    0.996707558631897,
                    -0.05595363676548004,
                    0.05794476717710495,
                    0.23359248042106628
                ],
                [
                    0.08054910600185394,
                    0.6923654675483704,
                    -0.7170035243034363,
                    -2.8904531002044678
                ],
                [
                    0.0,
                    0.7193673253059387,
                    0.6945975422859192,
                    2.8001277446746826
                ],
                [
                    0.0,
                    0.0,
                    0.0,
                    1.0
                ]
            ]
        },
        {
            "file_path": "./train/r_11",
            "rotation": 0.06283185307179587,
            "transform_matrix": [
                [
                    0.7096931338310242,
                    0.6398075819015503,
                    -0.2948343753814697,
                    -1.1885645389556885
                ],
                [
                    -0.7044499516487122,
                    0.6445696353912354,
                    -0.2970288097858429,
                    -1.1974109411239624
                ],
                [
                    0.0,
                    0.41852855682373047,
                    0.9081651568412781,
                    3.6610820293426514
                ],
                [
                    0.0,
                    0.0,
                    0.0,
                    1.0
                ]
            ]
        },
        {
            "file_path": "./train/r_12",
            "rotation": 0.06283185307179587,
            "transform_matrix": [
                [
                    -0.7197092175483704,
                    0.18188230693340302,
                    -0.6699669361114502,
                    -2.7008345127105713
                ],
                [
                    -0.6942138671875,
                    -0.1885620355606079,
                    0.6945717930793762,
                    2.8000240325927734
                ],
                [
                    0.0,
                    0.9650663733482361,
                    0.26197677850723267,
                    1.0561057329177856
                ],
                [
                    0.0,
                    0.0,
                    0.0,
                    1.0
                ]
            ]
        },
        {
            "file_path": "./train/r_13",
            "rotation": 0.06283185307179587,
            "transform_matrix": [
                [
                    0.1512840837240219,
                    0.746658205986023,
                    -0.6477441787719727,
                    -2.611248016357422
                ],
                [
                    -0.9884468913078308,
                    0.11427775770425797,
                    -0.09913874417543411,
                    -0.39965754747390747
                ],
                [
                    0.0,
                    0.6553105711936951,
                    0.7553253769874573,
                    3.0449397563934326
                ],
                [
                    0.0,
                    0.0,
                    0.0,
                    1.0
                ]
            ]
        },
        {
            "file_path": "./train/r_14",
            "rotation": 0.06283185307179587,
            "transform_matrix": [
                [
                    -0.5474717617034912,
                    -0.7918445467948914,
                    0.2705896198749542,
                    1.0908267498016357
                ],
                [
                    0.8367727994918823,
                    -0.5180767774581909,
                    0.17703752219676971,
                    0.7136905193328857
                ],
                [
                    1.4900520817207052e-08,
                    0.3233707547187805,
                    0.9462327361106873,
                    3.8145434856414795
                ],
                [
                    0.0,
                    0.0,
                    0.0,
                    1.0
                ]
            ]
        },
        {
            "file_path": "./train/r_15",
            "rotation": 0.06283185307179587,
            "transform_matrix": [
                [
                    -0.8568810820579529,
                    0.20985056459903717,
                    -0.470782071352005,
                    -1.8978614807128906
                ],
                [
                    -0.5154308676719666,
                    -0.3488672971725464,
                    0.7826545238494873,
                    3.155111074447632
                ],
                [
                    1.4900521705385472e-08,
                    0.9133695960044861,
                    0.4071040451526642,
                    1.6411564350128174
                ],
                [
                    0.0,
                    0.0,
                    0.0,
                    1.0
                ]
            ]
        },
        {
            "file_path": "./train/r_16",
            "rotation": 0.06283185307179587,
            "transform_matrix": [
                [
                    0.32802683115005493,
                    -0.1333499252796173,
                    0.935165524482727,
                    3.769928455352783
                ],
                [
                    0.9446229934692383,
                    0.04630667716264725,
                    -0.3247426450252533,
                    -1.309133529663086
                ],
                [
                    0.0,
                    0.9899815320968628,
                    0.1411561667919159,
                    0.5690422058105469
                ],
                [
                    0.0,
                    0.0,
                    0.0,
                    1.0
                ]
            ]
        },
        {
            "file_path": "./train/r_17",
            "rotation": 0.06283185307179587,
            "transform_matrix": [
                [
                    -0.14550714194774628,
                    -0.847216010093689,
                    0.5109030604362488,
                    2.059601068496704
                ],
                [
                    0.9893138408660889,
                    -0.12460756301879883,
                    0.07514303922653198,
                    0.3029237687587738
                ],
                [
                    0.0,
                    0.5164180994033813,
                    0.8562995791435242,
                    3.4519965648651123
                ],
                [
                    0.0,
                    0.0,
                    0.0,
                    1.0
                ]
            ]
        },
        {
            "file_path": "./train/r_18",
            "rotation": 0.06283185307179587,
            "transform_matrix": [
                [
                    0.8591680526733398,
                    0.19805879890918732,
                    -0.47172102332115173,
                    -1.9016468524932861
                ],
                [
                    -0.5116096138954163,
                    0.33260872960090637,
                    -0.7921815514564514,
                    -3.1935179233551025
                ],
                [
                    0.0,
                    0.9220271110534668,
                    0.38709816336631775,
                    1.5605071783065796
                ],
                [
                    0.0,
                    0.0,
                    0.0,
                    1.0
                ]
            ]
        },
        {
            "file_path": "./train/r_19",
            "rotation": 0.06283185307179587,
            "transform_matrix": [
                [
                    0.8588972687721252,
                    -0.07066398859024048,
                    0.5071662068367004,
                    2.044536590576172
                ],
                [
                    0.5120642185211182,
                    0.11852634698152542,
                    -0.8506816625595093,
                    -3.429349184036255
                ],
                [
                    0.0,
                    0.9904282093048096,
                    0.13798734545707703,
                    0.5562677979469299
                ],
                [
                    0.0,
                    0.0,
                    0.0,
                    1.0
                ]
            ]
        },
        {
            "file_path": "./train/r_20",
            "rotation": 0.06283185307179587,
            "transform_matrix": [
                [
                    0.5123992562294006,
                    -0.4128227233886719,
                    0.7529630661010742,
                    3.0354163646698
                ],
                [
                    0.8586974143981934,
                    0.24633830785751343,
                    -0.44930580258369446,
                    -1.8112843036651611
                ],
                [
                    -1.4900521705385472e-08,
                    0.8768606781959534,
                    0.48071664571762085,
                    1.9379106760025024
                ],
                [
                    0.0,
                    0.0,
                    0.0,
                    1.0
                ]
            ]
        },
        {
            "file_path": "./train/r_21",
            "rotation": 0.06283185307179587,
            "transform_matrix": [
                [
                    0.9859918355941772,
                    0.07837793231010437,
                    -0.14694130420684814,
                    -0.5923637747764587
                ],
                [
                    -0.16653622686862946,
                    0.4640432298183441,
                    -0.8699784278869629,
                    -3.5071401596069336
                ],
                [
                    7.450261740871156e-09,
                    0.8823325037956238,
                    0.4705987572669983,
                    1.8971226215362549
                ],
                [
                    0.0,
                    0.0,
                    0.0,
                    1.0
                ]
            ]
        },
        {
            "file_path": "./train/r_22",
            "rotation": 0.06283185307179587,
            "transform_matrix": [
                [
                    -0.7615888714790344,
                    -0.5136852264404297,
                    0.39502468705177307,
                    1.5924612283706665
                ],
                [
                    0.6479942202568054,
                    -0.6037353277206421,
                    0.4642733335494995,
                    1.8716230392456055
                ],
                [
                    0.0,
                    0.609607458114624,
                    0.7926684021949768,
                    3.1954803466796875
                ],
                [
                    0.0,
                    0.0,
                    0.0,
                    1.0
                ]
            ]
        },
        {
            "file_path": "./train/r_23",
            "rotation": 0.06283185307179587,
            "transform_matrix": [
                [
                    -0.5780496597290039,
                    -0.15620434284210205,
                    0.8008601665496826,
                    3.228503704071045
                ],
                [
                    0.8159490823745728,
                    -0.11066114902496338,
                    0.5673600435256958,
                    2.287195920944214
                ],
                [
                    0.0,
                    0.9815011024475098,
                    0.1914236694574356,
                    0.7716853022575378
                ],
                [
                    0.0,
                    0.0,
                    0.0,
                    1.0
                ]
            ]
        },
        {
            "file_path": "./train/r_24",
            "rotation": 0.06283185307179587,
            "transform_matrix": [
                [
                    -0.5567223429679871,
                    -0.640408992767334,
                    0.5290395021438599,
                    2.13271427154541
                ],
                [
                    0.8306470513343811,
                    -0.4292196035385132,
                    0.3545767068862915,
                    1.4294034242630005
                ],
                [
                    0.0,
                    0.6368962526321411,
                    0.7709150910377502,
                    3.107786178588867
                ],
                [
                    0.0,
                    0.0,
                    0.0,
                    1.0
                ]
            ]
        },
        {
            "file_path": "./train/r_25",
            "rotation": 0.06283185307179587,
            "transform_matrix": [
                [
                    -0.005166718270629644,
                    0.78778076171875,
                    -0.6159036159515381,
                    -2.482889175415039
                ],
                [
                    -0.9999437928199768,
                    -0.004070470109581947,
                    0.0031823792960494757,
                    0.012829110957682133
                ],
                [
                    2.32820651646648e-10,
                    0.6159341335296631,
                    0.7877627611160278,
                    3.17570424079895
                ],
                [
                    0.0,
                    0.0,
                    0.0,
                    1.0
                ]
            ]
        },
        {
            "file_path": "./train/r_26",
            "rotation": 0.06283185307179587,
            "transform_matrix": [
                [
                    0.98162841796875,
                    -0.17718282341957092,
                    0.07020208984613419,
                    0.28300535678863525
                ],
                [
                    0.19057723879814148,
                    0.9126362204551697,
                    -0.36159810423851013,
                    -1.4577085971832275
                ],
                [
                    0.0,
                    0.3683629035949707,
                    0.9296429753303528,
                    3.7476651668548584
                ],
                [
                    0.0,
                    0.0,
                    0.0,
                    1.0
                ]
            ]
        },
        {
            "file_path": "./train/r_27",
            "rotation": 0.06283185307179587,
            "transform_matrix": [
                [
                    0.6607885360717773,
                    -0.3876620829105377,
                    0.6426534652709961,
                    2.590725898742676
                ],
                [
                    0.7505150437355042,
                    0.3413158655166626,
                    -0.5658222436904907,
                    -2.280996561050415
                ],
                [
                    1.4900523481742312e-08,
                    0.8562777042388916,
                    0.5164872407913208,
                    2.0821125507354736
                ],
                [
                    0.0,
                    0.0,
                    0.0,
                    1.0
                ]
            ]
        },
        {
            "file_path": "./train/r_28",
            "rotation": 0.06283185307179587,
            "transform_matrix": [
                [
                    0.8968943357467651,
                    0.07315118610858917,
                    -0.4360559284687042,
                    -1.7578701972961426
                ],
                [
                    -0.4421480596065521,
                    0.14838668704032898,
                    -0.8845365643501282,
                    -3.5658280849456787
                ],
                [
                    0.0,
                    0.9862151741981506,
                    0.1654319018125534,
                    0.666904866695404
                ],
                [
                    0.0,
                    0.0,
                    0.0,
                    1.0
                ]
            ]
        },
        {
            "file_path": "./train/r_29",
            "rotation": 0.06283185307179587,
            "transform_matrix": [
                [
                    0.9012923836708069,
                    -0.38561198115348816,
                    0.19723349809646606,
                    0.7951065301895142
                ],
                [
                    0.43311232328414917,
                    0.8024457693099976,
                    -0.41043633222579956,
                    -1.654590129852295
                ],
                [
                    -1.4900523481742312e-08,
                    0.45538341999053955,
                    0.8902574181556702,
                    3.588890790939331
                ],
                [
                    0.0,
                    0.0,
                    0.0,
                    1.0
                ]
            ]
        },
        {
            "file_path": "./train/r_30",
            "rotation": 0.06283185307179587,
            "transform_matrix": [
                [
                    0.9990399479866028,
                    -0.029410887509584427,
                    0.031117970123887062,
                    0.12544570863246918
                ],
                [
                    0.04281657189130783,
                    0.686244785785675,
                    -0.7260761857032776,
                    -2.9270269870758057
                ],
                [
                    0.0,
                    0.7267688512802124,
                    0.6868498921394348,
                    2.7688941955566406
                ],
                [
                    0.0,
                    0.0,
                    0.0,
                    1.0
                ]
            ]
        },
        {
            "file_path": "./train/r_31",
            "rotation": 0.06283185307179587,
            "transform_matrix": [
                [
                    -0.7228896021842957,
                    -0.595315158367157,
                    0.3506736159324646,
                    1.4136691093444824
                ],
                [
                    0.6909014582633972,
                    -0.6228777766227722,
                    0.36690953373908997,
                    1.4791207313537598
                ],
                [
                    0.0,
                    0.5075562000274658,
                    0.8615815043449402,
                    3.473289728164673
                ],
                [
                    0.0,
                    0.0,
                    0.0,
                    1.0
                ]
            ]
        },
        {
            "file_path": "./train/r_32",
            "rotation": 0.06283185307179587,
            "transform_matrix": [
                [
                    0.46313992142677307,
                    -0.8855686187744141,
                    0.035257600247859955,
                    0.14213377237319946
                ],
                [
                    0.8862366676330566,
                    0.4627907872200012,
                    -0.01842532679438591,
                    -0.07427792251110077
                ],
                [
                    -1.8625651021508816e-09,
                    0.039782244712114334,
                    0.9991672039031982,
                    4.027937412261963
                ],
                [
                    0.0,
                    0.0,
                    0.0,
                    1.0
                ]
            ]
        },
        {
            "file_path": "./train/r_33",
            "rotation": 0.06283185307179587,
            "transform_matrix": [
                [
                    0.4560011029243469,
                    -0.7136490345001221,
                    0.5317159295082092,
                    2.1435039043426514
                ],
                [
                    0.8899309039115906,
                    0.3656741678714752,
                    -0.2724515497684479,
                    -1.0983326435089111
                ],
                [
                    0.0,
                    0.5974759459495544,
                    0.8018515110015869,
                    3.2325000762939453
                ],
                [
                    0.0,
                    0.0,
                    0.0,
                    1.0
                ]
            ]
        },
        {
            "file_path": "./train/r_34",
            "rotation": 0.06283185307179587,
            "transform_matrix": [
                [
                    -0.055787138640880585,
                    0.2611108124256134,
                    -0.9636552333831787,
                    -3.8847787380218506
                ],
                [
                    -0.9983997941017151,
                    -0.01458997093141079,
                    0.053845733404159546,
                    0.21706804633140564
                ],
                [
                    9.312826620977432e-10,
                    0.9651933312416077,
                    0.26150861382484436,
                    1.0542184114456177
                ],
                [
                    0.0,
                    0.0,
                    0.0,
                    1.0
                ]
            ]
        },
        {
            "file_path": "./train/r_35",
            "rotation": 0.06283185307179587,
            "transform_matrix": [
                [
                    -0.987028181552887,
                    -0.1538538783788681,
                    0.044948510825634,
                    0.18120072782039642
                ],
                [
                    0.16027972102165222,
                    -0.9474568963050842,
                    0.27680012583732605,
                    1.1158629655838013
                ],
                [
                    3.725130648390973e-09,
                    0.28043606877326965,
                    0.9598327279090881,
                    3.8693690299987793
                ],
                [
                    0.0,
                    0.0,
                    0.0,
                    1.0
                ]
            ]
        },
        {
            "file_path": "./train/r_36",
            "rotation": 0.06283185307179587,
            "transform_matrix": [
                [
                    0.6695657968521118,
                    -0.6633025407791138,
                    0.334154337644577,
                    1.3470747470855713
                ],
                [
                    0.7426948547363281,
                    0.597990870475769,
                    -0.30125200748443604,
                    -1.2144358158111572
                ],
                [
                    0.0,
                    0.4499184787273407,
                    0.893031656742096,
                    3.600074291229248
                ],
                [
                    0.0,
                    0.0,
                    0.0,
                    1.0
                ]
            ]
        },
        {
            "file_path": "./train/r_37",
            "rotation": 0.06283185307179587,
            "transform_matrix": [
                [
                    0.6664011478424072,
                    0.1298605501651764,
                    -0.734140932559967,
                    -2.9595389366149902
                ],
                [
                    -0.7455357313156128,
                    0.11607655137777328,
                    -0.6562157869338989,
                    -2.645399570465088
                ],
                [
                    0.0,
                    0.9847092628479004,
                    0.17417041957378387,
                    0.7021323442459106
                ],
                [
                    0.0,
                    0.0,
                    0.0,
                    1.0
                ]
            ]
        },
        {
            "file_path": "./train/r_38",
            "rotation": 0.06283185307179587,
            "transform_matrix": [
                [
                    -0.6449353694915771,
                    -0.7578569054603577,
                    0.0983307957649231,
                    0.39640048146247864
                ],
                [
                    0.7641810178756714,
                    -0.6395981311798096,
                    0.08298689872026443,
                    0.33454471826553345
                ],
                [
                    -7.450261296781946e-09,
                    0.12867404520511627,
                    0.9916459321975708,
                    3.997617721557617
                ],
                [
                    0.0,
                    0.0,
                    0.0,
                    1.0
                ]
            ]
        },
        {
            "file_path": "./train/r_39",
            "rotation": 0.06283185307179587,
            "transform_matrix": [
                [
                    -0.9609009027481079,
                    -0.08896489441394806,
                    0.2620490491390228,
                    1.0563969612121582
                ],
                [
                    0.2767374515533447,
                    -0.3089081048965454,
                    0.909899115562439,
                    3.6680715084075928
                ],
                [
                    7.450260852692736e-09,
                    0.9469164609909058,
                    0.321452260017395,
                    1.2958687543869019
                ],
                [
                    0.0,
                    0.0,
                    0.0,
                    1.0
                ]
            ]
        },
        {
            "file_path": "./train/r_40",
            "rotation": 0.06283185307179587,
            "transform_matrix": [
                [
                    -0.9542815089225769,
                    0.09452392905950546,
                    -0.2834203541278839,
                    -1.1425511837005615
                ],
                [
                    -0.2987656593322754,
                    -0.3019169867038727,
                    0.9052673578262329,
                    3.649399995803833
                ],
                [
                    7.450260408603526e-09,
                    0.948631227016449,
                    0.31635645031929016,
                    1.2753262519836426
                ],
                [
                    0.0,
                    0.0,
                    0.0,
                    1.0
                ]
            ]
        },
        {
            "file_path": "./train/r_41",
            "rotation": 0.06283185307179587,
            "transform_matrix": [
                [
                    0.13511477410793304,
                    0.31509506702423096,
                    -0.939352810382843,
                    -3.786808729171753
                ],
                [
                    -0.9907866716384888,
                    0.042969901114702225,
                    -0.1281006932258606,
                    -0.5164117217063904
                ],
                [
                    -3.725130204301763e-09,
                    0.9480814933776855,
                    0.3179999589920044,
                    1.2819517850875854
                ],
                [
                    0.0,
                    0.0,
                    0.0,
                    1.0
                ]
            ]
        },
        {
            "file_path": "./train/r_42",
            "rotation": 0.06283185307179587,
            "transform_matrix": [
                [
                    -0.741978645324707,
                    0.0846007689833641,
                    -0.6650012135505676,
                    -2.680816411972046
                ],
                [
                    -0.6703595519065857,
                    -0.09363923966884613,
                    0.7360478043556213,
                    2.967226028442383
                ],
                [
                    3.725130426346368e-09,
                    0.9920002222061157,
                    0.12619207799434662,
                    0.5087175369262695
                ],
                [
                    0.0,
                    0.0,
                    0.0,
                    1.0
                ]
            ]
        },
        {
            "file_path": "./train/r_43",
            "rotation": 0.06283185307179587,
            "transform_matrix": [
                [
                    0.8615739345550537,
                    0.37553852796554565,
                    -0.3414475917816162,
                    -1.3764760494232178
                ],
                [
                    -0.5075476169586182,
                    0.6374854445457458,
                    -0.5796152949333191,
                    -2.3366003036499023
                ],
                [
                    0.0,
                    0.6727355122566223,
                    0.7398494482040405,
                    2.9825515747070312
                ],
                [
                    0.0,
                    0.0,
                    0.0,
                    1.0
                ]
            ]
        },
        {
            "file_path": "./train/r_44",
