{
    "camera_angle_x": 0.6911112070083618,
    "frames": [
        {
            "file_path": "./train/r_0",
            "rotation": 0.06283185307179587,
            "transform_matrix": [
                [
                    0.8566586971282959,
                    -0.23784586787223816,
                    0.45769479870796204,
                    1.8451029062271118
                ],
                [
                    0.5158005952835083,
                    0.39502227306365967,
                    -0.7601546049118042,
                    -3.0644078254699707
                ],
                [
                    0.0,
                    0.8873424530029297,
                    0.4610833525657654,
                    1.8587632179260254
                ],
                [
                    0.0,
                    0.0,
                    0.0,
                    1.0
                ]
            ]
        },
        {
            "file_path": "./train/r_1",
            "rotation": 0.06283185307179587,
            "transform_matrix": [
                [
                    0.9902812242507935,
                    0.07269008457660675,
                    -0.11821137368679047,
                    -0.4765450060367584
                ],
                [
                    -0.13877080380916595,
                    0.5187231302261353,
                    -0.8435672521591187,
                    -3.4006688594818115
                ],
                [
                    0.0,
                    0.851840615272522,
                    0.5237724781036377,
                    2.1114819049835205
                ],
                [
                    0.0,
                    0.0,
                    0.0,
                    1.0
                ]
            ]
        },
        {
            "file_path": "./train/r_2",
            "rotation": 0.06283185307179587,
            "transform_matrix": [
                [
                    0.26230284571647644,
                    -0.4495554566383362,
                    0.8538318872451782,
                    3.4420487880706787
                ],
                [
                    0.9649410843849182,
                    0.1222040057182312,
                    -0.23209968209266663,
                    -0.9356623888015747
                ],
                [
                    0.0,
                    0.8848481178283691,
                    0.4658520221710205,
                    1.8779871463775635
                ],
                [
                    0.0,
                    0.0,
                    0.0,
                    1.0
                ]
            ]
        },
        {
            "file_path": "./train/r_3",
            "rotation": 0.06283185307179587,
            "transform_matrix": [
                [
                    -0.8596239686012268,
                    0.3262196183204651,
                    -0.3931286036968231,
                    -1.5848174095153809
                ],
                [
                    -0.5108431577682495,
                    -0.548947811126709,
                    0.6615391969680786,
                    2.6668598651885986
                ],
                [
                    -1.4900520817207052e-08,
                    0.7695629596710205,
                    0.6385399103164673,
                    2.5741429328918457
                ],
                [
                    0.0,
                    0.0,
                    0.0,
                    1.0
                ]
            ]
        },
        {
            "file_path": "./train/r_4",
            "rotation": 0.06283185307179587,
            "transform_matrix": [
                [
                    -0.9368964433670044,
                    0.21619032323360443,
                    -0.2745988965034485,
                    -1.1069893836975098
                ],
                [
                    -0.3494839370250702,
                    -0.5795629620552063,
                    0.7361446619033813,
                    2.967616558074951
                ],
                [
                    1.4900522593563892e-08,
                    0.785721480846405,
                    0.6185497045516968,
                    2.4935567378997803
                ],
                [
                    0.0,
                    0.0,
                    0.0,
                    1.0
                ]
            ]
        },
        {
            "file_path": "./train/r_5",
            "rotation": 0.06283185307179587,
            "transform_matrix": [
                [
                    -0.6365826725959778,
                    -0.3530848026275635,
                    0.6855790615081787,
                    2.7637717723846436
                ],
                [
                    0.7711527347564697,
                    -0.2914697825908661,
                    0.565942108631134,
                    2.281479835510254
                ],
                [
                    0.0,
                    0.8890256285667419,
                    0.45782995223999023,
                    1.8456478118896484
                ],
                [
                    0.0,
                    0.0,
                    0.0,
                    1.0
                ]
            ]
        },
        {
            "file_path": "./train/r_6",
            "rotation": 0.06283185307179587,
            "transform_matrix": [
                [
                    0.9375902414321899,
                    0.20511597394943237,
                    -0.28065934777259827,
                    -1.131420612335205
                ],
                [
                    -0.3476187586784363,
                    0.5532346367835999,
                    -0.7569886445999146,
                    -3.051644802093506
                ],
                [
                    0.0,
                    0.8073714375495911,
                    0.5900135636329651,
                    2.37851881980896
                ],
                [
                    0.0,
                    0.0,
                    0.0,
                    1.0
                ]
            ]
        },
        {
            "file_path": "./train/r_7",
            "rotation": 0.06283185307179587,
            "transform_matrix": [
                [
                    -0.5435841679573059,
                    0.30718544125556946,
                    -0.7810739874839783,
                    -3.148740291595459
                ],
                [
                    -0.8393036723136902,
                    -0.19895200431346893,
                    0.5058711171150208,
                    2.039315938949585
                ],
                [
                    0.0,
                    0.9306154251098633,
                    0.3659714162349701,
                    1.4753390550613403
                ],
                [
                    0.0,
                    0.0,
                    0.0,
                    1.0
                ]
            ]
        },
        {
            "file_path": "./train/r_8",
            "rotation": 0.06283185307179587,
            "transform_matrix": [
                [
                    -0.6367245316505432,
                    0.5190126299858093,
                    -0.5702135562896729,
                    -2.298698902130127
                ],
                [
                    -0.7710356712341309,
                    -0.42860278487205505,
                    0.47088468074798584,
                    1.8982751369476318
                ],
                [
                    -1.4900520817207052e-08,
                    0.739537239074707,
                    0.6730837225914001,
                    2.7133989334106445
                ],
                [
                    0.0,
                    0.0,
                    0.0,
                    1.0
                ]
            ]
        },
        {
            "file_path": "./train/r_9",
            "rotation": 0.06283185307179587,
            "transform_matrix": [
                [
                    -0.9192278981208801,
                    -0.18400581181049347,
                    0.34796440601348877,
                    1.4027472734451294
                ],
                [
                    0.3936171531677246,
                    -0.42971524596214294,
                    0.8126134872436523,
                    3.2758851051330566
                ],
                [
                    0.0,
                    0.8840116858482361,
                    0.46743708848953247,
                    1.8843770027160645
                ],
                [
                    0.0,
                    0.0,
                    0.0,
                    1.0
                ]
            ]
        },
        {
            "file_path": "./train/r_10",
            "rotation": 0.06283185307179587,
            "transform_matrix": [
                [
                    0.6549179553985596,
                    0.6334426999092102,
                    -0.412041038274765,
                    -1.6610591411590576
                ],
                [
                    -0.7556432485580444,
                    0.549006462097168,
                    -0.35711705684661865,
                    -1.4396443367004395
                ],
                [
                    0.0,
                    0.5452815294265747,
                    0.8382165431976318,
                    3.379098653793335
                ],
                [
                    0.0,
                    0.0,
                    0.0,
                    1.0
                ]
            ]
        },
        {
            "file_path": "./train/r_11",
            "rotation": 0.06283185307179587,
            "transform_matrix": [
                [
                    -0.24112406373023987,
                    -0.14941535890102386,
                    0.958881139755249,
                    3.8655333518981934
                ],
                [
                    0.9704501032829285,
                    -0.037124671041965485,
                    0.23824957013130188,
                    0.9604544043540955
                ],
                [
                    7.450260852692736e-09,
                    0.9880722761154175,
                    0.15395280718803406,
                    0.6206292510032654
                ],
                [
                    0.0,
                    0.0,
                    0.0,
                    1.0
                ]
            ]
        },
        {
            "file_path": "./train/r_12",
            "rotation": 0.06283185307179587,
            "transform_matrix": [
                [
                    0.9288846850395203,
                    -0.10210591554641724,
                    0.3558973968029022,
                    1.4347273111343384
                ],
                [
                    0.3702531158924103,
                    0.2561616003513336,
                    -0.8928693532943726,
                    -3.5994198322296143
                ],
                [
                    0.0,
                    0.9612208604812622,
                    0.2757514715194702,
                    1.111635446548462
                ],
                [
                    0.0,
                    0.0,
                    0.0,
                    1.0
                ]
            ]
        },
        {
            "file_path": "./train/r_13",
            "rotation": 0.06283185307179587,
            "transform_matrix": [
                [
                    0.34020593762397766,
                    0.8044509887695312,
                    -0.48691126704216003,
                    -1.9628832340240479
                ],
                [
                    -0.9403052926063538,
                    0.2910533547401428,
                    -0.17616631090641022,
                    -0.7101784348487854
                ],
                [
                    0.0,
                    0.5178191661834717,
                    0.8554531931877136,
                    3.44858455657959
                ],
                [
                    0.0,
                    0.0,
                    0.0,
                    1.0
                ]
            ]
        },
        {
            "file_path": "./train/r_14",
            "rotation": 0.06283185307179587,
            "transform_matrix": [
                [
                    0.8121139407157898,
                    -0.5774655938148499,
                    0.08332939445972443,
                    0.3359253704547882
                ],
                [
                    0.5834252834320068,
                    0.8038182258605957,
                    -0.11599250137805939,
                    -0.467600017786026
                ],
                [
                    -7.450260852692736e-09,
                    0.14282745122909546,
                    0.9897066950798035,
                    3.989799976348877
                ],
                [
                    0.0,
                    0.0,
                    0.0,
                    1.0
                ]
            ]
        },
        {
            "file_path": "./train/r_15",
            "rotation": 0.06283185307179587,
            "transform_matrix": [
                [
                    0.45361775159835815,
                    0.6862328052520752,
                    -0.5685651898384094,
                    -2.2920539379119873
                ],
                [
                    -0.8911481499671936,
                    0.3493104875087738,
                    -0.28941455483436584,
                    -1.1667156219482422
                ],
                [
                    0.0,
                    0.6380099058151245,
                    0.7699937224388123,
                    3.104072093963623
                ],
                [
                    0.0,
                    0.0,
                    0.0,
                    1.0
                ]
            ]
        },
        {
            "file_path": "./train/r_16",
            "rotation": 0.06283185307179587,
            "transform_matrix": [
                [
                    0.9955377578735352,
                    -0.03146719932556152,
                    0.088480144739151,
                    0.3566896319389343
                ],
                [
                    0.09390857815742493,
                    0.3335881233215332,
                    -0.9379901885986328,
                    -3.781315565109253
                ],
                [
                    -3.725130426346368e-09,
                    0.9421882629394531,
                    0.3350568115711212,
                    1.3507128953933716
                ],
                [
                    0.0,
                    0.0,
                    0.0,
                    1.0
                ]
            ]
        },
        {
            "file_path": "./train/r_17",
            "rotation": 0.06283185307179587,
            "transform_matrix": [
                [
                    0.8383737802505493,
                    0.45617350935935974,
                    -0.2982707619667053,
                    -1.2024174928665161
                ],
                [
                    -0.5450171232223511,
                    0.7017098665237427,
                    -0.45881563425064087,
                    -1.849621295928955
                ],
                [
                    0.0,
                    0.5472649335861206,
                    0.8369230628013611,
                    3.3738839626312256
                ],
                [
                    0.0,
                    0.0,
                    0.0,
                    1.0
                ]
            ]
        },
        {
            "file_path": "./train/r_18",
            "rotation": 0.06283185307179587,
            "transform_matrix": [
                [
                    -0.3212078809738159,
                    -0.5049814581871033,
                    0.8010959029197693,
                    3.229454517364502
                ],
                [
                    0.9469634294509888,
                    -0.17128857970237732,
                    0.2717299461364746,
                    1.095423698425293
                ],
                [
                    0.0,
                    0.8459573984146118,
                    0.5332216620445251,
                    2.1495742797851562
                ],
                [
                    0.0,
                    0.0,
                    0.0,
                    1.0
                ]
            ]
        },
        {
            "file_path": "./train/r_19",
            "rotation": 0.06283185307179587,
            "transform_matrix": [
                [
                    -0.00841591041535139,
                    0.35501405596733093,
                    -0.9347838163375854,
                    -3.7683894634246826
                ],
                [
                    -0.9999216794967651,
                    -0.0029880008660256863,
                    0.00786767341196537,
                    0.03171691298484802
                ],
                [
                    -2.3282067940222362e-10,
                    0.9348507523536682,
                    0.35501381754875183,
                    1.4311654567718506
                ],
                [
                    0.0,
                    0.0,
                    0.0,
                    1.0
                ]
            ]
        },
        {
            "file_path": "./train/r_20",
            "rotation": 0.06283185307179587,
            "transform_matrix": [
                [
                    0.8677423596382141,
                    0.4184816777706146,
                    -0.2680000066757202,
                    -1.0803872346878052
                ],
                [
                    -0.49692803621292114,
                    0.7307582497596741,
                    -0.4679851531982422,
                    -1.8865865468978882
                ],
                [
                    0.0,
                    0.5393099784851074,
                    0.8420707583427429,
                    3.3946361541748047
                ],
                [
                    0.0,
                    0.0,
                    0.0,
                    1.0
                ]
            ]
        },
        {
            "file_path": "./train/r_21",
            "rotation": 0.06283185307179587,
            "transform_matrix": [
                [
                    -0.7771445512771606,
                    0.4643692076206207,
                    -0.4246630072593689,
                    -1.7119420766830444
                ],
                [
                    -0.6292539238929749,
                    -0.5735076665878296,
                    0.5244695544242859,
                    2.1142916679382324
                ],
                [
                    0.0,
                    0.6748630404472351,
                    0.7379094362258911,
                    2.974730968475342
                ],
                [
                    0.0,
                    0.0,
                    0.0,
                    1.0
                ]
            ]
        },
        {
            "file_path": "./train/r_22",
            "rotation": 0.06283185307179587,
            "transform_matrix": [
                [
                    0.9994181990623474,
                    -0.029279561713337898,
                    0.014839738607406616,
                    0.05982336774468422
                ],
                [
                    0.03282445669174194,
                    0.8914855718612671,
                    -0.45183098316192627,
                    -1.8214640617370605
                ],
                [
                    0.0,
                    0.45209088921546936,
                    0.8919339179992676,
                    3.595648765563965
                ],
                [
                    0.0,
                    0.0,
                    0.0,
                    1.0
                ]
            ]
        },
        {
            "file_path": "./train/r_23",
            "rotation": 0.06283185307179587,
            "transform_matrix": [
                [
                    -0.9442387223243713,
                    -0.2799888551235199,
                    0.1730310320854187,
                    0.697539210319519
                ],
                [
                    0.3291313648223877,
                    -0.8032546639442444,
                    0.4964054524898529,
                    2.00115704536438
                ],
                [
                    0.0,
                    0.5257168412208557,
                    0.850622832775116,
                    3.429112195968628
                ],
                [
                    0.0,
                    0.0,
                    0.0,
                    1.0
                ]
            ]
        },
        {
            "file_path": "./train/r_24",
            "rotation": 0.06283185307179587,
            "transform_matrix": [
                [
                    -0.011382810771465302,
                    -0.9114587306976318,
                    0.41120681166648865,
                    1.657696008682251
                ],
                [
                    0.9998922348022461,
                    -0.010376079939305782,
                    0.004681193269789219,
                    0.01887127198278904
                ],
                [
                    0.0,
                    0.41124844551086426,
                    0.9114848375320435,
                    3.674464464187622
                ],
                [
                    0.0,
                    0.0,
                    0.0,
                    1.0
                ]
            ]
        },
        {
            "file_path": "./train/r_25",
            "rotation": 0.06283185307179587,
            "transform_matrix": [
                [
                    0.723303496837616,
                    -0.23029330372810364,
                    0.6509351134300232,
                    2.6241116523742676
                ],
                [
                    0.6904680132865906,
                    0.24124498665332794,
                    -0.6818905472755432,
                    -2.7489023208618164
                ],
                [
                    0.0,
                    0.94273841381073,
                    0.333505779504776,
                    1.3444602489471436
                ],
                [
                    0.0,
                    0.0,
                    0.0,
                    1.0
                ]
            ]
        },
        {
            "file_path": "./train/r_26",
            "rotation": 0.06283185307179587,
            "transform_matrix": [
                [
                    0.40812569856643677,
                    0.8650799989700317,
                    -0.291618287563324,
                    -1.175599455833435
                ],
                [
                    -0.9128787517547607,
                    0.3867560923099518,
                    -0.13037540018558502,
                    -0.5255817174911499
                ],
                [
                    0.0,
                    0.3194469213485718,
                    0.947564423084259,
                    3.8199121952056885
                ],
                [
                    0.0,
                    0.0,
                    0.0,
                    1.0
                ]
            ]
        },
        {
            "file_path": "./train/r_27",
            "rotation": 0.06283185307179587,
            "transform_matrix": [
                [
                    0.1773340404033661,
                    -0.39364275336265564,
                    0.901957094669342,
                    3.6360554695129395
                ],
                [
                    0.9841070771217346,
                    0.07093359529972076,
                    -0.162530779838562,
                    -0.6552096009254456
                ],
                [
                    7.450260852692736e-09,
                    0.9165171980857849,
                    0.3999682664871216,
                    1.612390160560608
                ],
                [
                    0.0,
                    0.0,
                    0.0,
                    1.0
                ]
            ]
        },
        {
            "file_path": "./train/r_28",
            "rotation": 0.06283185307179587,
            "transform_matrix": [
                [
                    0.6741065979003906,
                    -0.2751244604587555,
                    0.6854255795478821,
                    2.763152837753296
                ],
                [
                    0.7385758757591248,
                    0.25110921263694763,
                    -0.6255956888198853,
                    -2.521960973739624
                ],
                [
                    0.0,
                    0.9280305504798889,
                    0.37247714400291443,
                    1.5015653371810913
                ],
                [
                    0.0,
                    0.0,
                    0.0,
                    1.0
                ]
            ]
        },
        {
            "file_path": "./train/r_29",
            "rotation": 0.06283185307179587,
            "transform_matrix": [
                [
                    0.12143462896347046,
                    -0.7379340529441833,
                    0.6638250946998596,
                    2.6760752201080322
                ],
                [
                    0.9925562143325806,
                    0.09028279036283493,
                    -0.08121590316295624,
                    -0.32740533351898193
                ],
                [
                    0.0,
                    0.668799102306366,
                    0.7434093356132507,
                    2.9969029426574707
                ],
                [
                    0.0,
                    0.0,
                    0.0,
                    1.0
                ]
            ]
        },
        {
            "file_path": "./train/r_30",
            "rotation": 0.06283185307179587,
            "transform_matrix": [
                [
                    0.8250187039375305,
                    0.10958056896924973,
                    -0.5543034076690674,
                    -2.23456072807312
                ],
                [
                    -0.5650294423103333,
                    0.16000232100486755,
                    -0.8093572854995728,
                    -3.262758255004883
                ],
                [
                    -7.450261296781946e-09,
                    0.9810102581977844,
                    0.19392246007919312,
                    0.7817587852478027
                ],
                [
                    0.0,
                    0.0,
                    0.0,
                    1.0
                ]
            ]
        },
        {
            "file_path": "./train/r_31",
            "rotation": 0.06283185307179587,
            "transform_matrix": [
                [
                    -0.3244769275188446,
                    -0.41911378502845764,
                    0.8479316234588623,
                    3.4182629585266113
                ],
                [
                    0.9458481669425964,
                    -0.14377863705158234,
                    0.2908862829208374,
                    1.172648549079895
                ],
                [
                    7.450260408603526e-09,
                    0.8964715600013733,
                    0.4430738687515259,
                    1.7861616611480713
                ],
                [
                    0.0,
                    0.0,
                    0.0,
                    1.0
                ]
            ]
        },
        {
            "file_path": "./train/r_32",
            "rotation": 0.06283185307179587,
            "transform_matrix": [
                [
                    -0.5854125022888184,
                    0.21453198790550232,
                    -0.7817850708961487,
                    -3.151606559753418
                ],
                [
                    -0.8106826543807983,
                    -0.15491844713687897,
                    0.5645449161529541,
                    2.2758471965789795
                ],
                [
                    7.450260852692736e-09,
                    0.9643474817276001,
                    0.2646103501319885,
                    1.0667225122451782
                ],
                [
                    0.0,
                    0.0,
                    0.0,
                    1.0
                ]
            ]
        },
        {
            "file_path": "./train/r_33",
            "rotation": 0.06283185307179587,
            "transform_matrix": [
                [
                    -0.814647376537323,
                    -0.2908327877521515,
                    0.5016843676567078,
                    2.0224380493164062
                ],
                [
                    0.5798824429512024,
                    -0.40857625007629395,
                    0.7047908902168274,
                    2.8412203788757324
                ],
                [
                    1.4900519040850213e-08,
                    0.8651425838470459,
                    0.5014976859092712,
                    2.0216853618621826
                ],
                [
                    0.0,
                    0.0,
                    0.0,
                    1.0
                ]
            ]
        },
        {
            "file_path": "./train/r_34",
            "rotation": 0.06283185307179587,
            "transform_matrix": [
                [
                    0.8620932698249817,
                    0.23872654139995575,
                    -0.4469050467014313,
                    -1.8016061782836914
                ],
                [
                    -0.5066651105880737,
                    0.40619441866874695,
                    -0.7604111433029175,
                    -3.0654420852661133
                ],
                [
                    0.0,
                    0.8820463418960571,
                    0.4711349308490753,
                    1.8992841243743896
                ],
                [
                    0.0,
                    0.0,
                    0.0,
                    1.0
                ]
            ]
        },
        {
            "file_path": "./train/r_35",
            "rotation": 0.06283185307179587,
            "transform_matrix": [
                [
                    0.35276415944099426,
                    0.47010329365730286,
                    -0.8090075850486755,
                    -3.2613487243652344
                ],
                [
                    -0.9356664419174194,
                    0.17723795771598816,
                    -0.3050113618373871,
                    -1.229590892791748
                ],
                [
                    0.0,
                    0.8646267056465149,
                    0.5023864507675171,
                    2.025268077850342
                ],
                [
                    0.0,
                    0.0,
                    0.0,
                    1.0
                ]
            ]
        },
        {
            "file_path": "./train/r_36",
            "rotation": 0.06283185307179587,
            "transform_matrix": [
                [
                    0.4182685911655426,
                    0.5177338123321533,
                    -0.746283769607544,
                    -3.0084903240203857
                ],
                [
                    -0.9082761406898499,
                    0.23842062056064606,
                    -0.34366974234580994,
                    -1.3854342699050903
                ],
                [
                    0.0,
                    0.821643054485321,
                    0.5699728727340698,
                    2.297729015350342
                ],
                [
                    0.0,
                    0.0,
                    0.0,
                    1.0
                ]
            ]
        },
        {
            "file_path": "./train/r_37",
            "rotation": 0.06283185307179587,
            "transform_matrix": [
                [
                    0.736147403717041,
                    -0.4111418128013611,
                    0.5375660061836243,
                    2.1670875549316406
                ],
                [
                    0.6767577528953552,
                    0.4472220242023468,
                    -0.5847407579421997,
                    -2.35726261138916
                ],
                [
                    0.0,
                    0.7943203449249268,
                    0.6074687838554382,
                    2.4488861560821533
                ],
                [
                    0.0,
                    0.0,
                    0.0,
                    1.0
                ]
            ]
        },
        {
            "file_path": "./train/r_38",
            "rotation": 0.06283185307179587,
            "transform_matrix": [
                [
                    -0.9373957514762878,
                    0.17213234305381775,
                    -0.30261552333831787,
                    -1.2199326753616333
                ],
                [
                    -0.34814244508743286,
                    -0.46347734332084656,
                    0.814811646938324,
                    3.2847468852996826
                ],
                [
                    0.0,
                    0.8692232966423035,
                    0.494391530752182,
                    1.9930384159088135
                ],
                [
                    0.0,
                    0.0,
                    0.0,
                    1.0
                ]
            ]
        },
        {
            "file_path": "./train/r_39",
            "rotation": 0.06283185307179587,
            "transform_matrix": [
                [
                    0.932631254196167,
                    -0.30670395493507385,
                    0.1898764967918396,
                    0.7654482126235962
                ],
                [
                    0.3607119917869568,
                    0.7929919362068176,
                    -0.4909311830997467,
                    -1.9790884256362915
                ],
                [
                    0.0,
                    0.5263900756835938,
                    0.8502064943313599,
                    3.4274332523345947
                ],
                [
                    0.0,
                    0.0,
                    0.0,
                    1.0
                ]
            ]
        },
        {
            "file_path": "./train/r_40",
            "rotation": 0.06283185307179587,
            "transform_matrix": [
                [
                    0.34880331158638,
                    -0.9242214560508728,
                    0.15533806383609772,
                    0.6262136697769165
                ],
                [
                    0.9371501803398132,
                    0.34399133920669556,
                    -0.057816170156002045,
                    -0.23307406902313232
                ],
                [
                    -3.725130204301763e-09,
                    0.16575460135936737,
                    0.986126184463501,
                    3.9753658771514893
                ],
                [
                    0.0,
                    0.0,
                    0.0,
                    1.0
                ]
            ]
        },
        {
            "file_path": "./train/r_41",
            "rotation": 0.06283185307179587,
            "transform_matrix": [
                [
                    -0.17471645772457123,
                    0.7667887806892395,
                    -0.6176318526268005,
                    -2.489856481552124
                ],
                [
                    -0.9845752120018005,
                    -0.13606946170330048,
                    0.10960102081298828,
                    0.44183412194252014
                ],
                [
                    7.450261296781946e-09,
                    0.6273037195205688,
                    0.778739869594574,
                    3.1393306255340576
                ],
                [
                    0.0,
                    0.0,
                    0.0,
                    1.0
                ]
            ]
        },
        {
            "file_path": "./train/r_42",
            "rotation": 0.06283185307179587,
            "transform_matrix": [
                [
                    0.17762450873851776,
                    -0.13602733612060547,
                    0.9746100902557373,
                    3.928941011428833
                ],
                [
                    0.9840548038482666,
                    0.024553298950195312,
                    -0.17591971158981323,
                    -0.7091843485832214
                ],
                [
                    0.0,
                    0.9903956651687622,
                    0.13822053372859955,
                    0.5572078227996826
                ],
                [
                    0.0,
                    0.0,
                    0.0,
                    1.0
                ]
            ]
        },
        {
            "file_path": "./train/r_43",
            "rotation": 0.06283185307179587,
            "transform_matrix": [
                [
                    0.9670215845108032,
                    0.18522891402244568,
                    -0.17457455396652222,
                    -0.7037615180015564
                ],
                [
                    -0.25452566146850586,
                    0.7037417888641357,
                    -0.6632626056671143,
                    -2.673807382583618
                ],
                [
                    -7.4502595204251065e-09,
                    0.6858773231506348,
                    0.727683961391449,
                    2.9335086345672607
                ],
                [
                    0.0,
                    0.0,
                    0.0,
                    1.0
                ]
            ]
        },
        {
            "file_path": "./train/r_44",
            "rotation": 0.06283185307179587,
            "transform_matrix": [
                [
