{
    "camera_angle_x": 0.6911112070083618,
    "frames": [
        {
            "file_path": "./train/r_0",
            "rotation": 0.06283185307179587,
            "transform_matrix": [
                [
                    -0.048157982528209686,
                    -0.4786277711391449,
                    0.8766584992408752,
                    3.534069538116455
                ],
                [
                    0.9987967014312744,
                    -0.02307751588523388,
                    0.042268965393304825,
                    0.17039869725704193
                ],
                [
                    1.8625653241954865e-09,
                    0.8777087330818176,
                    0.4791664183139801,
                    1.9316613674163818
                ],
                [
                    0.0,
                    0.0,
                    0.0,
                    1.0
                ]
            ]
        },
        {
            "file_path": "./train/r_1",
            "rotation": 0.06283185307179587,
            "transform_matrix": [
                [
                    -0.7802519798278809,
                    -0.10199810564517975,
                    0.6170246601104736,
                    2.4874088764190674
                ],
                [
                    0.6253967881202698,
                    -0.12725397944450378,
                    0.7698068618774414,
                    3.103318929672241
                ],
                [
                    7.450260852692736e-09,
                    0.986606776714325,
                    0.16308049857616425,
                    0.6574257016181946
                ],
                [
                    0.0,
                    0.0,
                    0.0,
                    1.0
                ]
            ]
        },
        {
            "file_path": "./train/r_2",
            "rotation": 0.06283185307179587,
            "transform_matrix": [
                [
                    -0.10129351168870926,
                    -0.3152713477611542,
                    0.9435402154922485,
                    3.803689479827881
                ],
                [
                    0.9948134422302246,
                    -0.03210143744945526,
                    0.09607278555631638,
                    0.3872978091239929
                ],
                [
                    0.0,
                    0.9484531879425049,
                    0.3168899714946747,
                    1.2774770259857178
                ],
                [
                    0.0,
                    0.0,
                    0.0,
                    1.0
                ]
            ]
        },
        {
            "file_path": "./train/r_3",
            "rotation": 0.06283185307179587,
            "transform_matrix": [
                [
                    0.9126551151275635,
                    -0.40112680196762085,
                    0.07800163328647614,
                    0.3144476115703583
                ],
                [
                    0.4086254835128784,
                    0.8959071040153503,
                    -0.17421479523181915,
                    -0.7023112773895264
                ],
                [
                    7.450261296781946e-09,
                    0.19088655710220337,
                    0.9815714359283447,
                    3.9570040702819824
                ],
                [
                    0.0,
                    0.0,
                    0.0,
                    1.0
                ]
            ]
        },
        {
            "file_path": "./train/r_4",
            "rotation": 0.06283185307179587,
            "transform_matrix": [
                [
                    -0.936103105545044,
                    -0.2201165407896042,
                    0.2741858959197998,
                    1.105324387550354
                ],
                [
                    0.3516038954257965,
                    -0.5860338807106018,
                    0.7299869656562805,
                    2.942793130874634
                ],
                [
                    1.4900523481742312e-08,
                    0.7798095345497131,
                    0.6259860396385193,
                    2.5235347747802734
                ],
                [
                    0.0,
                    0.0,
                    0.0,
                    1.0
                ]
            ]
        },
        {
            "file_path": "./train/r_5",
            "rotation": 0.06283185307179587,
            "transform_matrix": [
                [
                    0.7138738036155701,
                    0.5804960131645203,
                    -0.39159756898880005,
                    -1.5786454677581787
                ],
                [
                    -0.7002130150794983,
                    0.5918211936950684,
                    -0.3992374539375305,
                    -1.6094441413879395
                ],
                [
                    1.4900522593563892e-08,
                    0.5592511892318726,
                    0.8289621472358704,
                    3.3417911529541016
                ],
                [
                    0.0,
                    0.0,
                    0.0,
                    1.0
                ]
            ]
        },
        {
            "file_path": "./train/r_6",
            "rotation": 0.06283185307179587,
            "transform_matrix": [
                [
                    0.979976236820221,
                    0.03896402567625046,
                    -0.1950453817844391,
                    -0.7862855792045593
                ],
                [
                    -0.19889859855175018,
                    0.19197630882263184,
                    -0.9609913229942322,
                    -3.874040126800537
                ],
                [
                    0.0,
                    0.980620801448822,
                    0.1958833783864975,
                    0.7896638512611389
                ],
                [
                    0.0,
                    0.0,
                    0.0,
                    1.0
                ]
            ]
        },
        {
            "file_path": "./train/r_7",
            "rotation": 0.06283185307179587,
            "transform_matrix": [
                [
                    0.990664005279541,
                    -0.023577246814966202,
                    0.13395190238952637,
                    0.5399996638298035
                ],
                [
                    0.13601066172122955,
                    0.1717301458120346,
                    -0.9756686091423035,
                    -3.933208465576172
                ],
                [
                    -1.8625653241954865e-09,
                    0.9848567247390747,
                    0.1733347773551941,
                    0.6987637281417847
                ],
                [
                    0.0,
                    0.0,
                    0.0,
                    1.0
                ]
            ]
        },
        {
            "file_path": "./train/r_8",
            "rotation": 0.06283185307179587,
            "transform_matrix": [
                [
                    0.5244426131248474,
                    0.4828859865665436,
                    -0.7012235522270203,
                    -2.8268396854400635
                ],
                [
                    -0.851395308971405,
                    0.29744818806648254,
                    -0.4319397807121277,
                    -1.7412769794464111
                ],
                [
                    0.0,
                    0.8236115574836731,
                    0.5671249628067017,
                    2.2862484455108643
                ],
                [
                    0.0,
                    0.0,
                    0.0,
                    1.0
                ]
            ]
        },
        {
            "file_path": "./train/r_9",
            "rotation": 0.06283185307179587,
            "transform_matrix": [
                [
                    -0.999187707901001,
                    0.03286780044436455,
                    -0.02139631286263466,
                    -0.08625486493110657
                ],
                [
                    -0.03921748325228691,
                    -0.8374097347259521,
                    0.5451377630233765,
                    2.1976113319396973
                ],
                [
                    -1.8625651021508816e-09,
                    0.5455772876739502,
                    0.8380240797996521,
                    3.3783226013183594
                ],
                [
                    0.0,
                    0.0,
                    0.0,
                    1.0
                ]
            ]
        },
        {
            "file_path": "./train/r_10",
            "rotation": 0.06283185307179587,
            "transform_matrix": [
                [
                    -0.682092010974884,
                    0.3171222507953644,
                    -0.6588680148124695,
                    -2.6560916900634766
                ],
                [
                    -0.7312076687812805,
                    -0.2958209812641144,
                    0.6146114468574524,
                    2.4776806831359863
                ],
                [
                    0.0,
                    0.9010623097419739,
                    0.43366217613220215,
                    1.748220443725586
                ],
                [
                    0.0,
                    0.0,
                    0.0,
                    1.0
                ]
            ]
        },
        {
            "file_path": "./train/r_11",
            "rotation": 0.06283185307179587,
            "transform_matrix": [
                [
                    0.24329480528831482,
                    0.4656659960746765,
                    -0.8508206009864807,
                    -3.4299089908599854
                ],
                [
                    -0.9699081778526306,
                    0.11680912226438522,
                    -0.2134225219488144,
                    -0.8603691458702087
                ],
                [
                    0.0,
                    0.8772117495536804,
                    0.4800755977630615,
                    1.935326337814331
                ],
                [
                    0.0,
                    0.0,
                    0.0,
                    1.0
                ]
            ]
        },
        {
            "file_path": "./train/r_12",
            "rotation": 0.06283185307179587,
            "transform_matrix": [
                [
                    -0.9718014597892761,
                    0.22348622977733612,
                    -0.0746578797698021,
                    -0.3009679615497589
                ],
                [
                    -0.23561851680278778,
                    -0.921762228012085,
                    0.30792418122291565,
                    1.2413333654403687
                ],
                [
                    0.0,
                    0.3168569803237915,
                    0.9484335780143738,
                    3.823415994644165
                ],
                [
                    0.0,
                    0.0,
                    0.0,
                    1.0
                ]
            ]
        },
        {
            "file_path": "./train/r_13",
            "rotation": 0.06283185307179587,
            "transform_matrix": [
                [
                    -0.895121157169342,
                    0.34343641996383667,
                    -0.2841356098651886,
                    -1.1454346179962158
                ],
                [
                    -0.44572684168815613,
                    -0.6896986961364746,
                    0.5706091523170471,
                    2.3002939224243164
                ],
                [
                    0.0,
                    0.6374616026878357,
                    0.7704476118087769,
                    3.1059019565582275
                ],
                [
                    0.0,
                    0.0,
                    0.0,
                    1.0
                ]
            ]
        },
        {
            "file_path": "./train/r_14",
            "rotation": 0.06283185307179587,
            "transform_matrix": [
                [
                    0.9997479319572449,
                    -0.016745690256357193,
                    0.011742066591978073,
                    0.04733574017882347
                ],
                [
                    0.020451713353395462,
                    0.8185851573944092,
                    -0.5739913582801819,
                    -2.3139288425445557
                ],
                [
                    0.0,
                    0.5741323232650757,
                    0.8187267184257507,
                    3.3005292415618896
                ],
                [
                    0.0,
                    0.0,
                    0.0,
                    1.0
                ]
            ]
        },
        {
            "file_path": "./train/r_15",
            "rotation": 0.06283185307179587,
            "transform_matrix": [
                [
                    0.7293546795845032,
                    0.24639981985092163,
                    -0.6381606459617615,
                    -2.5726139545440674
                ],
                [
                    -0.6840730905532837,
                    0.2627100348472595,
                    -0.6804031133651733,
                    -2.742905855178833
                ],
                [
                    1.4900523481742312e-08,
                    0.9328774809837341,
                    0.3601667284965515,
                    1.4519383907318115
                ],
                [
                    0.0,
                    0.0,
                    0.0,
                    1.0
                ]
            ]
        },
        {
            "file_path": "./train/r_16",
            "rotation": 0.06283185307179587,
            "transform_matrix": [
                [
                    -0.4477992653846741,
                    -0.7995206713676453,
                    0.4002569615840912,
                    1.6135542392730713
                ],
                [
                    0.8940861821174622,
                    -0.40043655037879944,
                    0.20046702027320862,
                    0.8081418871879578
                ],
                [
                    -1.4900521705385472e-08,
                    0.44766879081726074,
                    0.8941614031791687,
                    3.6046290397644043
                ],
                [
                    0.0,
                    0.0,
                    0.0,
                    1.0
                ]
            ]
        },
        {
            "file_path": "./train/r_17",
            "rotation": 0.06283185307179587,
            "transform_matrix": [
                [
                    0.3242645263671875,
                    0.854160726070404,
                    -0.40648749470710754,
                    -1.6386711597442627
                ],
                [
                    -0.9459210634231567,
                    0.29280880093574524,
                    -0.13934509456157684,
                    -0.5617412328720093
                ],
                [
                    7.450259964514316e-09,
                    0.42972373962402344,
                    0.9029220342636108,
                    3.6399455070495605
                ],
                [
                    0.0,
                    0.0,
                    0.0,
                    1.0
                ]
            ]
        },
        {
            "file_path": "./train/r_18",
            "rotation": 0.06283185307179587,
            "transform_matrix": [
                [
                    -0.7515779137611389,
                    -0.23719196021556854,
                    0.6154595613479614,
                    2.4810991287231445
                ],
                [
                    0.6595794558525085,
                    -0.2702755928039551,
                    0.7013041377067566,
                    2.8271639347076416
                ],
                [
                    0.0,
                    0.9331029057502747,
                    0.35958248376846313,
                    1.4495831727981567
                ],
                [
                    0.0,
                    0.0,
                    0.0,
                    1.0
                ]
            ]
        },
        {
            "file_path": "./train/r_19",
            "rotation": 0.06283185307179587,
            "transform_matrix": [
                [
                    -0.5787820219993591,
                    0.6642522215843201,
                    -0.4729996621608734,
                    -1.906801462173462
                ],
                [
                    -0.8154295682907104,
                    -0.47147807478904724,
                    0.3357294201850891,
                    1.3534244298934937
                ],
                [
                    1.4900520817207052e-08,
                    0.5800580382347107,
                    0.8145394325256348,
                    3.28364896774292
                ],
                [
                    0.0,
                    0.0,
                    0.0,
                    1.0
                ]
            ]
        },
        {
            "file_path": "./train/r_20",
            "rotation": 0.06283185307179587,
            "transform_matrix": [
                [
                    0.6968726515769958,
                    -0.6617038249969482,
                    0.2765215337276459,
                    1.114740014076233
                ],
                [
                    0.7171351313591003,
                    0.6430075764656067,
                    -0.2687084972858429,
                    -1.0832432508468628
                ],
                [
                    -1.4900523481742312e-08,
                    0.3855893611907959,
                    0.922631561756134,
                    3.719400405883789
                ],
                [
                    0.0,
                    0.0,
                    0.0,
                    1.0
                ]
            ]
        },
        {
            "file_path": "./train/r_21",
            "rotation": 0.06283185307179587,
            "transform_matrix": [
                [
                    0.9799911975860596,
                    -0.15587668120861053,
                    0.12343335896730423,
                    0.4975963234901428
                ],
                [
                    0.1988251656293869,
                    0.7683020234107971,
                    -0.6083917617797852,
                    -2.4526069164276123
                ],
                [
                    0.0,
                    0.6208093166351318,
                    0.7839267253875732,
                    3.1602401733398438
                ],
                [
                    0.0,
                    0.0,
                    0.0,
                    1.0
                ]
            ]
        },
        {
            "file_path": "./train/r_22",
            "rotation": 0.06283185307179587,
            "transform_matrix": [
                [
                    -0.6703483462333679,
                    0.13375303149223328,
                    -0.7298358678817749,
                    -2.9421839714050293
                ],
                [
                    -0.7419886589050293,
                    -0.1208389475941658,
                    0.6593689322471619,
                    2.658111095428467
                ],
                [
                    0.0,
                    0.9836147427558899,
                    0.18024861812591553,
                    0.7266354560852051
                ],
                [
                    0.0,
                    0.0,
                    0.0,
                    1.0
                ]
            ]
        },
        {
            "file_path": "./train/r_23",
            "rotation": 0.06283185307179587,
            "transform_matrix": [
                [
                    -0.9775375127792358,
                    0.20337124168872833,
                    -0.05456915870308876,
                    -0.21998439729213715
                ],
                [
                    -0.21055762469768524,
                    -0.9441739916801453,
                    0.25334349274635315,
                    1.0213024616241455
                ],
                [
                    0.0,
                    0.2591632604598999,
                    0.9657933115959167,
                    3.8933980464935303
                ],
                [
                    0.0,
                    0.0,
                    0.0,
                    1.0
                ]
            ]
        },
        {
            "file_path": "./train/r_24",
            "rotation": 0.06283185307179587,
            "transform_matrix": [
                [
                    -0.2655397355556488,
                    0.48502808809280396,
                    -0.8331690430641174,
                    -3.358750581741333
                ],
                [
                    -0.9640554189682007,
                    -0.1335962861776352,
                    0.229488343000412,
                    0.9251353144645691
                ],
                [
                    0.0,
                    0.864227831363678,
                    0.5030723810195923,
                    2.028033494949341
                ],
                [
                    0.0,
                    0.0,
                    0.0,
                    1.0
                ]
            ]
        },
        {
            "file_path": "./train/r_25",
            "rotation": 0.06283185307179587,
            "transform_matrix": [
                [
                    -0.21478460729122162,
                    -0.9454470276832581,
                    0.2449076622724533,
                    0.9872951507568359
                ],
                [
                    0.9766175150871277,
                    -0.20792938768863678,
                    0.0538618266582489,
                    0.21713292598724365
                ],
                [
                    0.0,
                    0.2507694363594055,
                    0.9680064916610718,
                    3.902320146560669
                ],
                [
                    0.0,
                    0.0,
                    0.0,
                    1.0
                ]
            ]
        },
        {
            "file_path": "./train/r_26",
            "rotation": 0.06283185307179587,
            "transform_matrix": [
                [
                    0.7437781691551208,
                    0.24008023738861084,
                    -0.6237589120864868,
                    -2.514556407928467
                ],
                [
                    -0.6683623194694519,
                    0.2671701908111572,
                    -0.6941420435905457,
                    -2.7982914447784424
                ],
                [
                    0.0,
                    0.9332584738731384,
                    0.359178364276886,
                    1.4479540586471558
                ],
                [
                    0.0,
                    0.0,
                    0.0,
                    1.0
                ]
            ]
        },
        {
            "file_path": "./train/r_27",
            "rotation": 0.06283185307179587,
            "transform_matrix": [
                [
                    -0.8070526123046875,
                    0.15908002853393555,
                    -0.5685743689537048,
                    -2.2920913696289062
                ],
                [
                    -0.5904069542884827,
                    -0.21745331585407257,
                    0.777208685874939,
                    3.133157968521118
                ],
                [
                    0.0,
                    0.9630149006843567,
                    0.26941996812820435,
                    1.0861114263534546
                ],
                [
                    0.0,
                    0.0,
                    0.0,
                    1.0
                ]
            ]
        },
        {
            "file_path": "./train/r_28",
            "rotation": 0.06283185307179587,
            "transform_matrix": [
                [
                    -0.8653093576431274,
                    0.16358953714370728,
                    -0.47370362281799316,
                    -1.9096390008926392
                ],
                [
                    -0.501152515411377,
                    -0.2824600338935852,
                    0.8179150819778442,
                    3.2972567081451416
                ],
                [
                    1.4900519929028633e-08,
                    0.9452221393585205,
                    0.3264007866382599,
                    1.3158178329467773
                ],
                [
                    0.0,
                    0.0,
                    0.0,
                    1.0
                ]
            ]
        },
        {
            "file_path": "./train/r_29",
            "rotation": 0.06283185307179587,
            "transform_matrix": [
                [
                    0.4678875803947449,
                    -0.19859479367733002,
                    0.8611392378807068,
                    3.4715068340301514
                ],
                [
                    0.8837395310401917,
                    0.10514416545629501,
                    -0.45592212677001953,
                    -1.8379567861557007
                ],
                [
                    0.0,
                    0.9744201302528381,
                    0.22470320761203766,
                    0.905845046043396
                ],
                [
                    0.0,
                    0.0,
                    0.0,
                    1.0
                ]
            ]
        },
        {
            "file_path": "./train/r_30",
            "rotation": 0.06283185307179587,
            "transform_matrix": [
                [
                    -0.9473111033439636,
                    -0.09420553594827652,
                    0.3060102164745331,
                    1.2336175441741943
                ],
                [
                    0.3201811611652374,
                    -0.2787233293056488,
                    0.9053839445114136,
                    3.6498701572418213
                ],
                [
                    7.450261740871156e-09,
                    0.9557344913482666,
                    0.29420244693756104,
                    1.1860170364379883
                ],
                [
                    0.0,
                    0.0,
                    0.0,
                    1.0
                ]
            ]
        },
        {
            "file_path": "./train/r_31",
            "rotation": 0.06283185307179587,
            "transform_matrix": [
                [
                    0.9961942434310913,
                    0.06916166096925735,
                    -0.05223247781395912,
                    -0.2105645388364792
                ],
                [
                    -0.08666715025901794,
                    0.794977605342865,
                    -0.6003854870796204,
                    -2.4203310012817383
                ],
                [
                    -3.725130204301763e-09,
                    0.6026750802993774,
                    0.7979515194892883,
                    3.216778039932251
                ],
                [
                    0.0,
                    0.0,
                    0.0,
                    1.0
                ]
            ]
        },
        {
            "file_path": "./train/r_32",
            "rotation": 0.06283185307179587,
            "transform_matrix": [
                [
                    0.9998518824577332,
                    0.0058833397924900055,
                    -0.013263463042676449,
                    -0.053468938916921616
                ],
                [
                    -0.014509651809930801,
                    0.4054175913333893,
                    -0.9139777421951294,
                    -3.684514284133911
                ],
                [
                    -4.6564135880444724e-10,
                    0.9141072034835815,
                    0.40544551610946655,
                    1.6344707012176514
                ],
                [
                    0.0,
                    0.0,
                    0.0,
                    1.0
                ]
            ]
        },
        {
            "file_path": "./train/r_33",
            "rotation": 0.06283185307179587,
            "transform_matrix": [
                [
                    0.9718152284622192,
                    -0.09721134603023529,
                    0.21456964313983917,
                    0.8649936318397522
                ],
                [
                    0.23556169867515564,
                    0.40104764699935913,
                    -0.8852120637893677,
                    -3.5685513019561768
                ],
                [
                    0.0,
                    0.9108790755271912,
                    0.4126461446285248,
                    1.6634985208511353
                ],
                [
                    0.0,
                    0.0,
                    0.0,
                    1.0
                ]
            ]
        },
        {
            "file_path": "./train/r_34",
            "rotation": 0.06283185307179587,
            "transform_matrix": [
                [
                    0.005773729644715786,
                    -0.8637526631355286,
                    0.503854513168335,
                    2.031186103820801
                ],
                [
                    0.9999404549598694,
                    0.0049873716197907925,
                    -0.002909292932599783,
                    -0.011728217825293541
                ],
                [
                    -2.328206655244358e-10,
                    0.5038811564445496,
                    0.8637358546257019,
                    3.4819741249084473
                ],
                [
                    0.0,
                    0.0,
                    0.0,
                    1.0
                ]
            ]
        },
        {
            "file_path": "./train/r_35",
            "rotation": 0.06283185307179587,
            "transform_matrix": [
                [
                    0.8639976978302002,
                    0.3113196790218353,
                    -0.3956137001514435,
                    -1.594835638999939
                ],
                [
                    -0.5034106969833374,
                    0.5343142151832581,
                    -0.6789869070053101,
                    -2.737196922302246
                ],
                [
                    1.4900523481742312e-08,
                    0.7858614325523376,
                    0.6183719038963318,
                    2.492840051651001
                ],
                [
                    0.0,
                    0.0,
                    0.0,
                    1.0
                ]
            ]
        },
        {
            "file_path": "./train/r_36",
            "rotation": 0.06283185307179587,
            "transform_matrix": [
                [
                    0.11969370394945145,
                    -0.9103342294692993,
                    0.3961597681045532,
                    1.5970370769500732
                ],
                [
                    0.9927676916122437,
                    0.10975504666566849,
                    -0.047763265669345856,
                    -0.19254784286022186
                ],
                [
                    0.0,
                    0.39904311299324036,
                    0.9168934226036072,
                    3.696268081665039
                ],
                [
                    0.0,
                    0.0,
                    0.0,
                    1.0
                ]
            ]
        },
        {
            "file_path": "./train/r_37",
            "rotation": 0.06283185307179587,
            "transform_matrix": [
                [
                    -0.6305148005485535,
                    -0.6698075532913208,
                    0.39211946725845337,
                    1.5807493925094604
                ],
                [
                    0.7761220932006836,
                    -0.5441458225250244,
                    0.3185544013977051,
                    1.284186840057373
                ],
                [
                    2.9801045187127784e-08,
                    0.5052257776260376,
                    0.8629501461982727,
                    3.478806734085083
                ],
                [
                    0.0,
                    0.0,
                    0.0,
                    1.0
                ]
            ]
        },
        {
            "file_path": "./train/r_38",
            "rotation": 0.06283185307179587,
            "transform_matrix": [
                [
                    -0.9718525409698486,
                    0.10043816268444061,
                    -0.2129085212945938,
                    -0.8582972288131714
                ],
                [
                    -0.23540809750556946,
                    -0.4146462678909302,
                    0.8789659142494202,
                    3.5433714389801025
                ],
                [
                    0.0,
                    0.9044172167778015,
                    0.42662176489830017,
                    1.7198385000228882
                ],
                [
                    0.0,
                    0.0,
                    0.0,
                    1.0
                ]
            ]
        },
        {
            "file_path": "./train/r_39",
            "rotation": 0.06283185307179587,
            "transform_matrix": [
                [
                    -0.516251266002655,
                    -0.6697250008583069,
                    0.5337622165679932,
                    2.1517531871795654
                ],
                [
                    0.8563871383666992,
                    -0.403726726770401,
                    0.3217650055885315,
                    1.29712975025177
                ],
                [
                    1.4900524369920731e-08,
                    0.6232678890228271,
                    0.7819734811782837,
                    3.1523661613464355
                ],
                [
                    0.0,
                    0.0,
                    0.0,
                    1.0
                ]
            ]
        },
        {
            "file_path": "./train/r_40",
            "rotation": 0.06283185307179587,
            "transform_matrix": [
                [
                    0.9871923327445984,
                    0.13801194727420807,
                    -0.07949628680944443,
                    -0.32047298550605774
                ],
                [
                    -0.15926547348499298,
                    0.8554543256759644,
                    -0.4927503764629364,
                    -1.9864221811294556
                ],
                [
                    7.450261740871156e-09,
                    0.49913984537124634,
                    0.8664841651916504,
                    3.493053674697876
                ],
                [
                    0.0,
                    0.0,
                    0.0,
                    1.0
                ]
            ]
        },
        {
            "file_path": "./train/r_41",
            "rotation": 0.06283185307179587,
            "transform_matrix": [
                [
                    -0.45185667276382446,
                    -0.2710033357143402,
                    0.8498851656913757,
                    3.426138162612915
                ],
                [
                    0.892042338848114,
                    -0.13727450370788574,
                    0.4305022954940796,
                    1.7354819774627686
                ],
                [
                    -7.4502595204251065e-09,
                    0.9527343511581421,
                    0.30377694964408875,
                    1.2246146202087402
                ],
                [
                    0.0,
                    0.0,
                    0.0,
                    1.0
                ]
            ]
        },
        {
            "file_path": "./train/r_42",
            "rotation": 0.06283185307179587,
            "transform_matrix": [
                [
                    -0.8561305999755859,
                    0.2589057981967926,
                    -0.447133332490921,
                    -1.8025264739990234
                ],
                [
                    -0.5166766047477722,
                    -0.42900556325912476,
                    0.7408976554870605,
                    2.9867773056030273
                ],
                [
                    1.4900523481742312e-08,
                    0.8653968572616577,
                    0.5010586977005005,
                    2.0199155807495117
                ],
                [
                    0.0,
                    0.0,
                    0.0,
                    1.0
                ]
            ]
        },
        {
            "file_path": "./train/r_43",
            "rotation": 0.06283185307179587,
            "transform_matrix": [
                [
                    0.6457468271255493,
                    0.6183272004127502,
                    -0.44791316986083984,
                    -1.8056703805923462
                ],
                [
                    -0.7634954452514648,
                    0.5229669213294983,
                    -0.37883463501930237,
                    -1.5271943807601929
                ],
                [
                    0.0,
                    0.5866573452949524,
                    0.8097996711730957,
                    3.2645416259765625
                ],
                [
                    0.0,
                    0.0,
                    0.0,
                    1.0
