{
    "camera_angle_x": 0.6911112070083618,
    "frames": [
        {
            "file_path": "./train/r_0",
            "rotation": 0.06283185307179587,
            "transform_matrix": [
                [
                    -0.7884775996208191,
                    -0.3174790143966675,
                    0.5267189741134644,
                    2.1233599185943604
                ],
                [
                    0.6149937510490417,
                    -0.40703681111335754,
                    0.6753013134002686,
                    2.722339153289795
                ],
                [
                    1.4900522593563892e-08,
                    0.8564565777778625,
                    0.5161904692649841,
                    2.080916404724121
                ],
                [
                    0.0,
                    0.0,
                    0.0,
                    1.0
                ]
            ]
        },
        {
            "file_path": "./train/r_1",
            "rotation": 0.06283185307179587,
            "transform_matrix": [
                [
                    -0.35260775685310364,
                    -0.5267782211303711,
                    0.7733755111694336,
                    3.1177051067352295
                ],
                [
                    0.9357253909111023,
                    -0.19850492477416992,
                    0.291429728269577,
                    1.1748393774032593
                ],
                [
                    0.0,
                    0.8264929056167603,
                    0.5629177689552307,
                    2.2692878246307373
                ],
                [
                    0.0,
                    0.0,
                    0.0,
                    1.0
                ]
            ]
        },
        {
            "file_path": "./train/r_2",
            "rotation": 0.06283185307179587,
            "transform_matrix": [
                [
                    0.12446357309818268,
                    -0.5228500962257385,
                    0.8432519435882568,
                    3.399397611618042
                ],
                [
                    0.9921810030937195,
                    0.06558863073587418,
                    -0.10578125715255737,
                    -0.4264355003833771
                ],
                [
                    0.0,
                    0.849891722202301,
                    0.5269287824630737,
                    2.1242055892944336
                ],
                [
                    0.0,
                    0.0,
                    0.0,
                    1.0
                ]
            ]
        },
        {
            "file_path": "./train/r_3",
            "rotation": 0.06283185307179587,
            "transform_matrix": [
                [
                    -0.1631755381822586,
                    0.6824595332145691,
                    -0.7124421000480652,
                    -2.8720645904541016
                ],
                [
                    -0.9865535497665405,
                    -0.11287852376699448,
                    0.11783763021230698,
                    0.4750382900238037
                ],
                [
                    -7.450261296781946e-09,
                    0.7221477627754211,
                    0.6917064785957336,
                    2.788473129272461
                ],
                [
                    0.0,
                    0.0,
                    0.0,
                    1.0
                ]
            ]
        },
        {
            "file_path": "./train/r_4",
            "rotation": 0.06283185307179587,
            "transform_matrix": [
                [
                    0.46778255701065063,
                    0.31191104650497437,
                    -0.826930820941925,
                    -3.3336026668548584
                ],
                [
                    -0.8837950825691223,
                    0.16509093344211578,
                    -0.4376849830150604,
                    -1.7644376754760742
                ],
                [
                    0.0,
                    0.9356529116630554,
                    0.3528943955898285,
                    1.422621726989746
                ],
                [
                    0.0,
                    0.0,
                    0.0,
                    1.0
                ]
            ]
        },
        {
            "file_path": "./train/r_5",
            "rotation": 0.06283185307179587,
            "transform_matrix": [
                [
                    0.9047800898551941,
                    -0.19549471139907837,
                    0.37824904918670654,
                    1.5248336791992188
                ],
                [
                    0.4257782995700836,
                    0.4154268205165863,
                    -0.8037802577018738,
                    -3.2402756214141846
                ],
                [
                    0.0,
                    0.8883649110794067,
                    0.4591103792190552,
                    1.8508095741271973
                ],
                [
                    0.0,
                    0.0,
                    0.0,
                    1.0
                ]
            ]
        },
        {
            "file_path": "./train/r_6",
            "rotation": 0.06283185307179587,
            "transform_matrix": [
                [
                    -0.42298102378845215,
                    0.7288594841957092,
                    -0.5383365154266357,
                    -2.1701934337615967
                ],
                [
                    -0.9060913324356079,
                    -0.3402457535266876,
                    0.2513059675693512,
                    1.013088583946228
                ],
                [
                    1.4900523481742312e-08,
                    0.5941266417503357,
                    0.8043360710144043,
                    3.242516279220581
                ],
                [
                    0.0,
                    0.0,
                    0.0,
                    1.0
                ]
            ]
        },
        {
            "file_path": "./train/r_7",
            "rotation": 0.06283185307179587,
            "transform_matrix": [
                [
                    0.38419270515441895,
                    0.815963864326477,
                    -0.43193092942237854,
                    -1.741241216659546
                ],
                [
                    -0.9232063293457031,
                    0.33956366777420044,
                    -0.17974825203418732,
                    -0.7246183156967163
                ],
                [
                    -1.4900519040850213e-08,
                    0.46785634756088257,
                    0.883766770362854,
                    3.5627248287200928
                ],
                [
                    0.0,
                    0.0,
                    0.0,
                    1.0
                ]
            ]
        },
        {
            "file_path": "./train/r_8",
            "rotation": 0.06283185307179587,
            "transform_matrix": [
                [
                    0.9589493274688721,
                    -0.13699142634868622,
                    0.24812379479408264,
                    1.000260353088379
                ],
                [
                    0.28342628479003906,
                    0.46349912881851196,
                    -0.8395062685012817,
                    -3.3842978477478027
                ],
                [
                    0.0,
                    0.8754380941390991,
                    0.4833023250102997,
                    1.9483344554901123
                ],
                [
                    0.0,
                    0.0,
                    0.0,
                    1.0
                ]
            ]
        },
        {
            "file_path": "./train/r_9",
            "rotation": 0.06283185307179587,
            "transform_matrix": [
                [
                    -0.529507577419281,
                    -0.26901477575302124,
                    0.8044715523719788,
                    3.2430622577667236
                ],
                [
                    0.8482545018196106,
                    -0.16792763769626617,
                    0.5021768808364868,
                    2.024423122406006
                ],
                [
                    0.0,
                    0.9483782052993774,
                    0.31711411476135254,
                    1.2783806324005127
                ],
                [
                    0.0,
                    0.0,
                    0.0,
                    1.0
                ]
            ]
        },
        {
            "file_path": "./train/r_10",
            "rotation": 0.06283185307179587,
            "transform_matrix": [
                [
                    -0.9555398225784302,
                    -0.2364736944437027,
                    0.17590464651584625,
                    0.7091236114501953
                ],
                [
                    0.2947166860103607,
                    -0.7667025327682495,
                    0.5703237056732178,
                    2.2991433143615723
                ],
                [
                    -1.4900521705385472e-08,
                    0.5968562960624695,
                    0.8023127913475037,
                    3.2343599796295166
                ],
                [
                    0.0,
                    0.0,
                    0.0,
                    1.0
                ]
            ]
        },
        {
            "file_path": "./train/r_11",
            "rotation": 0.06283185307179587,
            "transform_matrix": [
                [
                    0.11852432787418365,
                    -0.8257057666778564,
                    0.5514788031578064,
                    2.2231738567352295
                ],
                [
                    0.9929078817367554,
                    0.0985652506351471,
                    -0.0658305287361145,
                    -0.265382319688797
                ],
                [
                    3.725130648390973e-09,
                    0.5554141402244568,
                    0.8315376043319702,
                    3.3521738052368164
                ],
                [
                    0.0,
                    0.0,
                    0.0,
                    1.0
                ]
            ]
        },
        {
            "file_path": "./train/r_12",
            "rotation": 0.06283185307179587,
            "transform_matrix": [
                [
                    -0.251404345035553,
                    0.7749149799346924,
                    -0.5798822641372681,
                    -2.337676525115967
                ],
                [
                    -0.9678378105163574,
                    -0.20129096508026123,
                    0.15062950551509857,
                    0.6072320342063904
                ],
                [
                    0.0,
                    0.5991482734680176,
                    0.8006027936935425,
                    3.227466106414795
                ],
                [
                    0.0,
                    0.0,
                    0.0,
                    1.0
                ]
            ]
        },
        {
            "file_path": "./train/r_13",
            "rotation": 0.06283185307179587,
            "transform_matrix": [
                [
                    0.5190815329551697,
                    -0.15667106211185455,
                    0.8401945233345032,
                    3.3870723247528076
                ],
                [
                    0.8546744585037231,
                    0.09515324234962463,
                    -0.5102871656417847,
                    -2.0571184158325195
                ],
                [
                    0.0,
                    0.9830513000488281,
                    0.18329627811908722,
                    0.7389214634895325
                ],
                [
                    0.0,
                    0.0,
                    0.0,
                    1.0
                ]
            ]
        },
        {
            "file_path": "./train/r_14",
            "rotation": 0.06283185307179587,
            "transform_matrix": [
                [
                    -0.9127807021141052,
                    0.286891371011734,
                    -0.2905946969985962,
                    -1.1714730262756348
                ],
                [
                    -0.40834465622901917,
                    -0.6412937641143799,
                    0.6495718955993652,
                    2.6186161041259766
                ],
                [
                    1.4900519040850213e-08,
                    0.711635947227478,
                    0.7025159001350403,
                    2.8320488929748535
                ],
                [
                    0.0,
                    0.0,
                    0.0,
                    1.0
                ]
            ]
        },
        {
            "file_path": "./train/r_15",
            "rotation": 0.06283185307179587,
            "transform_matrix": [
                [
                    0.948412299156189,
                    0.1011744886636734,
                    -0.3003215789794922,
                    -1.2106850147247314
                ],
                [
                    -0.3169041574001312,
                    0.3027891218662262,
                    -0.8987849354743958,
                    -3.623267412185669
                ],
                [
                    0.0,
                    0.9476668238639832,
                    0.31923365592956543,
                    1.2869250774383545
                ],
                [
                    0.0,
                    0.0,
                    0.0,
                    1.0
                ]
            ]
        },
        {
            "file_path": "./train/r_16",
            "rotation": 0.06283185307179587,
            "transform_matrix": [
                [
                    -0.7824330925941467,
                    -0.5398342609405518,
                    0.31034520268440247,
                    1.2510931491851807
                ],
                [
                    0.6226658821105957,
                    -0.6783480644226074,
                    0.3899753987789154,
                    1.572106122970581
                ],
                [
                    -1.4900521705385472e-08,
                    0.4984104335308075,
                    0.8669039011001587,
                    3.4947457313537598
                ],
                [
                    0.0,
                    0.0,
                    0.0,
                    1.0
                ]
            ]
        },
        {
            "file_path": "./train/r_17",
            "rotation": 0.06283185307179587,
            "transform_matrix": [
                [
                    0.818352222442627,
                    0.2474815547466278,
                    -0.5186254382133484,
                    -2.0907323360443115
                ],
                [
                    -0.5746424794197083,
                    0.35244011878967285,
                    -0.7385779023170471,
                    -2.9774258136749268
                ],
                [
                    -1.4900523481742312e-08,
                    0.9025124907493591,
                    0.43063637614250183,
                    1.7360224723815918
                ],
                [
                    0.0,
                    0.0,
                    0.0,
                    1.0
                ]
            ]
        },
        {
            "file_path": "./train/r_18",
            "rotation": 0.06283185307179587,
            "transform_matrix": [
                [
                    -0.9967228770256042,
                    0.024058811366558075,
                    -0.07667392492294312,
                    -0.30909526348114014
                ],
                [
                    -0.08035954087972641,
                    -0.29840847849845886,
                    0.9510091543197632,
                    3.833799123764038
                ],
                [
                    -1.862565213173184e-09,
                    0.954129695892334,
                    0.2993658781051636,
                    1.2068324089050293
                ],
                [
                    0.0,
                    0.0,
                    0.0,
                    1.0
                ]
            ]
        },
        {
            "file_path": "./train/r_19",
            "rotation": 0.06283185307179587,
            "transform_matrix": [
                [
                    -0.4657042324542999,
                    -0.787489652633667,
                    0.40365976095199585,
                    1.6272715330123901
                ],
                [
                    0.8848919868469238,
                    -0.4144429862499237,
                    0.21243953704833984,
                    0.8564064502716064
                ],
                [
                    0.0,
                    0.45616549253463745,
                    0.8898571133613586,
                    3.5872766971588135
                ],
                [
                    0.0,
                    0.0,
                    0.0,
                    1.0
                ]
            ]
        },
        {
            "file_path": "./train/r_20",
            "rotation": 0.06283185307179587,
            "transform_matrix": [
                [
                    -0.062687449157238,
                    -0.6117715239524841,
                    0.7885115742683411,
                    3.178723096847534
                ],
                [
                    0.9979901313781738,
                    -0.03842763230204582,
                    0.04952932894229889,
                    0.19966734945774078
                ],
                [
                    1.8625648801062766e-09,
                    0.7900944352149963,
                    0.61295485496521,
                    2.4710021018981934
                ],
                [
                    0.0,
                    0.0,
                    0.0,
                    1.0
                ]
            ]
        },
        {
            "file_path": "./train/r_21",
            "rotation": 0.06283185307179587,
            "transform_matrix": [
                [
                    -0.42386189103126526,
                    0.8314196467399597,
                    -0.35923466086387634,
                    -1.4481810331344604
                ],
                [
                    -0.9056793451309204,
                    -0.3891080319881439,
                    0.16812340915203094,
                    0.6777551174163818
                ],
                [
                    1.4900519040850213e-08,
                    0.3966439664363861,
                    0.9179337620735168,
                    3.7004621028900146
                ],
                [
                    0.0,
                    0.0,
                    0.0,
                    1.0
                ]
            ]
        },
        {
            "file_path": "./train/r_22",
            "rotation": 0.06283185307179587,
            "transform_matrix": [
                [
                    -0.941716730594635,
                    0.08527261018753052,
                    -0.32528984546661377,
                    -1.3113394975662231
                ],
                [
                    -0.3362796902656555,
                    -0.2387971580028534,
                    0.9109407663345337,
                    3.672271251678467
                ],
                [
                    0.0,
                    0.9673129916191101,
                    0.25355640053749084,
                    1.0221607685089111
                ],
                [
                    0.0,
                    0.0,
                    0.0,
                    1.0
                ]
            ]
        },
        {
            "file_path": "./train/r_23",
            "rotation": 0.06283185307179587,
            "transform_matrix": [
                [
                    -0.9913745522499084,
                    -0.08416923880577087,
                    0.10003411769866943,
                    0.4032670855522156
                ],
                [
                    0.1307314783334732,
                    -0.6382796168327332,
                    0.7585875988006592,
                    3.058090925216675
                ],
                [
                    -7.450262184960366e-09,
                    0.7651826739311218,
                    0.6437820196151733,
                    2.595275402069092
                ],
                [
                    0.0,
                    0.0,
                    0.0,
                    1.0
                ]
            ]
        },
        {
            "file_path": "./train/r_24",
            "rotation": 0.06283185307179587,
            "transform_matrix": [
                [
                    -0.8737156987190247,
                    -0.21139101684093475,
                    0.4380103051662445,
                    1.7657489776611328
                ],
                [
                    0.4863488972187042,
                    -0.3797595798969269,
                    0.7868764400482178,
                    3.172131299972534
                ],
                [
                    0.0,
                    0.9006032943725586,
                    0.4346145689487457,
                    1.7520596981048584
                ],
                [
                    0.0,
                    0.0,
                    0.0,
                    1.0
                ]
            ]
        },
        {
            "file_path": "./train/r_25",
            "rotation": 0.06283185307179587,
            "transform_matrix": [
                [
                    -0.9889237880706787,
                    0.12746483087539673,
                    -0.07548397779464722,
                    -0.30429819226264954
                ],
                [
                    -0.14813460409641266,
                    -0.8509355187416077,
                    0.5039193630218506,
                    2.0314478874206543
                ],
                [
                    0.0,
                    0.5095599293708801,
                    0.8603981137275696,
                    3.4685187339782715
                ],
                [
                    0.0,
                    0.0,
                    0.0,
                    1.0
                ]
            ]
        },
        {
            "file_path": "./train/r_26",
            "rotation": 0.06283185307179587,
            "transform_matrix": [
                [
                    -0.48358604311943054,
                    0.8742446303367615,
                    -0.04257863759994507,
                    -0.17164704203605652
                ],
                [
                    -0.8752479553222656,
                    -0.483031690120697,
                    0.023525256663560867,
                    0.0948372483253479
                ],
                [
                    -1.862565435217789e-09,
                    0.04864656180143356,
                    0.9987747669219971,
                    4.026355743408203
                ],
                [
                    0.0,
                    0.0,
                    0.0,
                    1.0
                ]
            ]
        },
        {
            "file_path": "./train/r_27",
            "rotation": 0.06283185307179587,
            "transform_matrix": [
                [
                    -0.2627187669277191,
                    -0.12644805014133453,
                    0.9565082788467407,
                    3.8559675216674805
                ],
                [
                    0.964827835559845,
                    -0.03443128988146782,
                    0.26045334339141846,
                    1.049964427947998
                ],
                [
                    0.0,
                    0.9913703799247742,
                    0.13104723393917084,
                    0.5282900929450989
                ],
                [
                    0.0,
                    0.0,
                    0.0,
                    1.0
                ]
            ]
        },
        {
            "file_path": "./train/r_28",
            "rotation": 0.06283185307179587,
            "transform_matrix": [
                [
                    -0.7256724834442139,
                    0.3494120240211487,
                    -0.5926509499549866,
                    -2.389151096343994
                ],
                [
                    -0.6879779100418091,
                    -0.36855649948120117,
                    0.625122606754303,
                    2.5200538635253906
                ],
                [
                    -1.4900523481742312e-08,
                    0.8614332675933838,
                    0.5078424215316772,
                    2.0472629070281982
                ],
                [
                    0.0,
                    0.0,
                    0.0,
                    1.0
                ]
            ]
        },
        {
            "file_path": "./train/r_29",
            "rotation": 0.06283185307179587,
            "transform_matrix": [
                [
                    0.7525391578674316,
                    0.44550585746765137,
                    -0.48491165041923523,
                    -1.954822063446045
                ],
                [
                    -0.6584823131561279,
                    0.5091413855552673,
                    -0.554175853729248,
                    -2.234046697616577
                ],
                [
                    0.0,
                    0.7364031076431274,
                    0.6765109896659851,
                    2.7272157669067383
                ],
                [
                    0.0,
                    0.0,
                    0.0,
                    1.0
                ]
            ]
        },
        {
            "file_path": "./train/r_30",
            "rotation": 0.06283185307179587,
            "transform_matrix": [
                [
                    -0.4956910312175751,
                    0.6306149959564209,
                    -0.597126841545105,
                    -2.4071948528289795
                ],
                [
                    -0.8684495687484741,
                    -0.3599405586719513,
                    0.3408263027667999,
                    1.3739714622497559
                ],
                [
                    1.4900522593563892e-08,
                    0.6875734925270081,
                    0.7260814905166626,
                    2.927048921585083
                ],
                [
                    0.0,
                    0.0,
                    0.0,
                    1.0
                ]
            ]
        },
        {
            "file_path": "./train/r_31",
            "rotation": 0.06283185307179587,
            "transform_matrix": [
                [
                    -0.7501494884490967,
                    -0.1698208898305893,
                    0.6390260457992554,
                    2.5761029720306396
                ],
                [
                    0.6612035036087036,
                    -0.19266541302204132,
                    0.7249886989593506,
                    2.9226438999176025
                ],
                [
                    0.0,
                    0.9664527177810669,
                    0.25681570172309875,
                    1.0353000164031982
                ],
                [
                    0.0,
                    0.0,
                    0.0,
                    1.0
                ]
            ]
        },
        {
            "file_path": "./train/r_32",
            "rotation": 0.06283185307179587,
            "transform_matrix": [
                [
                    -0.07426966726779938,
                    -0.24518568813800812,
                    0.9665865898132324,
                    3.8965961933135986
                ],
                [
                    0.9971951246261597,
                    -0.018261076882481575,
                    0.0719899833202362,
                    0.2902128994464874
                ],
                [
                    0.0,
                    0.9692990183830261,
                    0.24585582315921783,
                    0.9911174774169922
                ],
                [
                    0.0,
                    0.0,
                    0.0,
                    1.0
                ]
            ]
        },
        {
            "file_path": "./train/r_33",
            "rotation": 0.06283185307179587,
            "transform_matrix": [
                [
                    -0.982798159122467,
                    -0.1758190393447876,
                    0.05578581988811493,
                    0.2248891294002533
                ],
                [
                    0.1844506561756134,
                    -0.9368067979812622,
                    0.2972404658794403,
                    1.198264241218567
                ],
                [
                    0.0,
                    0.30244114995002747,
                    0.9531281590461731,
                    3.842341423034668
                ],
                [
                    0.0,
                    0.0,
                    0.0,
                    1.0
                ]
            ]
        },
        {
            "file_path": "./train/r_34",
            "rotation": 0.06283185307179587,
            "transform_matrix": [
                [
                    0.14986224472522736,
                    -0.534405529499054,
                    0.8317992687225342,
                    3.3532285690307617
                ],
                [
                    0.9886634945869446,
                    0.0810055360198021,
                    -0.12608465552330017,
                    -0.5082845091819763
                ],
                [
                    0.0,
                    0.8413315415382385,
                    0.540490448474884,
                    2.1788768768310547
                ],
                [
                    0.0,
                    0.0,
                    0.0,
                    1.0
                ]
            ]
        },
        {
            "file_path": "./train/r_35",
            "rotation": 0.06283185307179587,
            "transform_matrix": [
                [
                    0.9822239875793457,
                    -0.18740004301071167,
                    0.005837701726704836,
                    0.023533500730991364
                ],
                [
                    0.18748383224010468,
                    0.981784999370575,
                    -0.03058359958231449,
                    -0.12329152226448059
                ],
                [
                    0.0,
                    0.03113732859492302,
                    0.9994738101959229,
                    4.029174327850342
                ],
                [
                    0.0,
                    0.0,
                    0.0,
                    1.0
                ]
            ]
        },
        {
            "file_path": "./train/r_36",
            "rotation": 0.06283185307179587,
            "transform_matrix": [
                [
                    -0.7290802001953125,
                    0.21288199722766876,
                    -0.6504170894622803,
                    -2.622023344039917
                ],
                [
                    -0.6843655705451965,
                    -0.2267911285161972,
                    0.6929135322570801,
                    2.7933390140533447
                ],
                [
                    1.4900521705385472e-08,
                    0.9503877758979797,
                    0.31104013323783875,
                    1.253894567489624
                ],
                [
                    0.0,
                    0.0,
                    0.0,
                    1.0
                ]
            ]
        },
        {
            "file_path": "./train/r_37",
            "rotation": 0.06283185307179587,
            "transform_matrix": [
                [
                    0.06477449834346771,
                    -0.7457670569419861,
                    0.6630184650421143,
                    2.672823190689087
                ],
                [
                    0.9978569746017456,
                    0.048410430550575256,
                    -0.04303891956806183,
                    -0.1735025942325592
                ],
                [
                    -3.725130870435578e-09,
                    0.6644379496574402,
                    0.7473095655441284,
                    3.0126256942749023
                ],
                [
                    0.0,
                    0.0,
                    0.0,
                    1.0
                ]
            ]
        },
        {
            "file_path": "./train/r_38",
            "rotation": 0.06283185307179587,
            "transform_matrix": [
                [
                    -0.9524633884429932,
                    -0.20962607860565186,
                    0.22088022530078888,
                    0.8904333710670471
                ],
                [
                    0.3045121729373932,
                    -0.6556754112243652,
                    0.6908765435218811,
                    2.7851271629333496
                ],
                [
                    0.0,
                    0.7253527641296387,
                    0.6883451342582703,
                    2.7749223709106445
                ],
                [
                    0.0,
                    0.0,
                    0.0,
                    1.0
                ]
            ]
        },
        {
            "file_path": "./train/r_39",
            "rotation": 0.06283185307179587,
            "transform_matrix": [
                [
                    -0.9505030512809753,
                    0.18123164772987366,
                    -0.2522219717502594,
                    -1.016781210899353
                ],
                [
                    -0.31057706475257874,
                    -0.5546488165855408,
                    0.7719106078147888,
                    3.111799478530884
                ],
                [
                    1.4900522593563892e-08,
                    0.8121020197868347,
                    0.5834856629371643,
                    2.352203130722046
                ],
                [
                    0.0,
                    0.0,
                    0.0,
                    1.0
                ]
            ]
        },
        {
            "file_path": "./train/r_40",
            "rotation": 0.06283185307179587,
            "transform_matrix": [
                [
                    -0.999496579170227,
                    0.01816421188414097,
                    -0.024305926635861397,
                    -0.09798437356948853
                ],
                [
                    -0.030342869460582733,
                    -0.5983306169509888,
                    0.8006392121315002,
                    3.2276132106781006
                ],
                [
                    9.312825510754408e-10,
                    0.8010372519493103,
                    0.5985844731330872,
                    2.4130709171295166
                ],
                [
                    0.0,
                    0.0,
                    0.0,
                    1.0
                ]
            ]
        },
        {
            "file_path": "./train/r_41",
            "rotation": 0.06283185307179587,
            "transform_matrix": [
                [
                    -0.6441529989242554,
                    0.4329178035259247,
                    -0.6305384039878845,
                    -2.541886568069458
                ],
                [
                    -0.7648406624794006,
                    -0.36460578441619873,
                    0.5310429930686951,
                    2.140791177749634
                ],
                [
                    1.4900522593563892e-08,
                    0.8243995904922485,
                    0.5659787654876709,
                    2.281627655029297
                ],
                [
                    0.0,
                    0.0,
                    0.0,
                    1.0
                ]
            ]
        },
        {
            "file_path": "./train/r_42",
            "rotation": 0.06283185307179587,
            "transform_matrix": [
                [
                    0.9522807598114014,
                    0.1371423304080963,
                    -0.27252376079559326,
                    -1.0986238718032837
                ],
                [
                    -0.30508288741111755,
                    0.42807385325431824,
                    -0.8506512641906738,
                    -3.4292266368865967
                ],
                [
                    0.0,
                    0.8932719230651855,
                    0.44948920607566833,
                    1.8120237588882446
                ],
                [
                    0.0,
                    0.0,
                    0.0,
                    1.0
                ]
            ]
        },
        {
            "file_path": "./train/r_43",
            "rotation": 0.06283185307179587,
            "transform_matrix": [
                [
                    -0.6358947157859802,
                    0.43437227606773376,
                    -0.6378780007362366,
                    -2.571474552154541
                ],
                [
                    -0.7717201709747314,
                    -0.3579212427139282,
                    0.5256093144416809,
                    2.1188864707946777
                ],
                [
                    2.9801043410770944e-08,
                    0.826560914516449,
                    0.5628178119659424,
                    2.2688848972320557
                ],
                [
                    0.0,
                    0.0,
                    0.0,
                    1.0
                ]
            ]
        },
