{
    "camera_angle_x": 0.6911112070083618,
    "frames": [
        {
            "file_path": "./train/r_0",
            "rotation": 0.06283185307179587,
            "transform_matrix": [
                [
                    -0.9958544373512268,
                    -0.053866494446992874,
                    0.07271125167608261,
                    0.29312053322792053
                ],
                [
                    0.09048916399478912,
                    -0.5928133726119995,
                    0.8002042770385742,
                    3.2258598804473877
                ],
                [
                    0.0,
                    0.8035300374031067,
                    0.5952340364456177,
                    2.399564266204834
                ],
                [
                    0.0,
                    0.0,
                    0.0,
                    1.0
                ]
            ]
        },
        {
            "file_path": "./train/r_1",
            "rotation": 0.06283185307179587,
            "transform_matrix": [
                [
                    -0.17745371162891388,
                    -0.9498793482780457,
                    0.2573365569114685,
                    1.0373996496200562
                ],
                [
                    0.9840855002403259,
                    -0.17128553986549377,
                    0.04640382155776024,
                    0.18706750869750977
                ],
                [
                    0.0,
                    0.2614964246749878,
                    0.9651642441749573,
                    3.890861988067627
                ],
                [
                    0.0,
                    0.0,
                    0.0,
                    1.0
                ]
            ]
        },
        {
            "file_path": "./train/r_2",
            "rotation": 0.06283185307179587,
            "transform_matrix": [
                [
                    -0.9158170819282532,
                    0.28224247694015503,
                    -0.2855498790740967,
                    -1.1511356830596924
                ],
                [
                    -0.4014887809753418,
                    -0.6438100337982178,
                    0.6513543128967285,
                    2.6258013248443604
                ],
                [
                    0.0,
                    0.7112226486206055,
                    0.702934205532074,
                    2.8337347507476807
                ],
                [
                    0.0,
                    0.0,
                    0.0,
                    1.0
                ]
            ]
        },
        {
            "file_path": "./train/r_3",
            "rotation": 0.06283185307179587,
            "transform_matrix": [
                [
                    -0.8875523209571838,
                    -0.18691764771938324,
                    0.42098718881607056,
                    1.6971237659454346
                ],
                [
                    0.46061405539512634,
                    -0.3601696789264679,
                    0.8111957907676697,
                    3.270169973373413
                ],
                [
                    1.4900525258099151e-08,
                    0.9139634966850281,
                    0.405769020318985,
                    1.6357747316360474
                ],
                [
                    0.0,
                    0.0,
                    0.0,
                    1.0
                ]
            ]
        },
        {
            "file_path": "./train/r_4",
            "rotation": 0.06283185307179587,
            "transform_matrix": [
                [
                    0.062463100999593735,
                    0.21397507190704346,
                    -0.9747993350028992,
                    -3.929704189300537
                ],
                [
                    -0.9980042576789856,
                    0.01339227519929409,
                    -0.061010751873254776,
                    -0.24595236778259277
                ],
                [
                    9.31282606586592e-10,
                    0.9767420887947083,
                    0.21438603103160858,
                    0.8642534017562866
                ],
                [
                    0.0,
                    0.0,
                    0.0,
                    1.0
                ]
            ]
        },
        {
            "file_path": "./train/r_5",
            "rotation": 0.06283185307179587,
            "transform_matrix": [
                [
                    -0.8172079920768738,
                    -0.44627463817596436,
                    0.36460909247398376,
                    1.4698469638824463
                ],
                [
                    0.5762684345245361,
                    -0.6328634023666382,
                    0.5170532464981079,
                    2.0843942165374756
                ],
                [
                    0.0,
                    0.6327028274536133,
                    0.7743601202964783,
                    3.1216742992401123
                ],
                [
                    0.0,
                    0.0,
                    0.0,
                    1.0
                ]
            ]
        },
        {
            "file_path": "./train/r_6",
            "rotation": 0.06283185307179587,
            "transform_matrix": [
                [
                    0.6417917609214783,
                    0.4378831088542938,
                    -0.6295169591903687,
                    -2.537769079208374
                ],
                [
                    -0.7668229341506958,
                    0.3664858639240265,
                    -0.5268736481666565,
                    -2.12398362159729
                ],
                [
                    -1.4900520817207052e-08,
                    0.8209363222122192,
                    0.5709902048110962,
                    2.301830291748047
                ],
                [
                    0.0,
                    0.0,
                    0.0,
                    1.0
                ]
            ]
        },
        {
            "file_path": "./train/r_7",
            "rotation": 0.06283185307179587,
            "transform_matrix": [
                [
                    -0.5073829293251038,
                    0.40997689962387085,
                    -0.7578986883163452,
                    -3.0553133487701416
                ],
                [
                    -0.861670970916748,
                    -0.24140916764736176,
                    0.44627803564071655,
                    1.7990785837173462
                ],
                [
                    0.0,
                    0.8795627355575562,
                    0.4757552146911621,
                    1.9179096221923828
                ],
                [
                    0.0,
                    0.0,
                    0.0,
                    1.0
                ]
            ]
        },
        {
            "file_path": "./train/r_8",
            "rotation": 0.06283185307179587,
            "transform_matrix": [
                [
                    -0.06911518424749374,
                    0.664039134979248,
                    -0.7444625496864319,
                    -3.0011484622955322
                ],
                [
                    -0.997565746307373,
                    -0.0460071787238121,
                    0.051579222083091736,
                    0.20793108642101288
                ],
                [
                    0.0,
                    0.7462742328643799,
                    0.6656068563461304,
                    2.683257818222046
                ],
                [
                    0.0,
                    0.0,
                    0.0,
                    1.0
                ]
            ]
        },
        {
            "file_path": "./train/r_9",
            "rotation": 0.06283185307179587,
            "transform_matrix": [
                [
                    0.4687082767486572,
                    0.7190113067626953,
                    -0.5131174921989441,
                    -2.068528413772583
                ],
                [
                    -0.8833045363426208,
                    0.3815292716026306,
                    -0.27227577567100525,
                    -1.0976240634918213
                ],
                [
                    0.0,
                    0.5809028148651123,
                    0.8139371275901794,
                    3.2812209129333496
                ],
                [
                    0.0,
                    0.0,
                    0.0,
                    1.0
                ]
            ]
        },
        {
            "file_path": "./train/r_10",
            "rotation": 0.06283185307179587,
            "transform_matrix": [
                [
                    0.8888041973114014,
                    -0.3825104832649231,
                    0.25226646661758423,
                    1.016960620880127
                ],
                [
                    0.4581935405731201,
                    0.7419941425323486,
                    -0.4893466532230377,
                    -1.972700834274292
                ],
                [
                    -1.4900521705385472e-08,
                    0.5505638122558594,
                    0.8347567915916443,
                    3.3651511669158936
                ],
                [
                    0.0,
                    0.0,
                    0.0,
                    1.0
                ]
            ]
        },
        {
            "file_path": "./train/r_11",
            "rotation": 0.06283185307179587,
            "transform_matrix": [
                [
                    -0.9175294637680054,
                    -0.050462134182453156,
                    0.39434537291526794,
                    1.589722752571106
                ],
                [
                    0.39756014943122864,
                    -0.1164616197347641,
                    0.9101101160049438,
                    3.6689229011535645
                ],
                [
                    0.0,
                    0.9919072985649109,
                    0.12691952288150787,
                    0.5116500854492188
                ],
                [
                    0.0,
                    0.0,
                    0.0,
                    1.0
                ]
            ]
        },
        {
            "file_path": "./train/r_12",
            "rotation": 0.06283185307179587,
            "transform_matrix": [
                [
                    0.10116302967071533,
                    -0.5535058975219727,
                    0.8266419172286987,
                    3.332437753677368
                ],
                [
                    0.9948267340660095,
                    0.056285515427589417,
                    -0.08406047523021698,
                    -0.33887261152267456
                ],
                [
                    0.0,
                    0.8309349417686462,
                    0.5563401579856873,
                    2.242771625518799
                ],
                [
                    0.0,
                    0.0,
                    0.0,
                    1.0
                ]
            ]
        },
        {
            "file_path": "./train/r_13",
            "rotation": 0.06283185307179587,
            "transform_matrix": [
                [
                    0.9756665825843811,
                    0.21723628044128418,
                    -0.028298288583755493,
                    -0.11407876759767532
                ],
                [
                    -0.21906352043151855,
                    0.9675284624099731,
                    -0.12603512406349182,
                    -0.508084774017334
                ],
                [
                    0.0,
                    0.12917770445346832,
                    0.9915804862976074,
                    3.9973537921905518
                ],
                [
                    0.0,
                    0.0,
                    0.0,
                    1.0
                ]
            ]
        },
        {
            "file_path": "./train/r_14",
            "rotation": 0.06283185307179587,
            "transform_matrix": [
                [
                    -0.9218211770057678,
                    0.0655333399772644,
                    -0.38192394375801086,
                    -1.539648175239563
                ],
                [
                    -0.3875043988227844,
                    -0.15589503943920135,
                    0.9085458517074585,
                    3.6626169681549072
                ],
                [
                    0.0,
                    0.9855924248695374,
                    0.16910290718078613,
                    0.6817038059234619
                ],
                [
                    0.0,
                    0.0,
                    0.0,
                    1.0
                ]
            ]
        },
        {
            "file_path": "./train/r_15",
            "rotation": 0.06283185307179587,
            "transform_matrix": [
                [
                    -0.7952108383178711,
                    0.13131926953792572,
                    -0.5918712615966797,
                    -2.386007785797119
                ],
                [
                    -0.6062622666358948,
                    -0.17224642634391785,
                    0.7763347625732422,
                    3.1296348571777344
                ],
                [
                    0.0,
                    0.9762563705444336,
                    0.2165875881910324,
                    0.8731285333633423
                ],
                [
                    0.0,
                    0.0,
                    0.0,
                    1.0
                ]
            ]
        },
        {
            "file_path": "./train/r_16",
            "rotation": 0.06283185307179587,
            "transform_matrix": [
                [
                    0.7694827318191528,
                    -0.20794740319252014,
                    0.6037986874580383,
                    2.4340908527374268
                ],
                [
                    0.6386004090309143,
                    0.2505665719509125,
                    -0.7275482416152954,
                    -2.932961940765381
                ],
                [
                    0.0,
                    0.9454967379570007,
                    0.3256041407585144,
                    1.3126064538955688
                ],
                [
                    0.0,
                    0.0,
                    0.0,
                    1.0
                ]
            ]
        },
        {
            "file_path": "./train/r_17",
            "rotation": 0.06283185307179587,
            "transform_matrix": [
                [
                    0.251507967710495,
                    0.4413563311100006,
                    -0.8613244295120239,
                    -3.47225284576416
                ],
                [
                    -0.967810869216919,
                    0.11469661444425583,
                    -0.2238350212574005,
                    -0.9023449420928955
                ],
                [
                    -7.450260408603526e-09,
                    0.889965832233429,
                    0.45599961280822754,
                    1.8382689952850342
                ],
                [
                    0.0,
                    0.0,
                    0.0,
                    1.0
                ]
            ]
        },
        {
            "file_path": "./train/r_18",
            "rotation": 0.06283185307179587,
            "transform_matrix": [
                [
                    -0.7957347631454468,
                    0.2734968066215515,
                    -0.5403021574020386,
                    -2.178117513656616
                ],
                [
                    -0.6055743098258972,
                    -0.3593793511390686,
                    0.7099660038948059,
                    2.8620827198028564
                ],
                [
                    0.0,
                    0.892208456993103,
                    0.45159628987312317,
                    1.820518136024475
                ],
                [
                    0.0,
                    0.0,
                    0.0,
                    1.0
                ]
            ]
        },
        {
            "file_path": "./train/r_19",
            "rotation": 0.06283185307179587,
            "transform_matrix": [
                [
                    -0.15610019862651825,
                    0.12963232398033142,
                    -0.9791561365127563,
                    -3.947267770767212
                ],
                [
                    -0.9876977801322937,
                    -0.020487677305936813,
                    0.15475024282932281,
                    0.6238439679145813
                ],
                [
                    -1.8625648801062766e-09,
                    0.9913454651832581,
                    0.13123656809329987,
                    0.5290533900260925
                ],
                [
                    0.0,
                    0.0,
                    0.0,
                    1.0
                ]
            ]
        },
        {
            "file_path": "./train/r_20",
            "rotation": 0.06283185307179587,
            "transform_matrix": [
                [
                    -0.1117517277598381,
                    -0.21151168644428253,
                    0.9709248542785645,
                    3.9140846729278564
                ],
                [
                    0.9936930537223816,
                    -0.023786820471286774,
                    0.10919119417667389,
                    0.4401819407939911
                ],
                [
                    1.862565213173184e-09,
                    0.9770808219909668,
                    0.2128373235464096,
                    0.8580100536346436
                ],
                [
                    0.0,
                    0.0,
                    0.0,
                    1.0
                ]
            ]
        },
        {
            "file_path": "./train/r_21",
            "rotation": 0.06283185307179587,
            "transform_matrix": [
                [
                    -0.8536413311958313,
                    0.44759029150009155,
                    -0.2662496864795685,
                    -1.0733311176300049
                ],
                [
                    -0.5207787752151489,
                    -0.7336735725402832,
                    0.43642666935920715,
                    1.7593648433685303
                ],
                [
                    -1.4900519929028633e-08,
                    0.5112495422363281,
                    0.8593952655792236,
                    3.4644763469696045
                ],
                [
                    0.0,
                    0.0,
                    0.0,
                    1.0
                ]
            ]
        },
        {
            "file_path": "./train/r_22",
            "rotation": 0.06283185307179587,
            "transform_matrix": [
                [
                    0.3905582129955292,
                    -0.45513716340065,
                    0.8001539707183838,
                    3.2256572246551514
                ],
                [
                    0.9205316305160522,
                    0.1931031197309494,
                    -0.3394849896430969,
                    -1.3685643672943115
                ],
                [
                    0.0,
                    0.869224488735199,
                    0.49438944458961487,
                    1.9930298328399658
                ],
                [
                    0.0,
                    0.0,
                    0.0,
                    1.0
                ]
            ]
        },
        {
            "file_path": "./train/r_23",
            "rotation": 0.06283185307179587,
            "transform_matrix": [
                [
                    -0.9785429239273071,
                    -0.12412312626838684,
                    0.16420260071754456,
                    0.6619491577148438
                ],
                [
                    0.20583438873291016,
                    -0.5900851488113403,
                    0.7806242108345032,
                    3.1469268798828125
                ],
                [
                    -7.450261296781946e-09,
                    0.7977360486984253,
                    0.6029765009880066,
                    2.430776357650757
                ],
                [
                    0.0,
                    0.0,
                    0.0,
                    1.0
                ]
            ]
        },
        {
            "file_path": "./train/r_24",
            "rotation": 0.06283185307179587,
            "transform_matrix": [
                [
                    0.9843063950538635,
                    0.16880646347999573,
                    -0.05061348155140877,
                    -0.2040378898382187
                ],
                [
                    -0.17622478306293488,
                    0.9428712129592896,
                    -0.28270241618156433,
                    -1.1396570205688477
                ],
                [
                    0.0,
                    0.2872076630592346,
                    0.9578282833099365,
                    3.8612887859344482
                ],
                [
                    0.0,
                    0.0,
                    0.0,
                    1.0
                ]
            ]
        },
        {
            "file_path": "./train/r_25",
            "rotation": 0.06283185307179587,
            "transform_matrix": [
                [
                    -0.14155423641204834,
                    -0.6663642525672913,
                    0.7320318818092346,
                    2.9510366916656494
                ],
                [
                    0.9898871779441833,
                    -0.09529033303260803,
                    0.10468082129955292,
                    0.4219993054866791
                ],
                [
                    0.0,
                    0.7395055890083313,
                    0.6731186509132385,
                    2.7135400772094727
                ],
                [
                    0.0,
                    0.0,
                    0.0,
                    1.0
                ]
            ]
        },
        {
            "file_path": "./train/r_26",
            "rotation": 0.06283185307179587,
            "transform_matrix": [
                [
                    -0.466752827167511,
                    -0.5255638957023621,
                    0.7112391591072083,
                    2.867215156555176
                ],
                [
                    0.8843393921852112,
                    -0.2773917019367218,
                    0.3753908574581146,
                    1.5133113861083984
                ],
                [
                    -2.9801046963484623e-08,
                    0.8042551875114441,
                    0.5942540168762207,
                    2.395613670349121
                ],
                [
                    0.0,
                    0.0,
                    0.0,
                    1.0
                ]
            ]
        },
        {
            "file_path": "./train/r_27",
            "rotation": 0.06283185307179587,
            "transform_matrix": [
                [
                    0.46985921263694763,
                    0.5372110605239868,
                    -0.7004100680351257,
                    -2.8235597610473633
                ],
                [
                    -0.8826928734779358,
                    0.28595855832099915,
                    -0.3728296756744385,
                    -1.5029865503311157
                ],
                [
                    1.4900525258099151e-08,
                    0.7934871315956116,
                    0.6085565686225891,
                    2.4532713890075684
                ],
                [
                    0.0,
                    0.0,
                    0.0,
                    1.0
                ]
            ]
        },
        {
            "file_path": "./train/r_28",
            "rotation": 0.06283185307179587,
            "transform_matrix": [
                [
                    -0.361203670501709,
                    -0.8850131034851074,
                    0.29369640350341797,
                    1.1839768886566162
                ],
                [
                    0.9324409365653992,
                    -0.3428313434123993,
                    0.11377044022083282,
                    0.45864224433898926
                ],
                [
                    0.0,
                    0.3149738609790802,
                    0.9490607380867004,
                    3.825943946838379
                ],
                [
                    0.0,
                    0.0,
                    0.0,
                    1.0
                ]
            ]
        },
        {
            "file_path": "./train/r_29",
            "rotation": 0.06283185307179587,
            "transform_matrix": [
                [
                    -0.28122246265411377,
                    0.9476980566978455,
                    -0.1508791595697403,
                    -0.6082384586334229
                ],
                [
                    -0.9595978856086731,
                    -0.2777350842952728,
                    0.044217076152563095,
                    0.17825210094451904
                ],
                [
                    0.0,
                    0.15723079442977905,
                    0.9875209927558899,
                    3.9809887409210205
                ],
                [
                    0.0,
                    0.0,
                    0.0,
                    1.0
                ]
            ]
        },
        {
            "file_path": "./train/r_30",
            "rotation": 0.06283185307179587,
            "transform_matrix": [
                [
                    -0.7388355731964111,
                    -0.5234708786010742,
                    0.42430606484413147,
                    1.710503101348877
                ],
                [
                    0.6738219261169434,
                    -0.5739778876304626,
                    0.46524521708488464,
                    1.8755409717559814
                ],
                [
                    -1.4900520817207052e-08,
                    0.6296963095664978,
                    0.7768067121505737,
                    3.1315371990203857
                ],
                [
                    0.0,
                    0.0,
                    0.0,
                    1.0
                ]
            ]
        },
        {
            "file_path": "./train/r_31",
            "rotation": 0.06283185307179587,
            "transform_matrix": [
                [
                    -0.44167762994766235,
                    0.3481622636318207,
                    -0.8268188238143921,
                    -3.33315110206604
                ],
                [
                    -0.8971259593963623,
                    -0.171409010887146,
                    0.40706366300582886,
                    1.6409939527511597
                ],
                [
                    0.0,
                    0.9216246008872986,
                    0.3880554735660553,
                    1.5643664598464966
                ],
                [
                    0.0,
                    0.0,
                    0.0,
                    1.0
                ]
            ]
        },
        {
            "file_path": "./train/r_32",
            "rotation": 0.06283185307179587,
            "transform_matrix": [
                [
                    0.5560259222984314,
                    0.6326136589050293,
                    -0.5390551090240479,
                    -2.1730904579162598
                ],
                [
                    -0.831113338470459,
                    0.4232270121574402,
                    -0.36063507199287415,
                    -1.453826665878296
                ],
                [
                    0.0,
                    0.6485897302627563,
                    0.7611039280891418,
                    3.068234920501709
                ],
                [
                    0.0,
                    0.0,
                    0.0,
                    1.0
                ]
            ]
        },
        {
            "file_path": "./train/r_33",
            "rotation": 0.06283185307179587,
            "transform_matrix": [
                [
                    0.13622690737247467,
                    -0.2573700249195099,
                    0.9566217064857483,
                    3.856424570083618
                ],
                [
                    0.9906343817710876,
                    0.035392191261053085,
                    -0.1315496563911438,
                    -0.5303155183792114
                ],
                [
                    0.0,
                    0.9656594395637512,
                    0.2597826421260834,
                    1.0472605228424072
                ],
                [
                    0.0,
                    0.0,
                    0.0,
                    1.0
                ]
            ]
        },
        {
            "file_path": "./train/r_34",
            "rotation": 0.06283185307179587,
            "transform_matrix": [
                [
                    -0.474701464176178,
                    0.5656154751777649,
                    -0.6742978096008301,
                    -2.7182936668395996
                ],
                [
                    -0.8800982236862183,
                    -0.30507785081863403,
                    0.36369821429252625,
                    1.4661749601364136
                ],
                [
                    0.0,
                    0.7661569118499756,
                    0.6426223516464233,
                    2.5906004905700684
                ],
                [
                    0.0,
                    0.0,
                    0.0,
                    1.0
                ]
            ]
        },
        {
            "file_path": "./train/r_35",
            "rotation": 0.06283185307179587,
            "transform_matrix": [
                [
                    0.48237770795822144,
                    0.42646363377571106,
                    -0.7650949358940125,
                    -3.0843238830566406
                ],
                [
                    -0.8759143352508545,
                    0.23485919833183289,
                    -0.421347975730896,
                    -1.6985783576965332
                ],
                [
                    0.0,
                    0.8734756708145142,
                    0.4868396520614624,
                    1.9625946283340454
                ],
                [
                    0.0,
                    0.0,
                    0.0,
                    1.0
                ]
            ]
        },
        {
            "file_path": "./train/r_36",
            "rotation": 0.06283185307179587,
            "transform_matrix": [
                [
                    -0.2745018005371094,
                    -0.7392727136611938,
                    0.6148831248283386,
                    2.4787755012512207
                ],
                [
                    0.9615419507026672,
                    -0.2110482156276703,
                    0.1755373626947403,
                    0.7076429128646851
                ],
                [
                    1.4900520817207052e-08,
                    0.6394718289375305,
                    0.7687801122665405,
                    3.09917950630188
                ],
                [
                    0.0,
                    0.0,
                    0.0,
                    1.0
                ]
            ]
        },
        {
            "file_path": "./train/r_37",
            "rotation": 0.06283185307179587,
            "transform_matrix": [
                [
                    -0.4601387679576874,
                    -0.3539186418056488,
                    0.8142111301422119,
                    3.282325506210327
                ],
                [
                    0.8877987265586853,
                    -0.18343311548233032,
                    0.4219989478588104,
                    1.701202392578125
                ],
                [
                    0.0,
                    0.9171062111854553,
                    0.39861586689949036,
                    1.606938362121582
                ],
                [
                    0.0,
                    0.0,
                    0.0,
                    1.0
                ]
            ]
        },
        {
            "file_path": "./train/r_38",
            "rotation": 0.06283185307179587,
            "transform_matrix": [
                [
                    -0.6786282658576965,
                    -0.711707592010498,
                    0.18135227262973785,
                    0.7310845851898193
                ],
                [
                    0.7344234585762024,
                    -0.6576381325721741,
                    0.1675746738910675,
                    0.6755430698394775
                ],
                [
                    -7.450260408603526e-09,
                    0.2469300776720047,
                    0.9689929485321045,
                    3.906297206878662
                ],
                [
                    0.0,
                    0.0,
                    0.0,
                    1.0
                ]
            ]
        },
        {
            "file_path": "./train/r_39",
            "rotation": 0.06283185307179587,
            "transform_matrix": [
                [
                    -0.8699424266815186,
                    0.4782755970954895,
                    -0.11993363499641418,
                    -0.4834878444671631
                ],
                [
                    -0.49306613206863403,
                    -0.8438467383384705,
                    0.21160520613193512,
                    0.8530429601669312
                ],
                [
                    0.0,
                    0.24323882162570953,
                    0.9699261784553528,
                    3.9100582599639893
                ],
                [
                    0.0,
                    0.0,
                    0.0,
                    1.0
                ]
            ]
        },
        {
            "file_path": "./train/r_40",
            "rotation": 0.06283185307179587,
            "transform_matrix": [
                [
                    -0.00023698985751252621,
                    -0.9395230412483215,
                    0.34245848655700684,
                    1.3805513381958008
                ],
                [
                    0.9999570846557617,
                    -0.0002226669603260234,
                    8.116265962598845e-05,
                    0.00032719067530706525
                ],
                [
                    0.0,
                    0.3424709141254425,
                    0.9394890069961548,
                    3.787357807159424
                ],
                [
                    0.0,
                    0.0,
                    0.0,
                    1.0
                ]
            ]
        },
        {
            "file_path": "./train/r_41",
            "rotation": 0.06283185307179587,
            "transform_matrix": [
                [
                    -0.4459584951400757,
                    0.5588088631629944,
                    -0.6991373896598816,
                    -2.818429470062256
                ],
                [
                    -0.8950057625770569,
                    -0.2784401774406433,
                    0.34836235642433167,
                    1.4043515920639038
                ],
                [
                    2.9801043410770944e-08,
                    0.7811489701271057,
                    0.6243139505386353,
                    2.516793966293335
                ],
                [
                    0.0,
                    0.0,
                    0.0,
                    1.0
                ]
            ]
        },
        {
            "file_path": "./train/r_42",
            "rotation": 0.06283185307179587,
            "transform_matrix": [
                [
                    -0.9044257402420044,
                    -0.2013721615076065,
                    0.37600675225257874,
                    1.515794277191162
                ],
                [
                    0.42653053998947144,
                    -0.4269944429397583,
                    0.7972938418388367,
                    3.2141270637512207
                ],
                [
                    0.0,
                    0.8815411925315857,
                    0.472079336643219,
                    1.9030911922454834
                ],
                [
                    0.0,
                    0.0,
                    0.0,
                    1.0
                ]
            ]
        },
        {
            "file_path": "./train/r_43",
            "rotation": 0.06283185307179587,
            "transform_matrix": [
                [
                    -0.5097951889038086,
                    -0.11477364599704742,
                    0.8525570034980774,
                    3.4369089603424072
                ],
                [
                    0.860245943069458,
                    -0.0680166557431221,
                    0.5052385926246643,
                    2.0367660522460938
                ],
                [
                    -3.725130426346368e-09,
                    0.9910553097724915,
                    0.13340900838375092,
                    0.5378111004829407
                ],
                [
                    0.0,
                    0.0,
                    0.0,
                    1.0
                ]
            ]
        },
        {
            "file_path": "./train/r_44",
            "rotation": 0.06283185307179587,
