{
    "camera_angle_x": 0.6911112070083618,
    "frames": [
        {
            "file_path": "./train/r_0",
            "rotation": 0.06283185307179587,
            "transform_matrix": [
                [
                    -0.9238086342811584,
                    0.07025040686130524,
                    -0.3762412965297699,
                    -1.5167397260665894
                ],
                [
                    -0.3827424943447113,
                    -0.16956031322479248,
                    0.9081170558929443,
                    3.6608879566192627
                ],
                [
                    0.0,
                    0.9830076694488525,
                    0.18353033065795898,
                    0.7398649454116821
                ],
                [
                    0.0,
                    0.0,
                    0.0,
                    1.0
                ]
            ]
        },
        {
            "file_path": "./train/r_1",
            "rotation": 0.06283185307179587,
            "transform_matrix": [
                [
                    0.7260605692863464,
                    -0.13868595659732819,
                    0.6734384298324585,
                    2.714829206466675
                ],
                [
                    0.6875682473182678,
                    0.14645005762577057,
                    -0.7111397385597229,
                    -2.866814136505127
                ],
                [
                    -7.4502595204251065e-09,
                    0.9794430136680603,
                    0.20168903470039368,
                    0.8130680322647095
                ],
                [
                    0.0,
                    0.0,
                    0.0,
                    1.0
                ]
            ]
        },
        {
            "file_path": "./train/r_2",
            "rotation": 0.06283185307179587,
            "transform_matrix": [
                [
                    0.9951799511909485,
                    -0.03231647610664368,
                    0.09212300181388855,
                    0.37137505412101746
                ],
                [
                    0.09762630611658096,
                    0.32942670583724976,
                    -0.9390805959701538,
                    -3.7857112884521484
                ],
                [
                    -1.862565213173184e-09,
                    0.9436225295066833,
                    0.330996036529541,
                    1.3343428373336792
                ],
                [
                    0.0,
                    0.0,
                    0.0,
                    1.0
                ]
            ]
        },
        {
            "file_path": "./train/r_3",
            "rotation": 0.06283185307179587,
            "transform_matrix": [
                [
                    -0.7889437079429626,
                    0.3657068610191345,
                    -0.49371206760406494,
                    -1.9902992248535156
                ],
                [
                    -0.6143958568572998,
                    -0.46960294246673584,
                    0.633974015712738,
                    2.555736541748047
                ],
                [
                    0.0,
                    0.8035679459571838,
                    0.5951829552650452,
                    2.3993582725524902
                ],
                [
                    0.0,
                    0.0,
                    0.0,
                    1.0
                ]
            ]
        },
        {
            "file_path": "./train/r_4",
            "rotation": 0.06283185307179587,
            "transform_matrix": [
                [
                    0.9876144528388977,
                    0.05145847052335739,
                    -0.14793264865875244,
                    -0.5963602066040039
                ],
                [
                    -0.15662620961666107,
                    0.32447394728660583,
                    -0.9327967762947083,
                    -3.7603793144226074
                ],
                [
                    0.0,
                    0.944488525390625,
                    0.3285171389579773,
                    1.3243496417999268
                ],
                [
                    0.0,
                    0.0,
                    0.0,
                    1.0
                ]
            ]
        },
        {
            "file_path": "./train/r_5",
            "rotation": 0.06283185307179587,
            "transform_matrix": [
                [
                    0.5513677597045898,
                    0.7829680442810059,
                    -0.2879505157470703,
                    -1.160813570022583
                ],
                [
                    -0.8342108130455017,
                    0.5174991488456726,
                    -0.19031955301761627,
                    -0.7672343850135803
                ],
                [
                    0.0,
                    0.34517472982406616,
                    0.9384990334510803,
                    3.7833666801452637
                ],
                [
                    0.0,
                    0.0,
                    0.0,
                    1.0
                ]
            ]
        },
        {
            "file_path": "./train/r_6",
            "rotation": 0.06283185307179587,
            "transform_matrix": [
                [
                    -0.3080296218395233,
                    -0.638024628162384,
                    0.7056832313537598,
                    2.844817638397217
                ],
                [
                    0.9513316750526428,
                    -0.206584632396698,
                    0.2284916490316391,
                    0.9211173057556152
                ],
                [
                    0.0,
                    0.7417798042297363,
                    0.6706116795539856,
                    2.7034339904785156
                ],
                [
                    0.0,
                    0.0,
                    0.0,
                    1.0
                ]
            ]
        },
        {
            "file_path": "./train/r_7",
            "rotation": 0.06283185307179587,
            "transform_matrix": [
                [
                    0.1345185935497284,
                    -0.28224048018455505,
                    0.9498253464698792,
                    3.829026460647583
                ],
                [
                    0.9908677935600281,
                    0.0383165068924427,
                    -0.12894675135612488,
                    -0.5198224186897278
                ],
                [
                    3.725130426346368e-09,
                    0.9585729241371155,
                    0.2848191261291504,
                    1.1481900215148926
                ],
                [
                    0.0,
                    0.0,
                    0.0,
                    1.0
                ]
            ]
        },
        {
            "file_path": "./train/r_8",
            "rotation": 0.06283185307179587,
            "transform_matrix": [
                [
                    0.55333012342453,
                    0.15723158419132233,
                    -0.8179377317428589,
                    -3.297348737716675
                ],
                [
                    -0.832910418510437,
                    0.1044541671872139,
                    -0.5433832406997681,
                    -2.1905384063720703
                ],
                [
                    0.0,
                    0.9820170402526855,
                    0.1887587308883667,
                    0.7609422206878662
                ],
                [
                    0.0,
                    0.0,
                    0.0,
                    1.0
                ]
            ]
        },
        {
            "file_path": "./train/r_9",
            "rotation": 0.06283185307179587,
            "transform_matrix": [
                [
                    -0.45174574851989746,
                    -0.7933372855186462,
                    0.40804925560951233,
                    1.6449671983718872
                ],
                [
                    0.8920987248420715,
                    -0.40173444151878357,
                    0.2066301703453064,
                    0.8329873085021973
                ],
                [
                    1.4900522593563892e-08,
                    0.45740067958831787,
                    0.8892228007316589,
                    3.584719657897949
                ],
                [
                    0.0,
                    0.0,
                    0.0,
                    1.0
                ]
            ]
        },
        {
            "file_path": "./train/r_10",
            "rotation": 0.06283185307179587,
            "transform_matrix": [
                [
                    -0.5427728891372681,
                    -0.49921292066574097,
                    0.6753655076026917,
                    2.72259783744812
                ],
                [
                    0.8398282527923584,
                    -0.3226364552974701,
                    0.43648213148117065,
                    1.7595884799957275
                ],
                [
                    1.4900519040850213e-08,
                    0.8041655421257019,
                    0.5943754315376282,
                    2.3961029052734375
                ],
                [
                    0.0,
                    0.0,
                    0.0,
                    1.0
                ]
            ]
        },
        {
            "file_path": "./train/r_11",
            "rotation": 0.06283185307179587,
            "transform_matrix": [
                [
                    -0.11900585144758224,
                    -0.492346853017807,
                    0.8621873259544373,
                    3.47573184967041
                ],
                [
                    0.9928503036499023,
                    -0.05901408940553665,
                    0.10334421694278717,
                    0.41661107540130615
                ],
                [
                    0.0,
                    0.8683902621269226,
                    0.49585309624671936,
                    1.9989303350448608
                ],
                [
                    0.0,
                    0.0,
                    0.0,
                    1.0
                ]
            ]
        },
        {
            "file_path": "./train/r_12",
            "rotation": 0.06283185307179587,
            "transform_matrix": [
                [
                    -0.35863518714904785,
                    0.4011947810649872,
                    -0.8428239226341248,
                    -3.397672176361084
                ],
                [
                    -0.9334317445755005,
                    -0.15414364635944366,
                    0.32382261753082275,
                    1.305424690246582
                ],
                [
                    -1.4900520817207052e-08,
                    0.9029241800308228,
                    0.4297722280025482,
                    1.7325388193130493
                ],
                [
                    0.0,
                    0.0,
                    0.0,
                    1.0
                ]
            ]
        },
        {
            "file_path": "./train/r_13",
            "rotation": 0.06283185307179587,
            "transform_matrix": [
                [
                    -0.5113344192504883,
                    0.47169357538223267,
                    -0.718313992023468,
                    -2.8957359790802
                ],
                [
                    -0.8593319058418274,
                    -0.2806752026081085,
                    0.42742350697517395,
                    1.7230703830718994
                ],
                [
                    -1.4900521705385472e-08,
                    0.8358927369117737,
                    0.5488638281822205,
                    2.212632179260254
                ],
                [
                    0.0,
                    0.0,
                    0.0,
                    1.0
                ]
            ]
        },
        {
            "file_path": "./train/r_14",
            "rotation": 0.06283185307179587,
            "transform_matrix": [
                [
                    -0.045539796352386475,
                    -0.8606003522872925,
                    0.5072122812271118,
                    2.044722557067871
                ],
                [
                    0.9989196062088013,
                    -0.03923395276069641,
                    0.023123327642679214,
                    0.09321696311235428
                ],
                [
                    0.0,
                    0.5077574253082275,
                    0.8614630103111267,
                    3.472811698913574
                ],
                [
                    0.0,
                    0.0,
                    0.0,
                    1.0
                ]
            ]
        },
        {
            "file_path": "./train/r_15",
            "rotation": 0.06283185307179587,
            "transform_matrix": [
                [
                    -0.9916067123413086,
                    0.10399886965751648,
                    -0.07625913619995117,
                    -0.30742308497428894
                ],
                [
                    -0.1289588361978531,
                    -0.7996813654899597,
                    0.5863814353942871,
                    2.3638768196105957
                ],
                [
                    0.0,
                    0.5913408398628235,
                    0.8063862323760986,
                    3.2507810592651367
                ],
                [
                    0.0,
                    0.0,
                    0.0,
                    1.0
                ]
            ]
        },
        {
            "file_path": "./train/r_16",
            "rotation": 0.06283185307179587,
            "transform_matrix": [
                [
                    -0.9983267784118652,
                    -0.053696271032094955,
                    0.019360719248652458,
                    0.07804877310991287
                ],
                [
                    0.05707807466387749,
                    -0.9391770958900452,
                    0.3386295735836029,
                    1.365115761756897
                ],
                [
                    -1.862565213173184e-09,
                    0.3391948640346527,
                    0.9406766295433044,
                    3.7921454906463623
                ],
                [
                    0.0,
                    0.0,
                    0.0,
                    1.0
                ]
            ]
        },
        {
            "file_path": "./train/r_17",
            "rotation": 0.06283185307179587,
            "transform_matrix": [
                [
                    0.9793238639831543,
                    -0.19348503649234772,
                    0.0583544485270977,
                    0.2352440059185028
                ],
                [
                    0.20208622515201569,
                    0.9376417994499207,
                    -0.2827896773815155,
                    -1.140008568763733
                ],
                [
                    0.0,
                    0.28875818848609924,
                    0.9573621153831482,
                    3.8594093322753906
                ],
                [
                    0.0,
                    0.0,
                    0.0,
                    1.0
                ]
            ]
        },
        {
            "file_path": "./train/r_18",
            "rotation": 0.06283185307179587,
            "transform_matrix": [
                [
                    0.05252625048160553,
                    -0.20020107924938202,
                    0.9783051013946533,
                    3.9438366889953613
                ],
                [
                    0.9985765814781189,
                    0.010530801489949226,
                    -0.05145994573831558,
                    -0.2074502408504486
                ],
                [
                    0.0,
                    0.9796931743621826,
                    0.20047056674957275,
                    0.8081560134887695
                ],
                [
                    0.0,
                    0.0,
                    0.0,
                    1.0
                ]
            ]
        },
        {
            "file_path": "./train/r_19",
            "rotation": 0.06283185307179587,
            "transform_matrix": [
                [
                    -0.7080247402191162,
                    0.4012633264064789,
                    -0.5810474157333374,
                    -2.342373847961426
                ],
                [
                    -0.7061268091201782,
                    -0.4023418128490448,
                    0.5826091766357422,
                    2.3486697673797607
                ],
                [
                    0.0,
                    0.8228601217269897,
                    0.568214476108551,
                    2.2906405925750732
                ],
                [
                    0.0,
                    0.0,
                    0.0,
                    1.0
                ]
            ]
        },
        {
            "file_path": "./train/r_20",
            "rotation": 0.06283185307179587,
            "transform_matrix": [
                [
                    0.3383476436138153,
                    0.4490772485733032,
                    -0.826911211013794,
                    -3.3335232734680176
                ],
                [
                    -0.940975546836853,
                    0.16147522628307343,
                    -0.29733341932296753,
                    -1.1986387968063354
                ],
                [
                    0.0,
                    0.8787750005722046,
                    0.47720867395401,
                    1.9237691164016724
                ],
                [
                    0.0,
                    0.0,
                    0.0,
                    1.0
                ]
            ]
        },
        {
            "file_path": "./train/r_21",
            "rotation": 0.06283185307179587,
            "transform_matrix": [
                [
                    -0.5891839861869812,
                    -0.7497445940971375,
                    0.3011683523654938,
                    1.214098572731018
                ],
                [
                    0.8079459071159363,
                    -0.5467414259910583,
                    0.21962305903434753,
                    0.8853654265403748
                ],
                [
                    0.0,
                    0.37275558710098267,
                    0.9278904795646667,
                    3.7406005859375
                ],
                [
                    0.0,
                    0.0,
                    0.0,
                    1.0
                ]
            ]
        },
        {
            "file_path": "./train/r_22",
            "rotation": 0.06283185307179587,
            "transform_matrix": [
                [
                    0.9833152294158936,
                    -0.14477840065956116,
                    0.10975474119186401,
                    0.4424538016319275
                ],
                [
                    0.18167351186275482,
                    0.7836189270019531,
                    -0.5940520167350769,
                    -2.39479923248291
                ],
                [
                    7.450261296781946e-09,
                    0.6041277647018433,
                    0.7968522310256958,
                    3.2123467922210693
                ],
                [
                    0.0,
                    0.0,
                    0.0,
                    1.0
                ]
            ]
        },
        {
            "file_path": "./train/r_23",
            "rotation": 0.06283185307179587,
            "transform_matrix": [
                [
                    -0.8888814449310303,
                    -0.392080694437027,
                    0.23682990670204163,
                    0.954731285572052
                ],
                [
                    0.45804351568222046,
                    -0.7608736753463745,
                    0.4595932364463806,
                    1.8527560234069824
                ],
                [
                    1.4900522593563892e-08,
                    0.5170432329177856,
                    0.8559224009513855,
                    3.4504756927490234
                ],
                [
                    0.0,
                    0.0,
                    0.0,
                    1.0
                ]
            ]
        },
        {
            "file_path": "./train/r_24",
            "rotation": 0.06283185307179587,
            "transform_matrix": [
                [
                    0.31872817873954773,
                    -0.7123947739601135,
                    0.6251879930496216,
                    2.520317554473877
                ],
                [
                    0.9478009343147278,
                    0.2395654171705246,
                    -0.21023935079574585,
                    -0.8475369811058044
                ],
                [
                    1.4900522593563892e-08,
                    0.6596150994300842,
                    0.7515695095062256,
                    3.029798746109009
                ],
                [
                    0.0,
                    0.0,
                    0.0,
                    1.0
                ]
            ]
        },
        {
            "file_path": "./train/r_25",
            "rotation": 0.06283185307179587,
            "transform_matrix": [
                [
                    -0.35408055782318115,
                    0.9247788786888123,
                    -0.13924792408943176,
                    -0.5613495111465454
                ],
                [
                    -0.9351691007614136,
                    -0.3501465618610382,
                    0.05272306874394417,
                    0.21254228055477142
                ],
                [
                    0.0,
                    0.14890047907829285,
                    0.9888112545013428,
                    3.9861903190612793
                ],
                [
                    0.0,
                    0.0,
                    0.0,
                    1.0
                ]
            ]
        },
        {
            "file_path": "./train/r_26",
            "rotation": 0.06283185307179587,
            "transform_matrix": [
                [
                    -0.39470621943473816,
                    -0.8129702806472778,
                    0.4280785322189331,
                    1.7257108688354492
                ],
                [
                    0.9187607169151306,
                    -0.3492578864097595,
                    0.18390561640262604,
                    0.7413778305053711
                ],
                [
                    0.0,
                    0.46592727303504944,
                    0.8847852349281311,
                    3.5668303966522217
                ],
                [
                    0.0,
                    0.0,
                    0.0,
                    1.0
                ]
            ]
        },
        {
            "file_path": "./train/r_27",
            "rotation": 0.06283185307179587,
            "transform_matrix": [
                [
                    0.644182026386261,
                    0.4596906304359436,
                    -0.6112654805183411,
                    -2.4641919136047363
                ],
                [
                    -0.7648162245750427,
                    0.38718381524086,
                    -0.5148507952690125,
                    -2.0755157470703125
                ],
                [
                    1.4900522593563892e-08,
                    0.7992266416549683,
                    0.6009995341300964,
                    2.422806739807129
                ],
                [
                    0.0,
                    0.0,
                    0.0,
                    1.0
                ]
            ]
        },
        {
            "file_path": "./train/r_28",
            "rotation": 0.06283185307179587,
            "transform_matrix": [
                [
                    -0.13238976895809174,
                    -0.5426300764083862,
                    0.8294361233711243,
                    3.3437020778656006
                ],
                [
                    0.9911543726921082,
                    -0.07247979938983917,
                    0.11078885942697525,
                    0.4466226100921631
                ],
                [
                    -3.725130204301763e-09,
                    0.8368328809738159,
                    0.5474293828010559,
                    2.2068495750427246
                ],
                [
                    0.0,
                    0.0,
                    0.0,
                    1.0
                ]
            ]
        },
        {
            "file_path": "./train/r_29",
            "rotation": 0.06283185307179587,
            "transform_matrix": [
                [
                    0.7134518027305603,
                    0.504112720489502,
                    -0.48661181330680847,
                    -1.9616758823394775
                ],
                [
                    -0.7006430625915527,
                    0.5133286118507385,
                    -0.49550777673721313,
                    -1.9975383281707764
                ],
                [
                    -1.4900521705385472e-08,
                    0.6945170760154724,
                    0.7194430828094482,
                    2.900287628173828
                ],
                [
                    0.0,
                    0.0,
                    0.0,
                    1.0
                ]
            ]
        },
        {
            "file_path": "./train/r_30",
            "rotation": 0.06283185307179587,
            "transform_matrix": [
                [
                    0.1375569850206375,
                    -0.9434455633163452,
                    0.30161336064338684,
                    1.2158926725387573
                ],
                [
                    0.9904505610466003,
                    0.13102877140045166,
                    -0.041889041662216187,
                    -0.1688671112060547
                ],
                [
                    0.0,
                    0.30451932549476624,
                    0.9524662494659424,
                    3.8396730422973633
                ],
                [
                    0.0,
                    0.0,
                    0.0,
                    1.0
                ]
            ]
        },
        {
            "file_path": "./train/r_31",
            "rotation": 0.06283185307179587,
            "transform_matrix": [
                [
                    -0.5230174660682678,
                    0.6180813908576965,
                    -0.5868324637413025,
                    -2.365694761276245
                ],
                [
                    -0.852271556854248,
                    -0.37930092215538025,
                    0.3601242005825043,
                    1.4517669677734375
                ],
                [
                    -1.4900520817207052e-08,
                    0.688546359539032,
                    0.7251591086387634,
                    2.923330545425415
                ],
                [
                    0.0,
                    0.0,
                    0.0,
                    1.0
                ]
            ]
        },
        {
            "file_path": "./train/r_32",
            "rotation": 0.06283185307179587,
            "transform_matrix": [
                [
                    -0.9953071475028992,
                    -0.08493714779615402,
                    0.04543139040470123,
                    0.1831473559141159
                ],
                [
                    0.0963212177157402,
                    -0.8776732087135315,
                    0.4694519639015198,
                    1.8924996852874756
                ],
                [
                    0.0,
                    0.4716622531414032,
                    0.8817415237426758,
                    3.554560899734497
                ],
                [
                    0.0,
                    0.0,
                    0.0,
                    1.0
                ]
            ]
        },
        {
            "file_path": "./train/r_33",
            "rotation": 0.06283185307179587,
            "transform_matrix": [
                [
                    -0.9926067590713501,
                    -0.10069148242473602,
                    0.06714025884866714,
                    0.27066221833229065
                ],
                [
                    0.12101985514163971,
                    -0.8258731961250305,
                    0.550685465335846,
                    2.2199759483337402
                ],
                [
                    -3.725130648390973e-09,
                    0.5547834038734436,
                    0.8319584727287292,
                    3.3538706302642822
                ],
                [
                    0.0,
                    0.0,
                    0.0,
                    1.0
                ]
            ]
        },
        {
            "file_path": "./train/r_34",
            "rotation": 0.06283185307179587,
            "transform_matrix": [
                [
                    -0.7381683588027954,
                    0.4330431818962097,
                    -0.5172140002250671,
                    -2.0850422382354736
                ],
                [
                    -0.6745529174804688,
                    -0.4738824665546417,
                    0.565991222858429,
                    2.281677722930908
                ],
                [
                    0.0,
                    0.7667458057403564,
                    0.6419198513031006,
                    2.587768316268921
                ],
                [
                    0.0,
                    0.0,
                    0.0,
                    1.0
                ]
            ]
        },
        {
            "file_path": "./train/r_35",
            "rotation": 0.06283185307179587,
            "transform_matrix": [
                [
                    0.9932218790054321,
                    -0.015667855739593506,
                    0.11480039358139038,
                    0.46279433369636536
                ],
                [
                    0.11586438119411469,
                    0.13430923223495483,
                    -0.9841010570526123,
                    -3.9672024250030518
                ],
                [
                    9.312827176088945e-10,
                    0.9908105134963989,
                    0.13521508872509003,
                    0.545091986656189
                ],
                [
                    0.0,
                    0.0,
                    0.0,
                    1.0
                ]
            ]
        },
        {
            "file_path": "./train/r_36",
            "rotation": 0.06283185307179587,
            "transform_matrix": [
                [
                    -0.9630794525146484,
                    0.14706003665924072,
                    -0.22531603276729584,
                    -0.9083155393600464
                ],
                [
                    -0.269057959318161,
                    -0.5263940691947937,
                    0.8065075278282166,
                    3.251270055770874
                ],
                [
                    0.0,
                    0.8374202847480774,
                    0.546530544757843,
                    2.203226089477539
                ],
                [
                    0.0,
                    0.0,
                    0.0,
                    1.0
                ]
            ]
        },
        {
            "file_path": "./train/r_37",
            "rotation": 0.06283185307179587,
            "transform_matrix": [
                [
                    -0.26553693413734436,
                    -0.9618311524391174,
                    0.06599465757608414,
                    0.26604393124580383
                ],
                [
                    0.964056134223938,
                    -0.2649240791797638,
                    0.01817738264799118,
                    0.07327839732170105
                ],
                [
                    1.8625651021508816e-09,
                    0.06845501810312271,
                    0.9976130723953247,
                    4.02167272567749
                ],
                [
                    0.0,
                    0.0,
                    0.0,
                    1.0
                ]
            ]
        },
        {
            "file_path": "./train/r_38",
            "rotation": 0.06283185307179587,
            "transform_matrix": [
                [
                    -0.7015851140022278,
                    -0.604834258556366,
                    0.3766910135746002,
                    1.5185527801513672
                ],
                [
                    0.7125253081321716,
                    -0.5955474972724915,
                    0.3709072172641754,
                    1.4952365159988403
                ],
                [
                    0.0,
                    0.5286667346954346,
                    0.8487927317619324,
                    3.42173433303833
                ],
                [
                    0.0,
                    0.0,
                    0.0,
                    1.0
                ]
            ]
        },
        {
            "file_path": "./train/r_39",
            "rotation": 0.06283185307179587,
            "transform_matrix": [
                [
                    -0.9823077917098999,
                    -0.18694047629833221,
                    0.006441629957407713,
                    0.02596811205148697
                ],
                [
                    0.18704436719417572,
                    -0.9817622303962708,
                    0.03382974490523338,
                    0.13637769222259521
                ],
                [
                    0.0,
                    0.03443964943289757,
                    0.999365508556366,
                    4.028737545013428
                ],
                [
                    0.0,
                    0.0,
                    0.0,
                    1.0
                ]
            ]
        },
        {
            "file_path": "./train/r_40",
            "rotation": 0.06283185307179587,
            "transform_matrix": [
                [
                    -0.663668155670166,
                    -0.6739295125007629,
                    0.3245186507701874,
                    1.3082306385040283
                ],
                [
                    0.7479696869850159,
                    -0.5979728698730469,
                    0.2879430949687958,
                    1.1607836484909058
                ],
                [
                    0.0,
                    0.43386319279670715,
                    0.9009405374526978,
                    3.6319572925567627
                ],
                [
                    0.0,
                    0.0,
                    0.0,
                    1.0
                ]
            ]
        },
        {
            "file_path": "./train/r_41",
            "rotation": 0.06283185307179587,
            "transform_matrix": [
                [
                    -0.4584178626537323,
                    0.810504138469696,
                    -0.36455532908439636,
                    -1.469630241394043
                ],
                [
                    -0.8886886835098267,
                    -0.4180874228477478,
                    0.18805085122585297,
                    0.7580885291099548
                ],
                [
                    0.0,
                    0.41021451354026794,
                    0.9119504690170288,
                    3.6763417720794678
                ],
                [
                    0.0,
                    0.0,
                    0.0,
                    1.0
                ]
            ]
        },
        {
            "file_path": "./train/r_42",
            "rotation": 0.06283185307179587,
            "transform_matrix": [
                [
                    -0.2781558632850647,
                    -0.9398468732833862,
                    0.19823825359344482,
                    0.7991570234298706
                ],
                [
                    0.9604912996292114,
                    -0.2721773087978363,
                    0.05740930140018463,
                    0.23143386840820312
                ],
                [
                    0.0,
                    0.20639099180698395,
                    0.9784289598464966,
                    3.944336175918579
                ],
                [
                    0.0,
                    0.0,
                    0.0,
                    1.0
                ]
            ]
        },
        {
            "file_path": "./train/r_43",
            "rotation": 0.06283185307179587,
            "transform_matrix": [
                [
                    -0.15310777723789215,
                    0.5943928956985474,
                    -0.7894288897514343,
                    -3.1824209690093994
                ],
                [
                    -0.988166093826294,
                    -0.09209604561328888,
                    0.1223151758313179,
                    0.49308860301971436
                ],
                [
                    -7.450260408603526e-09,
                    0.7988775372505188,
                    0.6014635562896729,
                    2.4246773719787598
                ],
                [
                    0.0,
                    0.0,
                    0.0,
                    1.0
                ]
            ]
        },
        {
            "file_path": "./train/r_44",
