{
    "camera_angle_x": 0.6911112070083618,
    "frames": [
        {
            "file_path": "./train/r_0",
            "rotation": 0.06283185307179587,
            "transform_matrix": [
                [
                    -0.03257245942950249,
                    0.5413084626197815,
                    -0.8401564359664917,
                    -3.3869190216064453
                ],
                [
                    -0.9994264841079712,
                    -0.017641864717006683,
                    0.027381664142012596,
                    0.11038358509540558
                ],
                [
                    9.31282606586592e-10,
                    0.8406330943107605,
                    0.541576087474823,
                    2.183253288269043
                ],
                [
                    0.0,
                    0.0,
                    0.0,
                    1.0
                ]
            ]
        },
        {
            "file_path": "./train/r_1",
            "rotation": 0.06283185307179587,
            "transform_matrix": [
                [
                    -0.4725708067417145,
                    0.8808727860450745,
                    -0.026702433824539185,
                    -0.10764539241790771
                ],
                [
                    -0.8812439441680908,
                    -0.4723717272281647,
                    0.014319292269647121,
                    0.057725295424461365
                ],
                [
                    9.312824955642895e-10,
                    0.030301038175821304,
                    0.9994995594024658,
                    4.029277801513672
                ],
                [
                    0.0,
                    0.0,
                    0.0,
                    1.0
                ]
            ]
        },
        {
            "file_path": "./train/r_2",
            "rotation": 0.06283185307179587,
            "transform_matrix": [
                [
                    0.35800468921661377,
                    -0.6959778070449829,
                    0.6224144697189331,
                    2.50913667678833
                ],
                [
                    0.9336737990379333,
                    0.2668633460998535,
                    -0.23865647614002228,
                    -0.9620948433876038
                ],
                [
                    0.0,
                    0.6666250824928284,
                    0.7453594207763672,
                    3.0047640800476074
                ],
                [
                    0.0,
                    0.0,
                    0.0,
                    1.0
                ]
            ]
        },
        {
            "file_path": "./train/r_3",
            "rotation": 0.06283185307179587,
            "transform_matrix": [
                [
                    0.6151866912841797,
                    0.5651923418045044,
                    -0.5495837330818176,
                    -2.215534210205078
                ],
                [
                    -0.7883270978927612,
                    0.44105908274650574,
                    -0.4288785755634308,
                    -1.7289361953735352
                ],
                [
                    -1.4900523481742312e-08,
                    0.6971473097801208,
                    0.7168949246406555,
                    2.890015125274658
                ],
                [
                    0.0,
                    0.0,
                    0.0,
                    1.0
                ]
            ]
        },
        {
            "file_path": "./train/r_4",
            "rotation": 0.06283185307179587,
            "transform_matrix": [
                [
                    -0.016778824850916862,
                    0.9946811199188232,
                    -0.1015731617808342,
                    -0.4094713628292084
                ],
                [
                    -0.9998162984848022,
                    -0.016692645847797394,
                    0.0017045913264155388,
                    0.006871710531413555
                ],
                [
                    0.0,
                    0.10159093141555786,
                    0.9947851896286011,
                    4.01027250289917
                ],
                [
                    0.0,
                    0.0,
                    0.0,
                    1.0
                ]
            ]
        },
        {
            "file_path": "./train/r_5",
            "rotation": 0.06283185307179587,
            "transform_matrix": [
                [
                    0.24700619280338287,
                    -0.1405205875635147,
                    0.9587286114692688,
                    3.8649182319641113
                ],
                [
                    0.9689696431159973,
                    0.035820990800857544,
                    -0.24439556896686554,
                    -0.9852307438850403
                ],
                [
                    0.0,
                    0.989424467086792,
                    0.1450091451406479,
                    0.5845746994018555
                ],
                [
                    0.0,
                    0.0,
                    0.0,
                    1.0
                ]
            ]
        },
        {
            "file_path": "./train/r_6",
            "rotation": 0.06283185307179587,
            "transform_matrix": [
                [
                    -0.9181477427482605,
                    0.3089567720890045,
                    -0.24793580174446106,
                    -0.9995023608207703
                ],
                [
                    -0.39613014459609985,
                    -0.7160979509353638,
                    0.5746639370918274,
                    2.3166396617889404
                ],
                [
                    0.0,
                    0.6258907318115234,
                    0.7798761129379272,
                    3.1439106464385986
                ],
                [
                    0.0,
                    0.0,
                    0.0,
                    1.0
                ]
            ]
        },
        {
            "file_path": "./train/r_7",
            "rotation": 0.06283185307179587,
            "transform_matrix": [
                [
                    -0.8200806975364685,
                    0.456082820892334,
                    -0.34552326798439026,
                    -1.3929064273834229
                ],
                [
                    -0.5721727609634399,
                    -0.6536918878555298,
                    0.4952297508716583,
                    1.9964174032211304
                ],
                [
                    1.4900520817207052e-08,
                    0.6038752794265747,
                    0.7970436215400696,
                    3.213118314743042
                ],
                [
                    0.0,
                    0.0,
                    0.0,
                    1.0
                ]
            ]
        },
        {
            "file_path": "./train/r_8",
            "rotation": 0.06283185307179587,
            "transform_matrix": [
                [
                    -0.8117506504058838,
                    0.33194050192832947,
                    -0.4804162085056305,
                    -1.936699628829956
                ],
                [
                    -0.5839307904243469,
                    -0.4614466428756714,
                    0.6678499579429626,
                    2.692300319671631
                ],
                [
                    0.0,
                    0.8227224946022034,
                    0.5684136748313904,
                    2.291443347930908
                ],
                [
                    0.0,
                    0.0,
                    0.0,
                    1.0
                ]
            ]
        },
        {
            "file_path": "./train/r_9",
            "rotation": 0.06283185307179587,
            "transform_matrix": [
                [
                    -0.5885211229324341,
                    -0.7800738215446472,
                    0.21234029531478882,
                    0.8560064435005188
                ],
                [
                    0.8084287643432617,
                    -0.5678792595863342,
                    0.1545797884464264,
                    0.6231567859649658
                ],
                [
                    0.0,
                    0.26265621185302734,
                    0.9648492932319641,
                    3.889592409133911
                ],
                [
                    0.0,
                    0.0,
                    0.0,
                    1.0
                ]
            ]
        },
        {
            "file_path": "./train/r_10",
            "rotation": 0.06283185307179587,
            "transform_matrix": [
                [
                    0.9187231659889221,
                    0.3007740080356598,
                    -0.2557419538497925,
                    -1.0309714078903198
                ],
                [
                    -0.39479348063468933,
                    0.6999306678771973,
                    -0.5951366424560547,
                    -2.399171829223633
                ],
                [
                    0.0,
                    0.6477823853492737,
                    0.7617911100387573,
                    3.071005344390869
                ],
                [
                    0.0,
                    0.0,
                    0.0,
                    1.0
                ]
            ]
        },
        {
            "file_path": "./train/r_11",
            "rotation": 0.06283185307179587,
            "transform_matrix": [
                [
                    -0.034893590956926346,
                    0.8691501617431641,
                    -0.4932876229286194,
                    -1.9885882139205933
                ],
                [
                    -0.9993481636047363,
                    -0.03034755028784275,
                    0.01722380332648754,
                    0.06943424046039581
                ],
                [
                    0.0,
                    0.49360617995262146,
                    0.8696482181549072,
                    3.5058090686798096
                ],
                [
                    0.0,
                    0.0,
                    0.0,
                    1.0
                ]
            ]
        },
        {
            "file_path": "./train/r_12",
            "rotation": 0.06283185307179587,
            "transform_matrix": [
                [
                    0.2803356945514679,
                    0.8310025930404663,
                    -0.48043087124824524,
                    -1.9367587566375732
                ],
                [
                    -0.9598573446273804,
                    0.2427023947238922,
                    -0.140314519405365,
                    -0.5656492710113525
                ],
                [
                    0.0,
                    0.500519871711731,
                    0.8656877875328064,
                    3.4898433685302734
                ],
                [
                    0.0,
                    0.0,
                    0.0,
                    1.0
                ]
            ]
        },
        {
            "file_path": "./train/r_13",
            "rotation": 0.06283185307179587,
            "transform_matrix": [
                [
                    -0.04057551175355911,
                    -0.7256656885147095,
                    0.6868177056312561,
                    2.7687649726867676
                ],
                [
                    0.9991336464881897,
                    -0.029469789937138557,
                    0.02789214439690113,
                    0.11244147270917892
                ],
                [
                    0.0,
                    0.6874087452888489,
                    0.7262374758720398,
                    2.927677869796753
                ],
                [
                    0.0,
                    0.0,
                    0.0,
                    1.0
                ]
            ]
        },
        {
            "file_path": "./train/r_14",
            "rotation": 0.06283185307179587,
            "transform_matrix": [
                [
                    0.6484359502792358,
                    0.7278056740760803,
                    -0.22312363982200623,
                    -0.8994773626327515
                ],
                [
                    -0.761212944984436,
                    0.619978129863739,
                    -0.19006691873073578,
                    -0.7662159204483032
                ],
                [
                    0.0,
                    0.2931140065193176,
                    0.9560375213623047,
                    3.854069709777832
                ],
                [
                    0.0,
                    0.0,
                    0.0,
                    1.0
                ]
            ]
        },
        {
            "file_path": "./train/r_15",
            "rotation": 0.06283185307179587,
            "transform_matrix": [
                [
                    0.9897373914718628,
                    -0.10433000326156616,
                    0.09721137583255768,
                    0.39188772439956665
                ],
                [
                    0.14259713888168335,
                    0.7241331338882446,
                    -0.6747241616249084,
                    -2.7200121879577637
                ],
                [
                    -7.450260408603526e-09,
                    0.6817157864570618,
                    0.7315837144851685,
                    2.9492297172546387
                ],
                [
                    0.0,
                    0.0,
                    0.0,
                    1.0
                ]
            ]
        },
        {
            "file_path": "./train/r_16",
            "rotation": 0.06283185307179587,
            "transform_matrix": [
                [
                    0.8772035241127014,
                    -0.4135042428970337,
                    0.24383533000946045,
                    0.982972264289856
                ],
                [
                    0.48002946376800537,
                    0.7556357383728027,
                    -0.4455835223197937,
                    -1.7962788343429565
                ],
                [
                    -1.4900521705385472e-08,
                    0.50795578956604,
                    0.8613460659980774,
                    3.4723405838012695
                ],
                [
                    0.0,
                    0.0,
                    0.0,
                    1.0
                ]
            ]
        },
        {
            "file_path": "./train/r_17",
            "rotation": 0.06283185307179587,
            "transform_matrix": [
                [
                    0.952756941318512,
                    0.27787962555885315,
                    -0.12229951471090317,
                    -0.4930254817008972
                ],
                [
                    -0.30359241366386414,
                    0.8720631003379822,
                    -0.3838096857070923,
                    -1.5472502708435059
                ],
                [
                    7.450260852692736e-09,
                    0.40283840894699097,
                    0.9152323603630066,
                    3.6895720958709717
                ],
                [
                    0.0,
                    0.0,
                    0.0,
                    1.0
                ]
            ]
        },
        {
            "file_path": "./train/r_18",
            "rotation": 0.06283185307179587,
            "transform_matrix": [
                [
                    0.19493284821510315,
                    -0.9102914333343506,
                    0.3651684820652008,
                    1.4721020460128784
                ],
                [
                    0.9807729125022888,
                    0.18092434108257294,
                    -0.0725788101553917,
                    -0.29258662462234497
                ],
                [
                    -7.450261740871156e-09,
                    0.3723248541355133,
                    0.9280633926391602,
                    3.741297721862793
                ],
                [
                    0.0,
                    0.0,
                    0.0,
                    1.0
                ]
            ]
        },
        {
            "file_path": "./train/r_19",
            "rotation": 0.06283185307179587,
            "transform_matrix": [
                [
                    0.5985680818557739,
                    0.45840218663215637,
                    -0.6568980813026428,
                    -2.6481502056121826
                ],
                [
                    -0.8010182976722717,
                    0.34254515171051025,
                    -0.4908730089664459,
                    -1.9788540601730347
                ],
                [
                    -1.4900520817207052e-08,
                    0.8200732469558716,
                    0.5722289681434631,
                    2.306824207305908
                ],
                [
                    0.0,
                    0.0,
                    0.0,
                    1.0
                ]
            ]
        },
        {
            "file_path": "./train/r_20",
            "rotation": 0.06283185307179587,
            "transform_matrix": [
                [
                    0.7726454138755798,
                    -0.39794886112213135,
                    0.4945530295372009,
                    1.9936894178390503
                ],
                [
                    0.6347702145576477,
                    0.48438528180122375,
                    -0.6019723415374756,
                    -2.4267284870147705
                ],
                [
                    2.9801041634414105e-08,
                    0.7791004776954651,
                    0.6268683075904846,
                    2.5270915031433105
                ],
                [
                    0.0,
                    0.0,
                    0.0,
                    1.0
                ]
            ]
        },
        {
            "file_path": "./train/r_21",
            "rotation": 0.06283185307179587,
            "transform_matrix": [
                [
                    0.9865713715553284,
                    0.02255447767674923,
                    -0.16150106489658356,
                    -0.651058554649353
                ],
                [
                    -0.163068026304245,
                    0.1364559531211853,
                    -0.9770912528038025,
                    -3.938943386077881
                ],
                [
                    -1.8625653241954865e-09,
                    0.9903842210769653,
                    0.13830238580703735,
                    0.5575377345085144
                ],
                [
                    0.0,
                    0.0,
                    0.0,
                    1.0
                ]
            ]
        },
        {
            "file_path": "./train/r_22",
            "rotation": 0.06283185307179587,
            "transform_matrix": [
                [
                    -0.6741244792938232,
                    0.5102824568748474,
                    -0.53395015001297,
                    -2.15251088142395
                ],
                [
                    -0.7385596036911011,
                    -0.46576324105262756,
                    0.4873660206794739,
                    1.9647163152694702
                ],
                [
                    -1.4900522593563892e-08,
                    0.722956657409668,
                    0.6908611059188843,
                    2.785064935684204
                ],
                [
                    0.0,
                    0.0,
                    0.0,
                    1.0
                ]
            ]
        },
        {
            "file_path": "./train/r_23",
            "rotation": 0.06283185307179587,
            "transform_matrix": [
                [
                    0.9933541417121887,
                    -0.09200386703014374,
                    0.06854036450386047,
                    0.27630648016929626
                ],
                [
                    0.11472504585981369,
                    0.7966213226318359,
                    -0.5934610962867737,
                    -2.3924171924591064
                ],
                [
                    -3.725130426346368e-09,
                    0.5974276065826416,
                    0.8018873929977417,
                    3.232645273208618
                ],
                [
                    0.0,
                    0.0,
                    0.0,
                    1.0
                ]
            ]
        },
        {
            "file_path": "./train/r_24",
            "rotation": 0.06283185307179587,
            "transform_matrix": [
                [
                    -0.984799325466156,
                    -0.035518545657396317,
                    0.16977383196353912,
                    0.6844084858894348
                ],
                [
                    0.17344893515110016,
                    -0.20166531205177307,
                    0.963932991027832,
                    3.8858985900878906
                ],
                [
                    0.0,
                    0.9788051247596741,
                    0.20476186275482178,
                    0.8254556059837341
                ],
                [
                    0.0,
                    0.0,
                    0.0,
                    1.0
                ]
            ]
        },
        {
            "file_path": "./train/r_25",
            "rotation": 0.06283185307179587,
            "transform_matrix": [
                [
                    0.5546468496322632,
                    0.7622235417366028,
                    -0.3336775600910187,
                    -1.345152735710144
                ],
                [
                    -0.8320343494415283,
                    0.5081099271774292,
                    -0.22243455052375793,
                    -0.8966994285583496
                ],
                [
                    1.4900521705385472e-08,
                    0.4010356366634369,
                    0.9160237312316895,
                    3.6927623748779297
                ],
                [
                    0.0,
                    0.0,
                    0.0,
                    1.0
                ]
            ]
        },
        {
            "file_path": "./train/r_26",
            "rotation": 0.06283185307179587,
            "transform_matrix": [
                [
                    -0.19563207030296326,
                    0.3812195062637329,
                    -0.9035085439682007,
                    -3.6423094272613525
                ],
                [
                    -0.9806336760520935,
                    -0.07605160027742386,
                    0.18024593591690063,
                    0.7266245484352112
                ],
                [
                    0.0,
                    0.9213456511497498,
                    0.3887174129486084,
                    1.5670346021652222
                ],
                [
                    0.0,
                    0.0,
                    0.0,
                    1.0
                ]
            ]
        },
        {
            "file_path": "./train/r_27",
            "rotation": 0.06283185307179587,
            "transform_matrix": [
                [
                    -0.9839361310005188,
                    0.17732524871826172,
                    -0.018495848402380943,
                    -0.07456222176551819
                ],
                [
                    -0.1782805621623993,
                    -0.9786638021469116,
                    0.10207918286323547,
                    0.41151130199432373
                ],
                [
                    0.0,
                    0.10374471545219421,
                    0.9945628046989441,
                    4.009376049041748
                ],
                [
                    0.0,
                    0.0,
                    0.0,
                    1.0
                ]
            ]
        },
        {
            "file_path": "./train/r_28",
            "rotation": 0.06283185307179587,
            "transform_matrix": [
                [
                    0.9579248428344727,
                    -0.04569823667407036,
                    0.28320738673210144,
                    1.1416927576065063
                ],
                [
                    0.28686991333961487,
                    0.15259695053100586,
                    -0.9456948041915894,
                    -3.812375068664551
                ],
                [
                    -3.725130870435578e-09,
                    0.9872263073921204,
                    0.15928688645362854,
                    0.6421325206756592
                ],
                [
                    0.0,
                    0.0,
                    0.0,
                    1.0
                ]
            ]
        },
        {
            "file_path": "./train/r_29",
            "rotation": 0.06283185307179587,
            "transform_matrix": [
                [
                    -0.9952055811882019,
                    0.06089458987116814,
                    -0.0759747177362442,
                    -0.3062765300273895
                ],
                [
                    -0.0973653495311737,
                    -0.6224251389503479,
                    0.7765645384788513,
                    3.130560874938965
                ],
                [
                    3.725130870435578e-09,
                    0.7803003787994385,
                    0.6253741383552551,
                    2.5210678577423096
                ],
                [
                    0.0,
                    0.0,
                    0.0,
                    1.0
                ]
            ]
        },
        {
            "file_path": "./train/r_30",
            "rotation": 0.06283185307179587,
            "transform_matrix": [
                [
                    -0.6609981060028076,
                    0.41145774722099304,
                    -0.6274648308753967,
                    -2.529496192932129
                ],
                [
                    -0.7503302693367004,
                    -0.3624707758426666,
                    0.5527607202529907,
                    2.228341817855835
                ],
                [
                    0.0,
                    0.8362459540367126,
                    0.5483254194259644,
                    2.2104618549346924
                ],
                [
                    0.0,
                    0.0,
                    0.0,
                    1.0
                ]
            ]
        },
        {
            "file_path": "./train/r_31",
            "rotation": 0.06283185307179587,
            "transform_matrix": [
                [
                    -0.8891523480415344,
                    -0.16394399106502533,
                    0.42713838815689087,
                    1.7219209671020508
                ],
                [
                    0.45751744508743286,
                    -0.3186134099960327,
                    0.830112874507904,
                    3.3464300632476807
                ],
                [
                    0.0,
                    0.9335940480232239,
                    0.35830551385879517,
                    1.4444353580474854
                ],
                [
                    0.0,
                    0.0,
                    0.0,
                    1.0
                ]
            ]
        },
        {
            "file_path": "./train/r_32",
            "rotation": 0.06283185307179587,
            "transform_matrix": [
                [
                    -0.19427593052387238,
                    0.3847651183605194,
                    -0.9022974967956543,
                    -3.637427568435669
                ],
                [
                    -0.980903148651123,
                    -0.07620588690042496,
                    0.17870742082595825,
                    0.7204223871231079
                ],
                [
                    7.450260852692736e-09,
                    0.9198578596115112,
                    0.39222484827041626,
                    1.5811741352081299
                ],
                [
                    0.0,
                    0.0,
                    0.0,
                    1.0
                ]
            ]
        },
        {
            "file_path": "./train/r_33",
            "rotation": 0.06283185307179587,
            "transform_matrix": [
                [
                    -0.31967175006866455,
                    -0.21071572601795197,
                    0.9237581491470337,
                    3.7239420413970947
                ],
                [
                    0.9474830627441406,
                    -0.07109347730875015,
                    0.31166717410087585,
                    1.256422519683838
                ],
                [
                    0.0,
                    0.9749535918235779,
                    0.22237762808799744,
                    0.8964698910713196
                ],
                [
                    0.0,
                    0.0,
                    0.0,
                    1.0
                ]
            ]
        },
        {
            "file_path": "./train/r_34",
            "rotation": 0.06283185307179587,
            "transform_matrix": [
                [
                    0.003922561649233103,
                    0.9999589323997498,
                    -0.007514196448028088,
                    -0.03029194474220276
                ],
                [
                    -0.9999494552612305,
                    0.003922598902136087,
                    -2.9476390409399755e-05,
                    -0.00011882802937179804
                ],
                [
                    -1.818911557829872e-12,
                    0.007519385777413845,
                    0.9999304413795471,
                    4.031014919281006
                ],
                [
                    0.0,
                    0.0,
                    0.0,
                    1.0
                ]
            ]
        },
        {
            "file_path": "./train/r_35",
            "rotation": 0.06283185307179587,
            "transform_matrix": [
                [
                    -0.9001526832580566,
                    -0.35238757729530334,
                    0.2558746337890625,
                    1.0315061807632446
                ],
                [
                    0.43547579646110535,
                    -0.728404700756073,
                    0.528907060623169,
                    2.1321804523468018
                ],
                [
                    1.4900519040850213e-08,
                    0.5875709056854248,
                    0.8091371655464172,
                    3.2618706226348877
                ],
                [
                    0.0,
                    0.0,
                    0.0,
                    1.0
                ]
            ]
        },
        {
            "file_path": "./train/r_36",
            "rotation": 0.06283185307179587,
            "transform_matrix": [
                [
                    -0.05387422814965248,
                    -0.43267375230789185,
                    0.8999009728431702,
                    3.6277670860290527
                ],
                [
                    0.9985047578811646,
                    -0.023344870656728745,
                    0.04855407029390335,
                    0.19573581218719482
                ],
                [
                    0.0,
                    0.901242733001709,
                    0.4332873523235321,
                    1.7467093467712402
                ],
                [
                    0.0,
                    0.0,
                    0.0,
                    1.0
                ]
            ]
        },
        {
            "file_path": "./train/r_37",
            "rotation": 0.06283185307179587,
            "transform_matrix": [
                [
                    0.9822947382926941,
                    0.16658110916614532,
                    -0.08523106575012207,
                    -0.3435916006565094
                ],
                [
                    -0.18711353838443756,
                    0.8745051026344299,
                    -0.44743967056274414,
                    -1.80376136302948
                ],
                [
                    7.450261740871156e-09,
                    0.4555014967918396,
                    0.8901970982551575,
                    3.5886473655700684
                ],
                [
                    0.0,
                    0.0,
                    0.0,
                    1.0
                ]
            ]
        },
        {
            "file_path": "./train/r_38",
            "rotation": 0.06283185307179587,
            "transform_matrix": [
                [
                    -0.9072868824005127,
                    0.14965832233428955,
                    -0.39287301898002625,
                    -1.5837873220443726
                ],
                [
                    -0.4204101264476776,
                    -0.32297757267951965,
                    0.8478591442108154,
                    3.417970895767212
                ],
                [
                    0.0,
                    0.934493362903595,
                    0.3559536039829254,
                    1.434954047203064
                ],
                [
                    0.0,
                    0.0,
                    0.0,
                    1.0
                ]
            ]
        },
        {
            "file_path": "./train/r_39",
            "rotation": 0.06283185307179587,
            "transform_matrix": [
                [
                    -0.6237817406654358,
                    0.4878539741039276,
                    -0.6105965375900269,
                    -2.4614949226379395
                ],
                [
                    -0.7815436124801636,
                    -0.38937610387802124,
                    0.487341970205307,
                    1.9646193981170654
                ],
                [
                    1.4900522593563892e-08,
                    0.7812646627426147,
                    0.6241690516471863,
                    2.5162100791931152
                ],
                [
                    0.0,
                    0.0,
                    0.0,
                    1.0
                ]
            ]
        },
        {
            "file_path": "./train/r_40",
            "rotation": 0.06283185307179587,
            "transform_matrix": [
                [
                    0.9861434698104858,
                    0.08397624641656876,
                    -0.1427721381187439,
                    -0.5755566954612732
                ],
                [
                    -0.16563603281974792,
                    0.49996742606163025,
                    -0.8500192165374756,
                    -3.4266786575317383
                ],
                [
                    -7.450261740871156e-09,
                    0.861957311630249,
                    0.5069524645805359,
                    2.043675184249878
                ],
                [
                    0.0,
                    0.0,
                    0.0,
                    1.0
                ]
            ]
        },
        {
            "file_path": "./train/r_41",
            "rotation": 0.06283185307179587,
            "transform_matrix": [
                [
                    0.7666611075401306,
                    0.2832750082015991,
                    -0.5761138796806335,
                    -2.3224852085113525
                ],
                [
                    -0.6419849395751953,
                    0.33828821778297424,
                    -0.687997579574585,
                    -2.773521661758423
                ],
                [
                    0.0,
                    0.8973886966705322,
                    0.4412136673927307,
                    1.7786626815795898
                ],
                [
                    0.0,
                    0.0,
                    0.0,
                    1.0
                ]
            ]
        },
        {
            "file_path": "./train/r_42",
            "rotation": 0.06283185307179587,
            "transform_matrix": [
                [
                    -0.9783820509910583,
                    0.060798279941082,
                    -0.19745038449764252,
                    -0.7959808111190796
                ],
                [
                    -0.20659784972667694,
                    -0.2879214286804199,
                    0.9350624680519104,
                    3.7695131301879883
                ],
                [
                    0.0,
                    0.9557168483734131,
                    0.2942598760128021,
                    1.186248540878296
                ],
                [
                    0.0,
                    0.0,
                    0.0,
                    1.0
                ]
            ]
        },
        {
            "file_path": "./train/r_43",
            "rotation": 0.06283185307179587,
            "transform_matrix": [
                [
                    -0.198172926902771,
                    0.3778705596923828,
                    -0.9043611288070679,
                    -3.6457467079162598
                ],
                [
                    -0.9801233410835266,
                    -0.07640234380960464,
                    0.18285442888736725,
                    0.7371401786804199
                ],
                [
                    -7.450260852692736e-09,
                    0.9226952791213989,
                    0.3855031430721283,
                    1.5540770292282104
                ],
                [
                    0.0,
                    0.0,
                    0.0,
