{
    "camera_angle_x": 0.6911112070083618,
    "frames": [
        {
            "file_path": "./train/r_0",
            "rotation": 0.06283185307179587,
            "transform_matrix": [
                [
                    0.35731634497642517,
                    -0.5552973747253418,
                    0.7509388327598572,
                    3.027256488800049
                ],
                [
                    0.9339374899864197,
                    0.21245193481445312,
                    -0.2873026430606842,
                    -1.1582019329071045
                ],
                [
                    0.0,
                    0.8040515184402466,
                    0.5945294499397278,
                    2.396724224090576
                ],
                [
                    0.0,
                    0.0,
                    0.0,
                    1.0
                ]
            ]
        },
        {
            "file_path": "./train/r_1",
            "rotation": 0.06283185307179587,
            "transform_matrix": [
                [
                    0.17223460972309113,
                    -0.5181831121444702,
                    0.8377101421356201,
                    3.377056837081909
                ],
                [
                    0.985012412071228,
                    0.09060704708099365,
                    -0.14647804200649261,
                    -0.5904961824417114
                ],
                [
                    -7.450261296781946e-09,
                    0.8504507541656494,
                    0.5260260105133057,
                    2.1205661296844482
                ],
                [
                    0.0,
                    0.0,
                    0.0,
                    1.0
                ]
            ]
        },
        {
            "file_path": "./train/r_2",
            "rotation": 0.06283185307179587,
            "transform_matrix": [
                [
                    -0.8568646311759949,
                    0.13047043979167938,
                    -0.4986749291419983,
                    -2.0103061199188232
                ],
                [
                    -0.5154581665992737,
                    -0.21688567101955414,
                    0.8289651870727539,
                    3.341803789138794
                ],
                [
                    0.0,
                    0.9674336314201355,
                    0.253095418214798,
                    1.020302414894104
                ],
                [
                    0.0,
                    0.0,
                    0.0,
                    1.0
                ]
            ]
        },
        {
            "file_path": "./train/r_3",
            "rotation": 0.06283185307179587,
            "transform_matrix": [
                [
                    -0.1449226438999176,
                    -0.9702735543251038,
                    0.19378383457660675,
                    0.7811998724937439
                ],
                [
                    0.9893996715545654,
                    -0.14212113618850708,
                    0.028384553268551826,
                    0.11442650854587555
                ],
                [
                    -1.862565213173184e-09,
                    0.19585862755775452,
                    0.9805914163589478,
                    3.9530534744262695
                ],
                [
                    0.0,
                    0.0,
                    0.0,
                    1.0
                ]
            ]
        },
        {
            "file_path": "./train/r_4",
            "rotation": 0.06283185307179587,
            "transform_matrix": [
                [
                    0.9175789952278137,
                    -0.3900314271450043,
                    0.07648466527462006,
                    0.30833229422569275
                ],
                [
                    0.3974454700946808,
                    0.9004623293876648,
                    -0.1765795201063156,
                    -0.7118442058563232
                ],
                [
                    0.0,
                    0.1924392133951187,
                    0.9812681078910828,
                    3.9557816982269287
                ],
                [
                    0.0,
                    0.0,
                    0.0,
                    1.0
                ]
            ]
        },
        {
            "file_path": "./train/r_5",
            "rotation": 0.06283185307179587,
            "transform_matrix": [
                [
                    -0.38767173886299133,
                    0.4122786819934845,
                    -0.8244187235832214,
                    -3.3234753608703613
                ],
                [
                    -0.9217509627342224,
                    -0.17339693009853363,
                    0.34673553705215454,
                    1.3977934122085571
                ],
                [
                    1.4900522593563892e-08,
                    0.894399106502533,
                    0.44724228978157043,
                    1.8029658794403076
                ],
                [
                    0.0,
                    0.0,
                    0.0,
                    1.0
                ]
            ]
        },
        {
            "file_path": "./train/r_6",
            "rotation": 0.06283185307179587,
            "transform_matrix": [
                [
                    0.9979621171951294,
                    0.045411866158246994,
                    -0.04386070370674133,
                    -0.1768154501914978
                ],
                [
                    -0.06313347816467285,
                    0.7178334593772888,
                    -0.6933138966560364,
                    -2.7949531078338623
                ],
                [
                    3.725130426346368e-09,
                    0.6947251558303833,
                    0.7192423343658447,
                    2.8994781970977783
                ],
                [
                    0.0,
                    0.0,
                    0.0,
                    1.0
                ]
            ]
        },
        {
            "file_path": "./train/r_7",
            "rotation": 0.06283185307179587,
            "transform_matrix": [
                [
                    0.8235321640968323,
                    -0.4650028347969055,
                    0.3248045742511749,
                    1.3093831539154053
                ],
                [
                    0.5671939253807068,
                    0.6751567721366882,
                    -0.4715971052646637,
                    -1.9011473655700684
                ],
                [
                    0.0,
                    0.5726478099822998,
                    0.819765567779541,
                    3.3047170639038086
                ],
                [
                    0.0,
                    0.0,
                    0.0,
                    1.0
                ]
            ]
        },
        {
            "file_path": "./train/r_8",
            "rotation": 0.06283185307179587,
            "transform_matrix": [
                [
                    -0.12959514558315277,
                    -0.7995317578315735,
                    0.5864450335502625,
                    2.36413311958313
                ],
                [
                    0.9915237426757812,
                    -0.10450121760368347,
                    0.07665013521909714,
                    0.30899932980537415
                ],
                [
                    0.0,
                    0.5914544463157654,
                    0.8063029050827026,
                    3.2504453659057617
                ],
                [
                    0.0,
                    0.0,
                    0.0,
                    1.0
                ]
            ]
        },
        {
            "file_path": "./train/r_9",
            "rotation": 0.06283185307179587,
            "transform_matrix": [
                [
                    -0.527434229850769,
                    -0.5575781464576721,
                    0.6409826278686523,
                    2.5839903354644775
                ],
                [
                    0.8495452404022217,
                    -0.34616851806640625,
                    0.39794960618019104,
                    1.6042524576187134
                ],
                [
                    -1.4900519929028633e-08,
                    0.7544958591461182,
                    0.656273365020752,
                    2.645631790161133
                ],
                [
                    0.0,
                    0.0,
                    0.0,
                    1.0
                ]
            ]
        },
        {
            "file_path": "./train/r_10",
            "rotation": 0.06283185307179587,
            "transform_matrix": [
                [
                    0.9202526211738586,
                    0.13790346682071686,
                    -0.36610621213912964,
                    -1.4758822917938232
                ],
                [
                    -0.39121508598327637,
                    0.32438942790031433,
                    -0.8611891865730286,
                    -3.471708059310913
                ],
                [
                    0.0,
                    0.9358119964599609,
                    0.3524724543094635,
                    1.4209206104278564
                ],
                [
                    0.0,
                    0.0,
                    0.0,
                    1.0
                ]
            ]
        },
        {
            "file_path": "./train/r_11",
            "rotation": 0.06283185307179587,
            "transform_matrix": [
                [
                    0.9869799613952637,
                    -0.07091497629880905,
                    0.14407001435756683,
                    0.580788791179657
                ],
                [
                    0.1605760008096695,
                    0.4358787536621094,
                    -0.8855260014533997,
                    -3.569816827774048
                ],
                [
                    0.0,
                    0.897201657295227,
                    0.44159379601478577,
                    1.780194878578186
                ],
                [
                    0.0,
                    0.0,
                    0.0,
                    1.0
                ]
            ]
        },
        {
            "file_path": "./train/r_12",
            "rotation": 0.06283185307179587,
            "transform_matrix": [
                [
                    0.9882926344871521,
                    0.05261518061161041,
                    -0.14291216433048248,
                    -0.5761211514472961
                ],
                [
                    -0.15228909254074097,
                    0.3414505422115326,
                    -0.9274401664733887,
                    -3.7387855052948
                ],
                [
                    0.0,
                    0.9384204149246216,
                    0.34546807408332825,
                    1.3926838636398315
                ],
                [
                    0.0,
                    0.0,
                    0.0,
                    1.0
                ]
            ]
        },
        {
            "file_path": "./train/r_13",
            "rotation": 0.06283185307179587,
            "transform_matrix": [
                [
                    -0.9832596182823181,
                    -0.16122326254844666,
                    0.08440292626619339,
                    0.34025314450263977
                ],
                [
                    0.18197472393512726,
                    -0.8711337447166443,
                    0.4560522735118866,
                    1.8384814262390137
                ],
                [
                    0.0,
                    0.4638136327266693,
                    0.8858949542045593,
                    3.5713043212890625
                ],
                [
                    0.0,
                    0.0,
                    0.0,
                    1.0
                ]
            ]
        },
        {
            "file_path": "./train/r_14",
            "rotation": 0.06283185307179587,
            "transform_matrix": [
                [
                    0.9587879180908203,
                    -0.06334610283374786,
                    0.2768169939517975,
                    1.1159310340881348
                ],
                [
                    0.28397148847579956,
                    0.2138787806034088,
                    -0.9346317648887634,
                    -3.7677764892578125
                ],
                [
                    0.0,
                    0.9747989773750305,
                    0.22305436432361603,
                    0.8991979360580444
                ],
                [
                    0.0,
                    0.0,
                    0.0,
                    1.0
                ]
            ]
        },
        {
            "file_path": "./train/r_15",
            "rotation": 0.06283185307179587,
            "transform_matrix": [
                [
                    -0.417924702167511,
                    0.7405205368995667,
                    -0.5262366533279419,
                    -2.121415376663208
                ],
                [
                    -0.9084344506263733,
                    -0.3406760096549988,
                    0.24209482967853546,
                    0.9759557247161865
                ],
                [
                    0.0,
                    0.5792747139930725,
                    0.8150966763496399,
                    3.285895347595215
                ],
                [
                    0.0,
                    0.0,
                    0.0,
                    1.0
                ]
            ]
        },
        {
            "file_path": "./train/r_16",
            "rotation": 0.06283185307179587,
            "transform_matrix": [
                [
                    0.498685359954834,
                    0.3291660249233246,
                    -0.8018024563789368,
                    -3.23230242729187
                ],
                [
                    -0.8667336106300354,
                    0.18938952684402466,
                    -0.4613264501094818,
                    -1.8597431182861328
                ],
                [
                    0.0,
                    0.9250791072845459,
                    0.37974753975868225,
                    1.530874490737915
                ],
                [
                    0.0,
                    0.0,
                    0.0,
                    1.0
                ]
            ]
        },
        {
            "file_path": "./train/r_17",
            "rotation": 0.06283185307179587,
            "transform_matrix": [
                [
                    -0.5655564069747925,
                    -0.21317823231220245,
                    0.7966307997703552,
                    3.211454153060913
                ],
                [
                    0.8246575593948364,
                    -0.14619924128055573,
                    0.5463353991508484,
                    2.202439546585083
                ],
                [
                    -7.450260852692736e-09,
                    0.9660077095031738,
                    0.2584846615791321,
                    1.0420279502868652
                ],
                [
                    0.0,
                    0.0,
                    0.0,
                    1.0
                ]
            ]
        },
        {
            "file_path": "./train/r_18",
            "rotation": 0.06283185307179587,
            "transform_matrix": [
                [
                    -0.07178305089473724,
                    -0.9728005528450012,
                    0.22020961344242096,
                    0.8877300024032593
                ],
                [
                    0.9973772764205933,
                    -0.07001421600580215,
                    0.015848884359002113,
                    0.06389153003692627
                ],
                [
                    0.0,
                    0.22078749537467957,
                    0.9752815365791321,
                    3.931647777557373
                ],
                [
                    0.0,
                    0.0,
                    0.0,
                    1.0
                ]
            ]
        },
        {
            "file_path": "./train/r_19",
            "rotation": 0.06283185307179587,
            "transform_matrix": [
                [
                    -0.3379926383495331,
                    -0.349395215511322,
                    0.8738477826118469,
                    3.522738218307495
                ],
                [
                    0.9411031603813171,
                    -0.12548358738422394,
                    0.3138381838798523,
                    1.2651742696762085
                ],
                [
                    7.450260852692736e-09,
                    0.9285294413566589,
                    0.37123191356658936,
                    1.496545433998108
                ],
                [
                    0.0,
                    0.0,
                    0.0,
                    1.0
                ]
            ]
        },
        {
            "file_path": "./train/r_20",
            "rotation": 0.06283185307179587,
            "transform_matrix": [
                [
                    -0.8622015714645386,
                    0.12123745679855347,
                    -0.49175795912742615,
                    -1.982421636581421
                ],
                [
                    -0.5064805746078491,
                    -0.20638726651668549,
                    0.837138831615448,
                    3.374753952026367
                ],
                [
                    -7.450260408603526e-09,
                    0.9709252715110779,
                    0.23935337364673615,
                    0.9649041891098022
                ],
                [
                    0.0,
                    0.0,
                    0.0,
                    1.0
                ]
            ]
        },
        {
            "file_path": "./train/r_21",
            "rotation": 0.06283185307179587,
            "transform_matrix": [
                [
                    -0.9335737228393555,
                    -0.0664554238319397,
                    0.3520490229129791,
                    1.4192137718200684
                ],
                [
                    0.35826539993286133,
                    -0.17317061126232147,
                    0.9173749685287476,
                    3.698209762573242
                ],
                [
                    0.0,
                    0.9826422929763794,
                    0.1854773908853531,
                    0.7477142214775085
                ],
                [
                    0.0,
                    0.0,
                    0.0,
                    1.0
                ]
            ]
        },
        {
            "file_path": "./train/r_22",
            "rotation": 0.06283185307179587,
            "transform_matrix": [
                [
                    0.98958420753479,
                    -0.14342667162418365,
                    0.008230115287005901,
                    0.03317802771925926
                ],
                [
                    0.1436571627855301,
                    0.9879963994026184,
                    -0.05669324845075607,
                    -0.22854724526405334
                ],
                [
                    0.0,
                    0.05728958174586296,
                    0.9983162879943848,
                    4.024507999420166
                ],
                [
                    0.0,
                    0.0,
                    0.0,
                    1.0
                ]
            ]
        },
        {
            "file_path": "./train/r_23",
            "rotation": 0.06283185307179587,
            "transform_matrix": [
                [
                    -0.9745495915412903,
                    -0.028107522055506706,
                    0.2222103327512741,
                    0.8957955241203308
                ],
                [
                    0.22398047149181366,
                    -0.12229716032743454,
                    0.9668476581573486,
                    3.897648572921753
                ],
                [
                    -1.8625653241954865e-09,
                    0.9920904040336609,
                    0.1254810094833374,
                    0.5058510303497314
                ],
                [
                    0.0,
                    0.0,
                    0.0,
                    1.0
                ]
            ]
        },
        {
            "file_path": "./train/r_24",
            "rotation": 0.06283185307179587,
            "transform_matrix": [
                [
                    -0.821251630783081,
                    -0.22424152493476868,
                    0.5245763063430786,
                    2.1147220134735107
                ],
                [
                    0.570490837097168,
                    -0.3228074908256531,
                    0.7551552653312683,
                    3.0442538261413574
                ],
                [
                    -1.4900519040850213e-08,
                    0.9195113182067871,
                    0.3930365741252899,
                    1.5844464302062988
                ],
                [
                    0.0,
                    0.0,
                    0.0,
                    1.0
                ]
            ]
        },
        {
            "file_path": "./train/r_25",
            "rotation": 0.06283185307179587,
            "transform_matrix": [
                [
                    0.30760228633880615,
                    0.8748495578765869,
                    -0.3741547763347626,
                    -1.5083284378051758
                ],
                [
                    -0.951469898223877,
                    0.2828315794467926,
                    -0.12096112966537476,
                    -0.48763006925582886
                ],
                [
                    0.0,
                    0.393235981464386,
                    0.9193986654281616,
                    3.7063677310943604
                ],
                [
                    0.0,
                    0.0,
                    0.0,
                    1.0
                ]
            ]
        },
        {
            "file_path": "./train/r_26",
            "rotation": 0.06283185307179587,
            "transform_matrix": [
                [
                    0.9990485310554504,
                    -0.010191942565143108,
                    0.04138072580099106,
                    0.16681793332099915
                ],
                [
                    0.04261721298098564,
                    0.23892328143119812,
                    -0.9700623154640198,
                    -3.9106078147888184
                ],
                [
                    0.0,
                    0.9709797501564026,
                    0.2391318678855896,
                    0.9640111923217773
                ],
                [
                    0.0,
                    0.0,
                    0.0,
                    1.0
                ]
            ]
        },
        {
            "file_path": "./train/r_27",
            "rotation": 0.06283185307179587,
            "transform_matrix": [
                [
                    0.4096233546733856,
                    -0.4037111699581146,
                    0.8180187940597534,
                    3.297675371170044
                ],
                [
                    0.9122076630592346,
                    0.18128496408462524,
                    -0.3673282265663147,
                    -1.4808086156845093
                ],
                [
                    0.0,
                    0.8967403173446655,
                    0.4425298869609833,
                    1.7839686870574951
                ],
                [
                    0.0,
                    0.0,
                    0.0,
                    1.0
                ]
            ]
        },
        {
            "file_path": "./train/r_28",
            "rotation": 0.06283185307179587,
            "transform_matrix": [
                [
                    -0.07471038401126862,
                    0.6545319557189941,
                    -0.7522997260093689,
                    -3.0327422618865967
                ],
                [
                    -0.9971622228622437,
                    -0.04903949797153473,
                    0.056364551186561584,
                    0.22722215950489044
                ],
                [
                    0.0,
                    0.7544355988502502,
                    0.656342625617981,
                    2.6459109783172607
                ],
                [
                    0.0,
                    0.0,
                    0.0,
                    1.0
                ]
            ]
        },
        {
            "file_path": "./train/r_29",
            "rotation": 0.06283185307179587,
            "transform_matrix": [
                [
                    -0.13107673823833466,
                    -0.8844009637832642,
                    0.4479149281978607,
                    1.8056774139404297
                ],
                [
                    0.9913289546966553,
                    -0.11693836003541946,
                    0.05922476202249527,
                    0.23875251412391663
                ],
                [
                    0.0,
                    0.4518299102783203,
                    0.8920661211013794,
                    3.596182107925415
                ],
                [
                    0.0,
                    0.0,
                    0.0,
                    1.0
                ]
            ]
        },
        {
            "file_path": "./train/r_30",
            "rotation": 0.06283185307179587,
            "transform_matrix": [
                [
                    0.9317643046379089,
                    -0.20031683146953583,
                    0.3026648461818695,
                    1.220131516456604
                ],
                [
                    0.3629456162452698,
                    0.5142590403556824,
                    -0.7770098447799683,
                    -3.1323561668395996
                ],
                [
                    1.4900522593563892e-08,
                    0.8339069485664368,
                    0.5518759489059448,
                    2.2247748374938965
                ],
                [
                    0.0,
                    0.0,
                    0.0,
                    1.0
                ]
            ]
        },
        {
            "file_path": "./train/r_31",
            "rotation": 0.06283185307179587,
            "transform_matrix": [
                [
                    0.7384734153747559,
                    -0.2396901696920395,
                    0.6301790475845337,
                    2.540437936782837
                ],
                [
                    0.6742191314697266,
                    0.262533038854599,
                    -0.6902362108230591,
                    -2.782546043395996
                ],
                [
                    0.0,
                    0.9346737861633301,
                    0.3554796576499939,
                    1.4330435991287231
                ],
                [
                    0.0,
                    0.0,
                    0.0,
                    1.0
                ]
            ]
        },
        {
            "file_path": "./train/r_32",
            "rotation": 0.06283185307179587,
            "transform_matrix": [
                [
                    0.24091072380542755,
                    -0.49352869391441345,
                    0.8356592059135437,
                    3.3687891960144043
                ],
                [
                    0.9705030918121338,
                    0.12251002341508865,
                    -0.20743803679943085,
                    -0.8362439870834351
                ],
                [
                    0.0,
                    0.8610520362854004,
                    0.5084884762763977,
                    2.0498671531677246
                ],
                [
                    0.0,
                    0.0,
                    0.0,
                    1.0
                ]
            ]
        },
        {
            "file_path": "./train/r_33",
            "rotation": 0.06283185307179587,
            "transform_matrix": [
                [
                    -0.9367188215255737,
                    0.11697537451982498,
                    -0.3298338055610657,
                    -1.3296575546264648
                ],
                [
                    -0.3499602675437927,
                    -0.3131013512611389,
                    0.8828473687171936,
                    3.559018611907959
                ],
                [
                    -7.450260852692736e-09,
                    0.942483127117157,
                    0.3342268168926239,
                    1.3473670482635498
                ],
                [
                    0.0,
                    0.0,
                    0.0,
                    1.0
                ]
            ]
        },
        {
            "file_path": "./train/r_34",
            "rotation": 0.06283185307179587,
            "transform_matrix": [
                [
                    0.637390673160553,
                    -0.7466790080070496,
                    0.19015876948833466,
                    0.766586184501648
                ],
                [
                    0.7704851627349854,
                    0.6176968216896057,
                    -0.15731051564216614,
                    -0.6341651678085327
                ],
                [
                    -7.450260852692736e-09,
                    0.2468021959066391,
                    0.9690254926681519,
                    3.906428098678589
                ],
                [
                    0.0,
                    0.0,
                    0.0,
                    1.0
                ]
            ]
        },
        {
            "file_path": "./train/r_35",
            "rotation": 0.06283185307179587,
            "transform_matrix": [
                [
                    -0.9991146326065063,
                    0.03836466372013092,
                    -0.014574576169252396,
                    -0.058754414319992065
                ],
                [
                    -0.04103844240307808,
                    -0.9340193271636963,
                    0.3548300564289093,
                    1.430424690246582
                ],
                [
                    0.0,
                    0.35514208674430847,
                    0.9347730875015259,
                    3.768346071243286
                ],
                [
                    0.0,
                    0.0,
                    0.0,
                    1.0
                ]
            ]
        },
        {
            "file_path": "./train/r_36",
            "rotation": 0.06283185307179587,
            "transform_matrix": [
                [
                    -0.010773477144539356,
                    -0.595909595489502,
                    0.8029438853263855,
                    3.2369039058685303
                ],
                [
                    0.99989914894104,
                    -0.0064206658862531185,
                    0.0086513701826334,
                    0.034876227378845215
                ],
                [
                    0.0,
                    0.8030195236206055,
                    0.5959226489067078,
                    2.4023399353027344
                ],
                [
                    0.0,
                    0.0,
                    0.0,
                    1.0
                ]
            ]
        },
        {
            "file_path": "./train/r_37",
            "rotation": 0.06283185307179587,
            "transform_matrix": [
                [
                    0.9976814389228821,
                    -0.05032184720039368,
                    0.044876109808683395,
                    0.18090884387493134
                ],
                [
                    0.06742369383573532,
                    0.7446221113204956,
                    -0.6640403866767883,
                    -2.676942825317383
                ],
                [
                    -3.725130204301763e-09,
                    0.665579080581665,
                    0.7462934255599976,
                    3.0085291862487793
                ],
                [
                    0.0,
                    0.0,
                    0.0,
                    1.0
                ]
            ]
        },
        {
            "file_path": "./train/r_38",
            "rotation": 0.06283185307179587,
            "transform_matrix": [
                [
                    0.5859414935112,
                    -0.3652394413948059,
                    0.7233247756958008,
                    2.915935754776001
                ],
                [
                    0.8103004693984985,
                    0.26411059498786926,
                    -0.5230479836463928,
                    -2.108560800552368
                ],
                [
                    0.0,
                    0.8926565647125244,
                    0.4507099986076355,
                    1.816945195198059
                ],
                [
                    0.0,
                    0.0,
                    0.0,
                    1.0
                ]
            ]
        },
        {
            "file_path": "./train/r_39",
            "rotation": 0.06283185307179587,
            "transform_matrix": [
                [
                    -0.9381689429283142,
                    -0.10989639908075333,
                    0.3281422257423401,
                    1.322838306427002
                ],
                [
                    0.3460538685321808,
                    -0.29793447256088257,
                    0.8896095156669617,
                    3.5862789154052734
                ],
                [
                    -7.450261296781946e-09,
                    0.9482340216636658,
                    0.31754499673843384,
                    1.2801177501678467
                ],
                [
                    0.0,
                    0.0,
                    0.0,
                    1.0
                ]
            ]
        },
        {
            "file_path": "./train/r_40",
            "rotation": 0.06283185307179587,
            "transform_matrix": [
                [
                    0.7963643074035645,
                    -0.4669704735279083,
                    0.3842834234237671,
                    1.5491600036621094
                ],
                [
                    0.6047463417053223,
                    0.61493319272995,
                    -0.5060461759567261,
                    -2.0400216579437256
                ],
                [
                    0.0,
                    0.6354413628578186,
                    0.7721145749092102,
                    3.112622022628784
                ],
                [
                    0.0,
                    0.0,
                    0.0,
                    1.0
                ]
            ]
        },
        {
            "file_path": "./train/r_41",
            "rotation": 0.06283185307179587,
            "transform_matrix": [
                [
                    0.9799742102622986,
                    0.1280311793088913,
                    -0.15223008394241333,
                    -0.6136844158172607
                ],
                [
                    -0.19890868663787842,
                    0.6307781934738159,
                    -0.7500002384185791,
                    -3.023472547531128
                ],
                [
                    0.0,
                    0.7653214335441589,
                    0.6436171531677246,
                    2.5946109294891357
                ],
                [
                    0.0,
                    0.0,
                    0.0,
                    1.0
                ]
            ]
        },
        {
            "file_path": "./train/r_42",
            "rotation": 0.06283185307179587,
            "transform_matrix": [
                [
                    0.8921114802360535,
                    -0.07411323487758636,
                    0.44560036063194275,
                    1.796346664428711
                ],
                [
                    0.4517204761505127,
                    0.1463676244020462,
                    -0.8800247311592102,
                    -3.5476393699645996
                ],
                [
                    7.450261296781946e-09,
                    0.986444890499115,
                    0.16405582427978516,
                    0.6613574624061584
                ],
                [
                    0.0,
                    0.0,
                    0.0,
                    1.0
                ]
            ]
        },
        {
            "file_path": "./train/r_43",
            "rotation": 0.06283185307179587,
            "transform_matrix": [
                [
                    0.24079054594039917,
                    0.260471373796463,
                    -0.9349313974380493,
                    -3.768984794616699
                ],
                [
                    -0.9705329537391663,
                    0.06462331116199493,
                    -0.23195776343345642,
                    -0.9350903034210205
                ],
                [
                    0.0,
                    0.9633111953735352,
                    0.2683584988117218,
                    1.0818324089050293
                ],
                [
                    0.0,
                    0.0,
                    0.0,
                    1.0
                ]
            ]
        },
        {
            "file_path": "./train/r_44",
            "rotation": 0.06283185307179587,
            "transform_matrix": [
