{
    "camera_angle_x": 0.6911112070083618,
    "frames": [
        {
            "file_path": "./train/r_0",
            "rotation": 0.06283185307179587,
            "transform_matrix": [
                [
                    0.46430742740631104,
                    0.48273366689682007,
                    -0.7425095438957214,
                    -2.9932751655578613
                ],
                [
                    -0.8856255412101746,
                    0.2530830502510071,
                    -0.3892759382724762,
                    -1.5692862272262573
                ],
                [
                    -1.4900519929028633e-08,
                    0.8383955955505371,
                    0.5450332760810852,
                    2.197190046310425
                ],
                [
                    0.0,
                    0.0,
                    0.0,
                    1.0
                ]
            ]
        },
        {
            "file_path": "./train/r_1",
            "rotation": 0.06283185307179587,
            "transform_matrix": [
                [
                    0.9657881259918213,
                    -0.18270744383335114,
                    0.18381518125534058,
                    0.7410132884979248
                ],
                [
                    0.2591667175292969,
                    0.6808615922927856,
                    -0.6849896311759949,
                    -2.7613954544067383
                ],
                [
                    0.0,
                    0.70924973487854,
                    0.7049245834350586,
                    2.841759204864502
                ],
                [
                    0.0,
                    0.0,
                    0.0,
                    1.0
                ]
            ]
        },
        {
            "file_path": "./train/r_2",
            "rotation": 0.06283185307179587,
            "transform_matrix": [
                [
                    0.6934745907783508,
                    0.5533282160758972,
                    -0.46136635541915894,
                    -1.8599040508270264
                ],
                [
                    -0.7204214930534363,
                    0.5326313972473145,
                    -0.4441092610359192,
                    -1.7903355360031128
                ],
                [
                    1.4900522593563892e-08,
                    0.640407383441925,
                    0.7680009603500366,
                    3.096038579940796
                ],
                [
                    0.0,
                    0.0,
                    0.0,
                    1.0
                ]
            ]
        },
        {
            "file_path": "./train/r_3",
            "rotation": 0.06283185307179587,
            "transform_matrix": [
                [
                    0.29594311118125916,
                    -0.30019497871398926,
                    0.9067658185958862,
                    3.6554408073425293
                ],
                [
                    0.9551605582237244,
                    0.09301121532917023,
                    -0.2809486985206604,
                    -1.132587194442749
                ],
                [
                    0.0,
                    0.9493270516395569,
                    0.3142625093460083,
                    1.2668850421905518
                ],
                [
                    0.0,
                    0.0,
                    0.0,
                    1.0
                ]
            ]
        },
        {
            "file_path": "./train/r_4",
            "rotation": 0.06283185307179587,
            "transform_matrix": [
                [
                    -0.22669890522956848,
                    0.8882696032524109,
                    -0.3994484543800354,
                    -1.6102948188781738
                ],
                [
                    -0.9739208221435547,
                    -0.20676195621490479,
                    0.09297936409711838,
                    0.3748272955417633
                ],
                [
                    7.450260408603526e-09,
                    0.4101419448852539,
                    0.9119830131530762,
                    3.6764731407165527
                ],
                [
                    0.0,
                    0.0,
                    0.0,
                    1.0
                ]
            ]
        },
        {
            "file_path": "./train/r_5",
            "rotation": 0.06283185307179587,
            "transform_matrix": [
                [
                    -0.9871737957000732,
                    0.11774516105651855,
                    -0.10742008686065674,
                    -0.43304210901260376
                ],
                [
                    -0.1593797504901886,
                    -0.7292954921722412,
                    0.6653435826301575,
                    2.682196617126465
                ],
                [
                    0.0,
                    0.6739837527275085,
                    0.7387125492095947,
                    2.977968454360962
                ],
                [
                    0.0,
                    0.0,
                    0.0,
                    1.0
                ]
            ]
        },
        {
            "file_path": "./train/r_6",
            "rotation": 0.06283185307179587,
            "transform_matrix": [
                [
                    -0.4357379972934723,
                    0.22980497777462006,
                    -0.8701969981193542,
                    -3.5080208778381348
                ],
                [
                    -0.9000258445739746,
                    -0.1112576499581337,
                    0.4212966561317444,
                    1.698371171951294
                ],
                [
                    -7.450260408603526e-09,
                    0.9668512344360352,
                    0.25531134009361267,
                    1.0292353630065918
                ],
                [
                    0.0,
                    0.0,
                    0.0,
                    1.0
                ]
            ]
        },
        {
            "file_path": "./train/r_7",
            "rotation": 0.06283185307179587,
            "transform_matrix": [
                [
                    -0.47706979513168335,
                    0.8535637855529785,
                    -0.2092912793159485,
                    -0.8437149524688721
                ],
                [
                    -0.878816545009613,
                    -0.4633612036705017,
                    0.1136147752404213,
                    0.45801472663879395
                ],
                [
                    0.0,
                    0.2381497025489807,
                    0.9711880087852478,
                    3.9151458740234375
                ],
                [
                    0.0,
                    0.0,
                    0.0,
                    1.0
                ]
            ]
        },
        {
            "file_path": "./train/r_8",
            "rotation": 0.06283185307179587,
            "transform_matrix": [
                [
                    0.8806799054145813,
                    -0.4408304989337921,
                    0.17320650815963745,
                    0.6982466578483582
                ],
                [
                    0.4736214280128479,
                    0.8197064995765686,
                    -0.32207050919532776,
                    -1.2983614206314087
                ],
                [
                    0.0,
                    0.3657042682170868,
                    0.9306918382644653,
                    3.751893997192383
                ],
                [
                    0.0,
                    0.0,
                    0.0,
                    1.0
                ]
            ]
        },
        {
            "file_path": "./train/r_9",
            "rotation": 0.06283185307179587,
            "transform_matrix": [
                [
                    -0.19085729122161865,
                    -0.966284990310669,
                    0.17277690768241882,
                    0.6965147256851196
                ],
                [
                    0.9815740585327148,
                    -0.18788447976112366,
                    0.03359474986791611,
                    0.13543035089969635
                ],
                [
                    -3.725130426346368e-09,
                    0.1760191023349762,
                    0.9843459725379944,
                    3.968189239501953
                ],
                [
                    0.0,
                    0.0,
                    0.0,
                    1.0
                ]
            ]
        },
        {
            "file_path": "./train/r_10",
            "rotation": 0.06283185307179587,
            "transform_matrix": [
                [
                    -0.9019411206245422,
                    -0.10466998815536499,
                    0.41888192296028137,
                    1.6886368989944458
                ],
                [
                    0.431759774684906,
                    -0.21865437924861908,
                    0.8750394582748413,
                    3.5275425910949707
                ],
                [
                    0.0,
                    0.9701672196388245,
                    0.24240724742412567,
                    0.9772152304649353
                ],
                [
                    0.0,
                    0.0,
                    0.0,
                    1.0
                ]
            ]
        },
        {
            "file_path": "./train/r_11",
            "rotation": 0.06283185307179587,
            "transform_matrix": [
                [
                    -0.05120030790567398,
                    0.6333069205284119,
                    -0.7721704840660095,
                    -3.112847328186035
                ],
                [
                    -0.9986454844474792,
                    -0.032469492405653,
                    0.039588991552591324,
                    0.15959492325782776
                ],
                [
                    -1.862565435217789e-09,
                    0.7732126116752625,
                    0.6341158151626587,
                    2.5563080310821533
                ],
                [
                    0.0,
                    0.0,
                    0.0,
                    1.0
                ]
            ]
        },
        {
            "file_path": "./train/r_12",
            "rotation": 0.06283185307179587,
            "transform_matrix": [
                [
                    0.1843956857919693,
                    -0.9820624589920044,
                    0.03922878950834274,
                    0.1581428349018097
                ],
                [
                    0.9828083515167236,
                    0.18425573408603668,
                    -0.007360152434557676,
                    -0.029670950025320053
                ],
                [
                    -4.656412755377204e-10,
                    0.039914004504680634,
                    0.9991618394851685,
                    4.027916431427002
                ],
                [
                    0.0,
                    0.0,
                    0.0,
                    1.0
                ]
            ]
        },
        {
            "file_path": "./train/r_13",
            "rotation": 0.06283185307179587,
            "transform_matrix": [
                [
                    0.9927223920822144,
                    -0.10505644977092743,
                    0.058140914887189865,
                    0.23438318073749542
                ],
                [
                    0.12006821483373642,
                    0.8686052560806274,
                    -0.4807083010673523,
                    -1.9378769397735596
                ],
                [
                    0.0,
                    0.4842291474342346,
                    0.8749038577079773,
                    3.5269954204559326
                ],
                [
                    0.0,
                    0.0,
                    0.0,
                    1.0
                ]
            ]
        },
        {
            "file_path": "./train/r_14",
            "rotation": 0.06283185307179587,
            "transform_matrix": [
                [
                    0.9447872042655945,
                    -0.2626558244228363,
                    0.19572578370571136,
                    0.7890284657478333
                ],
                [
                    0.32755351066589355,
                    0.7575978636741638,
                    -0.5645466446876526,
                    -2.2758543491363525
                ],
                [
                    1.4900520817207052e-08,
                    0.5975344777107239,
                    0.8018078804016113,
                    3.2323246002197266
                ],
                [
                    0.0,
                    0.0,
                    0.0,
                    1.0
                ]
            ]
        },
        {
            "file_path": "./train/r_15",
            "rotation": 0.06283185307179587,
            "transform_matrix": [
                [
                    -0.46754539012908936,
                    -0.6680742502212524,
                    0.5788152813911438,
                    2.3333754539489746
                ],
                [
                    0.8839204907417297,
                    -0.3533746004104614,
                    0.306161493062973,
                    1.2342274188995361
                ],
                [
                    1.4900522593563892e-08,
                    0.6548228859901428,
                    0.7557482123374939,
                    3.0466442108154297
                ],
                [
                    0.0,
                    0.0,
                    0.0,
                    1.0
                ]
            ]
        },
        {
            "file_path": "./train/r_16",
            "rotation": 0.06283185307179587,
            "transform_matrix": [
                [
                    -0.6457585096359253,
                    -0.6234522461891174,
                    0.44073519110679626,
                    1.7767337560653687
                ],
                [
                    0.7634854316711426,
                    -0.527318000793457,
                    0.37277528643608093,
                    1.5027673244476318
                ],
                [
                    0.0,
                    0.5772635340690613,
                    0.8165221214294434,
                    3.2916419506073
                ],
                [
                    0.0,
                    0.0,
                    0.0,
                    1.0
                ]
            ]
        },
        {
            "file_path": "./train/r_17",
            "rotation": 0.06283185307179587,
            "transform_matrix": [
                [
                    0.7497546672821045,
                    -0.48332321643829346,
                    0.4518839716911316,
                    1.821677565574646
                ],
                [
                    0.6616510152816772,
                    0.5476812124252319,
                    -0.5120556354522705,
                    -2.0642473697662354
                ],
                [
                    2.9801038081700426e-08,
                    0.6829596161842346,
                    0.7304227352142334,
                    2.944549560546875
                ],
                [
                    0.0,
                    0.0,
                    0.0,
                    1.0
                ]
            ]
        },
        {
            "file_path": "./train/r_18",
            "rotation": 0.06283185307179587,
            "transform_matrix": [
                [
                    -0.03195129707455635,
                    -0.9724414944648743,
                    0.23091690242290497,
                    0.9308942556381226
                ],
                [
                    0.9994465112686157,
                    -0.031087977811694145,
                    0.007382181938737631,
                    0.029759757220745087
                ],
                [
                    -4.656413310488716e-10,
                    0.23104313015937805,
                    0.9729029536247253,
                    3.9220592975616455
                ],
                [
                    0.0,
                    0.0,
                    0.0,
                    1.0
                ]
            ]
        },
        {
            "file_path": "./train/r_19",
            "rotation": 0.06283185307179587,
            "transform_matrix": [
                [
                    -0.9658710360527039,
                    -0.03678401932120323,
                    0.2562316954135895,
                    1.0329456329345703
                ],
                [
                    0.25885793566703796,
                    -0.13725140690803528,
                    0.9560717344284058,
                    3.854207754135132
                ],
                [
                    0.0,
                    0.9898480772972107,
                    0.14208991825580597,
                    0.5728064775466919
                ],
                [
                    0.0,
                    0.0,
                    0.0,
                    1.0
                ]
            ]
        },
        {
            "file_path": "./train/r_20",
            "rotation": 0.06283185307179587,
            "transform_matrix": [
                [
                    0.4374399185180664,
                    -0.4930543899536133,
                    0.7519828081130981,
                    3.0314648151397705
                ],
                [
                    0.8991999626159668,
                    0.23985953629016876,
                    -0.3658222258090973,
                    -1.474737524986267
                ],
                [
                    1.4900521705385472e-08,
                    0.8362743854522705,
                    0.5482821464538574,
                    2.21028733253479
                ],
                [
                    0.0,
                    0.0,
                    0.0,
                    1.0
                ]
            ]
        },
        {
            "file_path": "./train/r_21",
            "rotation": 0.06283185307179587,
            "transform_matrix": [
                [
                    -0.24181348085403442,
                    -0.31869450211524963,
                    0.916452169418335,
                    3.6944894790649414
                ],
                [
                    0.9702784419059753,
                    -0.07942526787519455,
                    0.22839884459972382,
                    0.9207432270050049
                ],
                [
                    7.450260408603526e-09,
                    0.9445186257362366,
                    0.328430712223053,
                    1.3240011930465698
                ],
                [
                    0.0,
                    0.0,
                    0.0,
                    1.0
                ]
            ]
        },
        {
            "file_path": "./train/r_22",
            "rotation": 0.06283185307179587,
            "transform_matrix": [
                [
                    0.4379899501800537,
                    0.717756986618042,
                    -0.5412428975105286,
                    -2.1819097995758057
                ],
                [
                    -0.8989320993423462,
                    0.34971535205841064,
                    -0.26371175050735474,
                    -1.0630998611450195
                ],
                [
                    0.0,
                    0.6020913124084473,
                    0.7983919978141785,
                    3.2185535430908203
                ],
                [
                    0.0,
                    0.0,
                    0.0,
                    1.0
                ]
            ]
        },
        {
            "file_path": "./train/r_23",
            "rotation": 0.06283185307179587,
            "transform_matrix": [
                [
                    0.5375399589538574,
                    -0.30407291650772095,
                    0.786456286907196,
                    3.1704375743865967
                ],
                [
                    0.8431872725486755,
                    0.19384942948818207,
                    -0.5013734698295593,
                    -2.0211844444274902
                ],
                [
                    -1.4900520817207052e-08,
                    0.9327121376991272,
                    0.36059466004371643,
                    1.4536635875701904
                ],
                [
                    0.0,
                    0.0,
                    0.0,
                    1.0
                ]
            ]
        },
        {
            "file_path": "./train/r_24",
            "rotation": 0.06283185307179587,
            "transform_matrix": [
                [
                    -0.0357903316617012,
                    -0.2608322501182556,
                    0.9646802544593811,
                    3.8889107704162598
                ],
                [
                    0.9993162751197815,
                    -0.00934165995568037,
                    0.03454985097050667,
                    0.13928063213825226
                ],
                [
                    0.0,
                    0.9653337001800537,
                    0.2609900236129761,
                    1.0521278381347656
                ],
                [
                    0.0,
                    0.0,
                    0.0,
                    1.0
                ]
            ]
        },
        {
            "file_path": "./train/r_25",
            "rotation": 0.06283185307179587,
            "transform_matrix": [
                [
                    -0.9686201810836792,
                    -0.21532337367534637,
                    0.1238083466887474,
                    0.4991080164909363
                ],
                [
                    0.2483728975057602,
                    -0.8397315144538879,
                    0.4828355014324188,
                    1.9464524984359741
                ],
                [
                    7.450260852692736e-09,
                    0.4984743595123291,
                    0.866867184638977,
                    3.494597911834717
                ],
                [
                    0.0,
                    0.0,
                    0.0,
                    1.0
                ]
            ]
        },
        {
            "file_path": "./train/r_26",
            "rotation": 0.06283185307179587,
            "transform_matrix": [
                [
                    0.8341518640518188,
                    0.26860225200653076,
                    -0.48162642121315,
                    -1.9415783882141113
                ],
                [
                    -0.5514571070671082,
                    0.40629643201828003,
                    -0.7285236716270447,
                    -2.936893939971924
                ],
                [
                    0.0,
                    0.8733646869659424,
                    0.4870387613773346,
                    1.9633970260620117
                ],
                [
                    0.0,
                    0.0,
                    0.0,
                    1.0
                ]
            ]
        },
        {
            "file_path": "./train/r_27",
            "rotation": 0.06283185307179587,
            "transform_matrix": [
                [
                    -0.897362232208252,
                    -0.312919020652771,
                    0.31103813648223877,
                    1.2538865804672241
                ],
                [
                    0.44119760394096375,
                    -0.6364534497261047,
                    0.6326278448104858,
                    2.550309658050537
                ],
                [
                    0.0,
                    0.7049814462661743,
                    0.7091930508613586,
                    2.858966588973999
                ],
                [
                    0.0,
                    0.0,
                    0.0,
                    1.0
                ]
            ]
        },
        {
            "file_path": "./train/r_28",
            "rotation": 0.06283185307179587,
            "transform_matrix": [
                [
                    -0.9036177396774292,
                    0.12768174707889557,
                    -0.4087642729282379,
                    -1.647849440574646
                ],
                [
                    -0.42823946475982666,
                    -0.2694181203842163,
                    0.86252361536026,
                    3.4770872592926025
                ],
                [
                    7.450259964514316e-09,
                    0.9545162320137024,
                    0.29813137650489807,
                    1.2018556594848633
                ],
                [
                    0.0,
                    0.0,
                    0.0,
                    1.0
                ]
            ]
        },
        {
            "file_path": "./train/r_29",
            "rotation": 0.06283185307179587,
            "transform_matrix": [
                [
                    0.9749227166175842,
                    -0.2001022845506668,
                    0.09696381539106369,
                    0.3908897638320923
                ],
                [
                    0.22235070168972015,
                    0.8773718476295471,
                    -0.42514923214912415,
                    -1.7139018774032593
                ],
                [
                    7.4502595204251065e-09,
                    0.43608224391937256,
                    0.8998686671257019,
                    3.627636194229126
                ],
                [
                    0.0,
                    0.0,
                    0.0,
                    1.0
                ]
            ]
        },
        {
            "file_path": "./train/r_30",
            "rotation": 0.06283185307179587,
            "transform_matrix": [
                [
                    0.03178209438920021,
                    -0.3602396547794342,
                    0.9322789907455444,
                    3.7582919597625732
                ],
                [
                    0.9994518756866455,
                    0.011455449275672436,
                    -0.029646029695868492,
                    -0.11951190233230591
                ],
                [
                    0.0,
                    0.9327840805053711,
                    0.36040863394737244,
                    1.452913761138916
                ],
                [
                    0.0,
                    0.0,
                    0.0,
                    1.0
                ]
            ]
        },
        {
            "file_path": "./train/r_31",
            "rotation": 0.06283185307179587,
            "transform_matrix": [
                [
                    -0.8463065028190613,
                    0.19640910625457764,
                    -0.49508246779441833,
                    -1.995823621749878
                ],
                [
                    -0.5326157212257385,
                    -0.3120867609977722,
                    0.7866675853729248,
                    3.1712894439697266
                ],
                [
                    0.0,
                    0.9295241832733154,
                    0.36873409152030945,
                    1.4864760637283325
                ],
                [
                    0.0,
                    0.0,
                    0.0,
                    1.0
                ]
            ]
        },
        {
            "file_path": "./train/r_32",
            "rotation": 0.06283185307179587,
            "transform_matrix": [
                [
                    -0.999898374080658,
                    0.006521324627101421,
                    -0.008651161566376686,
                    -0.034875381737947464
                ],
                [
                    -0.01083359494805336,
                    -0.6018927097320557,
                    0.798468291759491,
                    3.2188611030578613
                ],
                [
                    0.0,
                    0.7985439896583557,
                    0.6019062399864197,
                    2.4264614582061768
                ],
                [
                    0.0,
                    0.0,
                    0.0,
                    1.0
                ]
            ]
        },
        {
            "file_path": "./train/r_33",
            "rotation": 0.06283185307179587,
            "transform_matrix": [
                [
                    -0.983807384967804,
                    -0.1031561866402626,
                    0.1462770253419876,
                    0.58968585729599
                ],
                [
                    0.17898963391780853,
                    -0.5669926404953003,
                    0.8040040731430054,
                    3.241178035736084
                ],
                [
                    0.0,
                    0.8172318935394287,
                    0.5762792825698853,
                    2.3231520652770996
                ],
                [
                    0.0,
                    0.0,
                    0.0,
                    1.0
                ]
            ]
        },
        {
            "file_path": "./train/r_34",
            "rotation": 0.06283185307179587,
            "transform_matrix": [
                [
                    -0.30819961428642273,
                    0.11918175965547562,
                    -0.9437832832336426,
                    -3.804669141769409
                ],
                [
                    -0.9512767195701599,
                    -0.038613129407167435,
                    0.3057718276977539,
                    1.2326565980911255
                ],
                [
                    0.0,
                    0.9921162724494934,
                    0.12527620792388916,
                    0.5050253868103027
                ],
                [
                    0.0,
                    0.0,
                    0.0,
                    1.0
                ]
            ]
        },
        {
            "file_path": "./train/r_35",
            "rotation": 0.06283185307179587,
            "transform_matrix": [
                [
                    -0.05515073984861374,
                    0.20818188786506653,
                    -0.9764933586120605,
                    -3.936533212661743
                ],
                [
                    -0.9984351396560669,
                    -0.011499379761517048,
                    0.05393873527646065,
                    0.21744297444820404
                ],
                [
                    -9.312826620977432e-10,
                    0.9780173897743225,
                    0.20849169790744781,
                    0.8404916524887085
                ],
                [
                    0.0,
                    0.0,
                    0.0,
                    1.0
                ]
            ]
        },
        {
            "file_path": "./train/r_36",
            "rotation": 0.06283185307179587,
            "transform_matrix": [
                [
                    0.6471716165542603,
                    0.36156177520751953,
                    -0.6710943579673767,
                    -2.7053797245025635
                ],
                [
                    -0.7622882723808289,
                    0.30696067214012146,
                    -0.5697493553161621,
                    -2.296828031539917
                ],
                [
                    -1.4900524369920731e-08,
                    0.8803625106811523,
                    0.4742736220359802,
                    1.9119369983673096
                ],
                [
                    0.0,
                    0.0,
                    0.0,
                    1.0
                ]
            ]
        },
        {
            "file_path": "./train/r_37",
            "rotation": 0.06283185307179587,
            "transform_matrix": [
                [
                    0.9577224254608154,
                    0.16310426592826843,
                    -0.2368146926164627,
                    -0.9546699523925781
                ],
                [
                    -0.2875448167324066,
                    0.5432496666908264,
                    -0.7887561321258545,
                    -3.1797091960906982
                ],
                [
                    1.4900523481742312e-08,
                    0.8235694766044617,
                    0.5671858787536621,
                    2.2864937782287598
                ],
                [
                    0.0,
                    0.0,
                    0.0,
                    1.0
                ]
            ]
        },
        {
            "file_path": "./train/r_38",
            "rotation": 0.06283185307179587,
            "transform_matrix": [
                [
                    -0.8676008582115173,
                    0.2746718227863312,
                    -0.4144206941127777,
                    -1.6706522703170776
                ],
                [
                    -0.49717485904693604,
                    -0.47931933403015137,
                    0.7231897711753845,
                    2.915391683578491
                ],
                [
                    1.4900520817207052e-08,
                    0.8335458040237427,
                    0.5524213910102844,
                    2.22697377204895
                ],
                [
                    0.0,
                    0.0,
                    0.0,
                    1.0
                ]
            ]
        },
        {
            "file_path": "./train/r_39",
            "rotation": 0.06283185307179587,
            "transform_matrix": [
                [
                    -0.9219473004341125,
                    0.38220730423927307,
                    -0.06209607422351837,
                    -0.25032761693000793
                ],
                [
                    -0.3872043788433075,
                    -0.9100490808486938,
                    0.14785294234752655,
                    0.596038818359375
                ],
                [
                    -3.725130204301763e-09,
                    0.16036903858184814,
                    0.9870162606239319,
                    3.9789538383483887
                ],
                [
                    0.0,
                    0.0,
                    0.0,
                    1.0
                ]
            ]
        },
        {
            "file_path": "./train/r_40",
            "rotation": 0.06283185307179587,
            "transform_matrix": [
                [
                    0.9134607315063477,
                    0.10966923832893372,
                    -0.391762375831604,
                    -1.5793099403381348
                ],
                [
                    -0.40682151913642883,
                    0.24624694883823395,
                    -0.8796476125717163,
                    -3.546119451522827
                ],
                [
                    7.450261740871156e-09,
                    0.9629771113395691,
                    0.2695544958114624,
                    1.0866538286209106
                ],
                [
                    0.0,
                    0.0,
                    0.0,
                    1.0
                ]
            ]
        },
        {
            "file_path": "./train/r_41",
            "rotation": 0.06283185307179587,
            "transform_matrix": [
                [
                    0.9386534094810486,
                    0.08494941890239716,
                    -0.33410847187042236,
                    -1.346889853477478
                ],
                [
                    -0.34473755955696106,
                    0.23130077123641968,
                    -0.909712553024292,
                    -3.6673197746276855
                ],
                [
                    -7.450259964514316e-09,
                    0.9691612720489502,
                    0.24639815092086792,
                    0.993303656578064
                ],
                [
                    0.0,
                    0.0,
                    0.0,
                    1.0
                ]
            ]
        },
        {
            "file_path": "./train/r_42",
            "rotation": 0.06283185307179587,
            "transform_matrix": [
                [
                    0.9257151484489441,
                    -0.051471058279275894,
                    0.3745889961719513,
                    1.5100789070129395
                ],
                [
                    0.37810784578323364,
                    0.12601575255393982,
                    -0.9171000719070435,
                    -3.697101354598999
                ],
                [
                    -3.725130426346368e-09,
                    0.9906869530677795,
                    0.13611721992492676,
                    0.5487287044525146
                ],
                [
                    0.0,
                    0.0,
                    0.0,
                    1.0
                ]
            ]
        },
        {
            "file_path": "./train/r_43",
            "rotation": 0.06283185307179587,
            "transform_matrix": [
                [
                    -0.5701009631156921,
                    -0.17547620832920074,
                    0.8025656342506409,
                    3.235379219055176
                ],
                [
                    0.8215224742889404,
                    -0.1217728853225708,
                    0.5569457411766052,
                    2.2452127933502197
                ],
                [
                    0.0,
                    0.9769183993339539,
                    0.2135818749666214,
                    0.8610116243362427
                ],
                [
                    0.0,
                    0.0,
                    0.0,
