{
    "camera_angle_x": 0.6911112070083618,
    "frames": [
        {
            "file_path": "./train/r_0",
            "rotation": 0.06283185307179587,
            "transform_matrix": [
                [
                    -0.9115932583808899,
                    -0.11490704119205475,
                    0.39460089802742004,
                    1.5907528400421143
                ],
                [
                    0.41098907589912415,
                    -0.2548692524433136,
                    0.8752434849739075,
                    3.528365135192871
                ],
                [
                    0.0,
                    0.9601185917854309,
                    0.2795645296573639,
                    1.1270071268081665
                ],
                [
                    0.0,
                    0.0,
                    0.0,
                    1.0
                ]
            ]
        },
        {
            "file_path": "./train/r_1",
            "rotation": 0.06283185307179587,
            "transform_matrix": [
                [
                    0.2371901422739029,
                    -0.31154292821884155,
                    0.9201120138168335,
                    3.7092432975769043
                ],
                [
                    0.9714191555976868,
                    0.07606901973485947,
                    -0.22466254234313965,
                    -0.9056810140609741
                ],
                [
                    7.450261740871156e-09,
                    0.9471770524978638,
                    0.32068368792533875,
                    1.2927706241607666
                ],
                [
                    0.0,
                    0.0,
                    0.0,
                    1.0
                ]
            ]
        },
        {
            "file_path": "./train/r_2",
            "rotation": 0.06283185307179587,
            "transform_matrix": [
                [
                    -0.38109615445137024,
                    -0.6438511610031128,
                    0.6634518504142761,
                    2.674570083618164
                ],
                [
                    0.9244889616966248,
                    -0.2654106020927429,
                    0.2734904885292053,
                    1.1025208234786987
                ],
                [
                    0.0,
                    0.7176368832588196,
                    0.6963850259780884,
                    2.807333469390869
                ],
                [
                    0.0,
                    0.0,
                    0.0,
                    1.0
                ]
            ]
        },
        {
            "file_path": "./train/r_3",
            "rotation": 0.06283185307179587,
            "transform_matrix": [
                [
                    0.7399981021881104,
                    -0.31260591745376587,
                    0.595485508441925,
                    2.400578022003174
                ],
                [
                    0.6725450754165649,
                    0.3439587652683258,
                    -0.6552098393440247,
                    -2.6413445472717285
                ],
                [
                    1.4900522593563892e-08,
                    0.8854151368141174,
                    0.4647734761238098,
                    1.8736392259597778
                ],
                [
                    0.0,
                    0.0,
                    0.0,
                    1.0
                ]
            ]
        },
        {
            "file_path": "./train/r_4",
            "rotation": 0.06283185307179587,
            "transform_matrix": [
                [
                    -0.7917265295982361,
                    0.22202961146831512,
                    -0.5690263509750366,
                    -2.2939133644104004
                ],
                [
                    -0.6108055114746094,
                    -0.28779494762420654,
                    0.7375723123550415,
                    2.973371982574463
                ],
                [
                    0.0,
                    0.9315937161445618,
                    0.36347416043281555,
                    1.4652717113494873
                ],
                [
                    0.0,
                    0.0,
                    0.0,
                    1.0
                ]
            ]
        },
        {
            "file_path": "./train/r_5",
            "rotation": 0.06283185307179587,
            "transform_matrix": [
                [
                    0.09392440319061279,
                    -0.7861531972885132,
                    0.6108220815658569,
                    2.462404251098633
                ],
                [
                    0.9955362677574158,
                    0.07417004555463791,
                    -0.057628333568573,
                    -0.23231683671474457
                ],
                [
                    3.725130648390973e-09,
                    0.6135566830635071,
                    0.7896155714988708,
                    3.183173656463623
                ],
                [
                    0.0,
                    0.0,
                    0.0,
                    1.0
                ]
            ]
        },
        {
            "file_path": "./train/r_6",
            "rotation": 0.06283185307179587,
            "transform_matrix": [
                [
                    -0.41649511456489563,
                    -0.8260432481765747,
                    0.3796720504760742,
                    1.5305702686309814
                ],
                [
                    0.9090907573699951,
                    -0.37844735383987427,
                    0.17394475638866425,
                    0.7012227773666382
                ],
                [
                    0.0,
                    0.417636513710022,
                    0.9085755944252014,
                    3.6627368927001953
                ],
                [
                    0.0,
                    0.0,
                    0.0,
                    1.0
                ]
            ]
        },
        {
            "file_path": "./train/r_7",
            "rotation": 0.06283185307179587,
            "transform_matrix": [
                [
                    -0.004308339674025774,
                    0.5863135457038879,
                    -0.8100371956825256,
                    -3.2654991149902344
                ],
                [
                    -0.9999479055404663,
                    -0.0025261694099754095,
                    0.003490097587928176,
                    0.014069613069295883
                ],
                [
                    2.3282067940222362e-10,
                    0.8100740313529968,
                    0.5862976908683777,
                    2.363539218902588
                ],
                [
                    0.0,
                    0.0,
                    0.0,
                    1.0
                ]
            ]
        },
        {
            "file_path": "./train/r_8",
            "rotation": 0.06283185307179587,
            "transform_matrix": [
                [
                    -0.9338452816009521,
                    -0.3194923996925354,
                    0.1605600118637085,
                    0.647264838218689
                ],
                [
                    0.35755711793899536,
                    -0.8344302773475647,
                    0.4193406105041504,
                    1.6904858350753784
                ],
                [
                    0.0,
                    0.4490441679954529,
                    0.8934715390205383,
                    3.6018476486206055
                ],
                [
                    0.0,
                    0.0,
                    0.0,
                    1.0
                ]
            ]
        },
        {
            "file_path": "./train/r_9",
            "rotation": 0.06283185307179587,
            "transform_matrix": [
                [
                    -0.9376615881919861,
                    -0.30293169617652893,
                    0.17013013362884521,
                    0.6858447790145874
                ],
                [
                    0.3474259674549103,
                    -0.8175768256187439,
                    0.45916110277175903,
                    1.8510140180587769
                ],
                [
                    0.0,
                    0.4896840453147888,
                    0.871862530708313,
                    3.514735221862793
                ],
                [
                    0.0,
                    0.0,
                    0.0,
                    1.0
                ]
            ]
        },
        {
            "file_path": "./train/r_10",
            "rotation": 0.06283185307179587,
            "transform_matrix": [
                [
                    0.9181109070777893,
                    0.16356895864009857,
                    -0.3608799874782562,
                    -1.4548137187957764
                ],
                [
                    -0.3962154984474182,
                    0.37902218103408813,
                    -0.8362313508987427,
                    -3.3710954189300537
                ],
                [
                    1.4900523481742312e-08,
                    0.9108113050460815,
                    0.4127957224845886,
                    1.6641013622283936
                ],
                [
                    0.0,
                    0.0,
                    0.0,
                    1.0
                ]
            ]
        },
        {
            "file_path": "./train/r_11",
            "rotation": 0.06283185307179587,
            "transform_matrix": [
                [
                    -0.5523207187652588,
                    -0.31579461693763733,
                    0.7714526653289795,
                    3.1099534034729004
                ],
                [
                    0.8335800766944885,
                    -0.20924194157123566,
                    0.5111557841300964,
                    2.060619831085205
                ],
                [
                    0.0,
                    0.9254628419876099,
                    0.3788113594055176,
                    1.5271004438400269
                ],
                [
                    0.0,
                    0.0,
                    0.0,
                    1.0
                ]
            ]
        },
        {
            "file_path": "./train/r_12",
            "rotation": 0.06283185307179587,
            "transform_matrix": [
                [
                    -0.678299069404602,
                    -0.4916021227836609,
                    0.5460506081581116,
                    2.20129132270813
                ],
                [
                    0.7347275614738464,
                    -0.4538460969924927,
                    0.5041128396987915,
                    2.0322277545928955
                ],
                [
                    -1.4900521705385472e-08,
                    0.7431965470314026,
                    0.6690413951873779,
                    2.697103500366211
                ],
                [
                    0.0,
                    0.0,
                    0.0,
                    1.0
                ]
            ]
        },
        {
            "file_path": "./train/r_13",
            "rotation": 0.06283185307179587,
            "transform_matrix": [
                [
                    -0.9278506636619568,
                    -0.16408878564834595,
                    0.3347904682159424,
                    1.3496392965316772
                ],
                [
                    0.37283697724342346,
                    -0.40835511684417725,
                    0.833167314529419,
                    3.35874342918396
                ],
                [
                    0.0,
                    0.8979483246803284,
                    0.44007375836372375,
                    1.7740674018859863
                ],
                [
                    0.0,
                    0.0,
                    0.0,
                    1.0
                ]
            ]
        },
        {
            "file_path": "./train/r_14",
            "rotation": 0.06283185307179587,
            "transform_matrix": [
                [
                    -0.555633008480072,
                    -0.5418381690979004,
                    0.6305719614028931,
                    2.5420219898223877
                ],
                [
                    0.8313760161399841,
                    -0.3621263802051544,
                    0.4214297831058502,
                    1.6989079713821411
                ],
                [
                    1.4900520817207052e-08,
                    0.7584627270698547,
                    0.6516849994659424,
                    2.6271347999572754
                ],
                [
                    0.0,
                    0.0,
                    0.0,
                    1.0
                ]
            ]
        },
        {
            "file_path": "./train/r_15",
            "rotation": 0.06283185307179587,
            "transform_matrix": [
                [
                    -0.36457154154777527,
                    0.21449057757854462,
                    -0.9060914516448975,
                    -3.6527223587036133
                ],
                [
                    -0.9311293959617615,
                    -0.0839809849858284,
                    0.3547682464122772,
                    1.4301756620407104
                ],
                [
                    0.0,
                    0.9731038212776184,
                    0.23033703863620758,
                    0.9285566806793213
                ],
                [
                    0.0,
                    0.0,
                    0.0,
                    1.0
                ]
            ]
        },
        {
            "file_path": "./train/r_16",
            "rotation": 0.06283185307179587,
            "transform_matrix": [
                [
                    0.9967643618583679,
                    -0.0439147911965847,
                    0.06668315827846527,
                    0.26881951093673706
                ],
                [
                    0.07984354346990585,
                    0.5482308864593506,
                    -0.8324704766273499,
                    -3.3559343814849854
                ],
                [
                    -3.725130648390973e-09,
                    0.8351672291755676,
                    0.5499669313430786,
                    2.2170791625976562
                ],
                [
                    0.0,
                    0.0,
                    0.0,
                    1.0
                ]
            ]
        },
        {
            "file_path": "./train/r_17",
            "rotation": 0.06283185307179587,
            "transform_matrix": [
                [
                    -0.20581480860710144,
                    0.5007440447807312,
                    -0.8407324552536011,
                    -3.3892409801483154
                ],
                [
                    -0.978547215461731,
                    -0.10531994700431824,
                    0.17682865262031555,
                    0.7128485441207886
                ],
                [
                    0.0,
                    0.8591583967208862,
                    0.5116814374923706,
                    2.062739133834839
                ],
                [
                    0.0,
                    0.0,
                    0.0,
                    1.0
                ]
            ]
        },
        {
            "file_path": "./train/r_18",
            "rotation": 0.06283185307179587,
            "transform_matrix": [
                [
                    0.15468883514404297,
                    -0.5915411710739136,
                    0.7912604808807373,
                    3.189804792404175
                ],
                [
                    0.9879198670387268,
                    0.09262372553348541,
                    -0.12389583885669708,
                    -0.49946072697639465
                ],
                [
                    0.0,
                    0.8009306192398071,
                    0.5987269878387451,
                    2.4136455059051514
                ],
                [
                    0.0,
                    0.0,
                    0.0,
                    1.0
                ]
            ]
        },
        {
            "file_path": "./train/r_19",
            "rotation": 0.06283185307179587,
            "transform_matrix": [
                [
                    0.9977736473083496,
                    -0.037772130221128464,
                    0.05417977273464203,
                    0.21841466426849365
                ],
                [
                    0.06604592502117157,
                    0.5706337094306946,
                    -0.8185084462165833,
                    -3.299649238586426
                ],
                [
                    3.725130426346368e-09,
                    0.8203293681144714,
                    0.571861743927002,
                    2.3053436279296875
                ],
                [
                    0.0,
                    0.0,
                    0.0,
                    1.0
                ]
            ]
        },
        {
            "file_path": "./train/r_20",
            "rotation": 0.06283185307179587,
            "transform_matrix": [
                [
                    0.36537185311317444,
                    0.2849796712398529,
                    -0.8861223459243774,
                    -3.572221040725708
                ],
                [
                    -0.9308155179023743,
                    0.11186273396015167,
                    -0.3478285074234009,
                    -1.4021995067596436
                ],
                [
                    7.450260408603526e-09,
                    0.9519786238670349,
                    0.3061370551586151,
                    1.2341288328170776
                ],
                [
                    0.0,
                    0.0,
                    0.0,
                    1.0
                ]
            ]
        },
        {
            "file_path": "./train/r_21",
            "rotation": 0.06283185307179587,
            "transform_matrix": [
                [
                    -0.9998763799667358,
                    0.005316464230418205,
                    -0.01153910718858242,
                    -0.046517547219991684
                ],
                [
                    -0.012704848311841488,
                    -0.41840770840644836,
                    0.9081320762634277,
                    3.6609482765197754
                ],
                [
                    0.0,
                    0.9082383513450623,
                    0.4184263050556183,
                    1.6868000030517578
                ],
                [
                    0.0,
                    0.0,
                    0.0,
                    1.0
                ]
            ]
        },
        {
            "file_path": "./train/r_22",
            "rotation": 0.06283185307179587,
            "transform_matrix": [
                [
                    -0.2917240560054779,
                    0.49587875604629517,
                    -0.8178852200508118,
                    -3.2971370220184326
                ],
                [
                    -0.9564575552940369,
                    -0.1512453556060791,
                    0.24945883452892303,
                    1.005642294883728
                ],
                [
                    -7.450260408603526e-09,
                    0.8551135063171387,
                    0.5184123516082764,
                    2.0898733139038086
                ],
                [
                    0.0,
                    0.0,
                    0.0,
                    1.0
                ]
            ]
        },
        {
            "file_path": "./train/r_23",
            "rotation": 0.06283185307179587,
            "transform_matrix": [
                [
                    -0.7640160322189331,
                    0.34096893668174744,
                    -0.5476711988449097,
                    -2.207824468612671
                ],
                [
                    -0.6451308131217957,
                    -0.4038028419017792,
                    0.6485964059829712,
                    2.6146838665008545
                ],
                [
                    2.9801046963484623e-08,
                    0.8489248156547546,
                    0.5284848213195801,
                    2.130478620529175
                ],
                [
                    0.0,
                    0.0,
                    0.0,
                    1.0
                ]
            ]
        },
        {
            "file_path": "./train/r_24",
            "rotation": 0.06283185307179587,
            "transform_matrix": [
                [
                    0.555667519569397,
                    0.14825856685638428,
                    -0.8180287480354309,
                    -3.297715663909912
                ],
                [
                    -0.8313530683517456,
                    0.0990944430232048,
                    -0.546761691570282,
                    -2.204157829284668
                ],
                [
                    0.0,
                    0.9839661717414856,
                    0.17831996083259583,
                    0.7188604474067688
                ],
                [
                    0.0,
                    0.0,
                    0.0,
                    1.0
                ]
            ]
        },
        {
            "file_path": "./train/r_25",
            "rotation": 0.06283185307179587,
            "transform_matrix": [
                [
                    -0.993596076965332,
                    -0.09703179448843002,
                    0.05715309455990791,
                    0.23040099442005157
                ],
                [
                    0.11260959506034851,
                    -0.8561473488807678,
                    0.5042828917503357,
                    2.0329132080078125
                ],
                [
                    -3.725130204301763e-09,
                    0.5075296759605408,
                    0.8615972995758057,
                    3.4733529090881348
                ],
                [
                    0.0,
                    0.0,
                    0.0,
                    1.0
                ]
            ]
        },
        {
            "file_path": "./train/r_26",
            "rotation": 0.06283185307179587,
            "transform_matrix": [
                [
                    -0.19749456644058228,
                    -0.9800082445144653,
                    0.023803353309631348,
                    0.09595835208892822
                ],
                [
                    0.9802601933479309,
                    -0.19744379818439484,
                    0.004795698914676905,
                    0.019332878291606903
                ],
                [
                    4.6564135880444724e-10,
                    0.02428341843187809,
                    0.999663770198822,
                    4.029940128326416
                ],
                [
                    0.0,
                    0.0,
                    0.0,
                    1.0
                ]
            ]
        },
        {
            "file_path": "./train/r_27",
            "rotation": 0.06283185307179587,
            "transform_matrix": [
                [
                    0.6427078247070312,
                    0.583587110042572,
                    -0.4962798058986664,
                    -2.000650405883789
                ],
                [
                    -0.7660553455352783,
                    0.4896199405193329,
                    -0.41637054085731506,
                    -1.6785125732421875
                ],
                [
                    1.4900519929028633e-08,
                    0.6478336453437805,
                    0.7617476582527161,
                    3.0708296298980713
                ],
                [
                    0.0,
                    0.0,
                    0.0,
                    1.0
                ]
            ]
        },
        {
            "file_path": "./train/r_28",
            "rotation": 0.06283185307179587,
            "transform_matrix": [
                [
                    0.9936659932136536,
                    0.11196641623973846,
                    -0.0025765146128833294,
                    -0.010386690497398376
                ],
                [
                    -0.11199181526899338,
                    0.9934406280517578,
                    -0.022860553115606308,
                    -0.09215763211250305
                ],
                [
                    0.0,
                    0.023003628477454185,
                    0.9996940493583679,
                    4.030061721801758
                ],
                [
                    0.0,
                    0.0,
                    0.0,
                    1.0
                ]
            ]
        },
        {
            "file_path": "./train/r_29",
            "rotation": 0.06283185307179587,
            "transform_matrix": [
                [
                    0.09554539620876312,
                    -0.48735979199409485,
                    0.8679205775260925,
                    3.4988441467285156
                ],
                [
                    0.9953819513320923,
                    0.0467810183763504,
                    -0.08331053704023361,
                    -0.335849404335022
                ],
                [
                    -3.725130648390973e-09,
                    0.8719414472579956,
                    0.4895820915699005,
                    1.9736500978469849
                ],
                [
                    0.0,
                    0.0,
                    0.0,
                    1.0
                ]
            ]
        },
        {
            "file_path": "./train/r_30",
            "rotation": 0.06283185307179587,
            "transform_matrix": [
                [
                    0.9915519952774048,
                    0.06122200936079025,
                    -0.11397826671600342,
                    -0.45948007702827454
                ],
                [
                    -0.12937872111797333,
                    0.4692023694515228,
                    -0.8735236525535583,
                    -3.5214319229125977
                ],
                [
                    3.725130648390973e-09,
                    0.88096022605896,
                    0.4731625020503998,
                    1.9074578285217285
                ],
                [
                    0.0,
                    0.0,
                    0.0,
                    1.0
                ]
            ]
        },
        {
            "file_path": "./train/r_31",
            "rotation": 0.06283185307179587,
            "transform_matrix": [
                [
                    -0.22234603762626648,
                    -0.4521207809448242,
                    0.8637598156929016,
                    3.4820711612701416
                ],
                [
                    0.974923849105835,
                    -0.10311292856931686,
                    0.1969933956861496,
                    0.7941385507583618
                ],
                [
                    -7.450261740871156e-09,
                    0.8859708905220032,
                    0.4637131094932556,
                    1.869364619255066
                ],
                [
                    0.0,
                    0.0,
                    0.0,
                    1.0
                ]
            ]
        },
        {
            "file_path": "./train/r_32",
            "rotation": 0.06283185307179587,
            "transform_matrix": [
                [
                    -0.7652935981750488,
                    -0.4343009293079376,
                    0.47501346468925476,
                    1.9149196147918701
                ],
                [
                    0.6436148881912231,
                    -0.5164077281951904,
                    0.5648171901702881,
                    2.276944875717163
                ],
                [
                    0.0,
                    0.7380350232124329,
                    0.6747304201126099,
                    2.7200376987457275
                ],
                [
                    0.0,
                    0.0,
                    0.0,
                    1.0
                ]
            ]
        },
        {
            "file_path": "./train/r_33",
            "rotation": 0.06283185307179587,
            "transform_matrix": [
                [
                    0.059367064386606216,
                    0.9118639826774597,
                    -0.4061494767665863,
                    -1.6373085975646973
                ],
                [
                    -0.9981931447982788,
                    0.054232675582170486,
                    -0.024155545979738235,
                    -0.09737814217805862
                ],
                [
                    0.0,
                    0.40688198804855347,
                    0.913442075252533,
                    3.6823549270629883
                ],
                [
                    0.0,
                    0.0,
                    0.0,
                    1.0
                ]
            ]
        },
        {
            "file_path": "./train/r_34",
            "rotation": 0.06283185307179587,
            "transform_matrix": [
                [
                    0.8196131587028503,
                    -0.254062294960022,
                    0.5134263038635254,
                    2.0697731971740723
                ],
                [
                    0.5728424787521362,
                    0.3635079264640808,
                    -0.7346014380455017,
                    -2.961395740509033
                ],
                [
                    0.0,
                    0.8962724208831787,
                    0.44347643852233887,
                    1.7877846956253052
                ],
                [
                    0.0,
                    0.0,
                    0.0,
                    1.0
                ]
            ]
        },
        {
            "file_path": "./train/r_35",
            "rotation": 0.06283185307179587,
            "transform_matrix": [
                [
                    0.948414146900177,
                    0.22841431200504303,
                    -0.21967174112796783,
                    -0.8855617046356201
                ],
                [
                    -0.31689849495887756,
                    0.6835986971855164,
                    -0.657433807849884,
                    -2.6503100395202637
                ],
                [
                    0.0,
                    0.6931881904602051,
                    0.7207235097885132,
                    2.905449390411377
                ],
                [
                    0.0,
                    0.0,
                    0.0,
                    1.0
                ]
            ]
        },
        {
            "file_path": "./train/r_36",
            "rotation": 0.06283185307179587,
            "transform_matrix": [
                [
                    -0.8271632194519043,
                    -0.47272375226020813,
                    0.30375105142593384,
                    1.2245101928710938
                ],
                [
                    0.5618853569030762,
                    -0.6959065794944763,
                    0.4471582770347595,
                    1.8026272058486938
                ],
                [
                    1.4900521705385472e-08,
                    0.5405889749526978,
                    0.8412503004074097,
                    3.3913285732269287
                ],
                [
                    0.0,
                    0.0,
                    0.0,
                    1.0
                ]
            ]
        },
        {
            "file_path": "./train/r_37",
            "rotation": 0.06283185307179587,
            "transform_matrix": [
                [
                    -0.9995844960212708,
                    0.02486669458448887,
                    -0.01125247497111559,
                    -0.04536204785108566
                ],
                [
                    -0.027293285354971886,
                    -0.9107134342193604,
                    0.4121086895465851,
                    1.6613317728042603
                ],
                [
                    9.312826620977432e-10,
                    0.4122772216796875,
                    0.9110199213027954,
                    3.6725902557373047
                ],
                [
                    0.0,
                    0.0,
                    0.0,
                    1.0
                ]
            ]
        },
        {
            "file_path": "./train/r_38",
            "rotation": 0.06283185307179587,
            "transform_matrix": [
                [
                    -0.9885401725769043,
                    0.05790504813194275,
                    -0.1391034722328186,
                    -0.5607671141624451
                ],
                [
                    -0.15067331492900848,
                    -0.37990447878837585,
                    0.9126325249671936,
                    3.679090738296509
                ],
                [
                    0.0,
                    0.923206090927124,
                    0.38427817821502686,
                    1.5491386651992798
                ],
                [
                    0.0,
                    0.0,
                    0.0,
                    1.0
                ]
            ]
        },
        {
            "file_path": "./train/r_39",
            "rotation": 0.06283185307179587,
            "transform_matrix": [
                [
                    -0.42725852131843567,
                    -0.9024117588996887,
                    0.05548885464668274,
                    0.22369197010993958
                ],
                [
                    0.9040820002555847,
                    -0.42646917700767517,
                    0.026223378255963326,
                    0.10571418702602386
                ],
                [
                    0.0,
                    0.06137588992714882,
                    0.9980734586715698,
                    4.023529052734375
                ],
                [
                    0.0,
                    0.0,
                    0.0,
                    1.0
                ]
            ]
        },
        {
            "file_path": "./train/r_40",
            "rotation": 0.06283185307179587,
            "transform_matrix": [
                [
                    0.8406336307525635,
                    0.5117719173431396,
                    -0.17708458006381989,
                    -0.7138802409172058
                ],
                [
                    -0.5415253043174744,
                    0.7944461107254028,
                    -0.27489617466926575,
                    -1.1081876754760742
                ],
                [
                    1.4900524369920731e-08,
                    0.32700851559638977,
                    0.9449817538261414,
                    3.8095006942749023
                ],
                [
                    0.0,
                    0.0,
                    0.0,
                    1.0
                ]
            ]
        },
        {
            "file_path": "./train/r_41",
            "rotation": 0.06283185307179587,
            "transform_matrix": [
                [
                    0.8724470138549805,
                    0.45873531699180603,
                    -0.16831058263778687,
                    -0.6785097122192383
                ],
                [
                    -0.4886210262775421,
                    0.8190851211547852,
                    -0.30052343010902405,
                    -1.211498737335205
                ],
                [
                    -1.4900522593563892e-08,
                    0.34445807337760925,
                    0.9387621879577637,
                    3.7844278812408447
                ],
                [
                    0.0,
                    0.0,
                    0.0,
                    1.0
                ]
            ]
        },
        {
            "file_path": "./train/r_42",
            "rotation": 0.06283185307179587,
            "transform_matrix": [
                [
                    -0.8361918330192566,
                    0.31397154927253723,
                    -0.4495856761932373,
                    -1.8124126195907593
                ],
                [
                    -0.5483587384223938,
                    -0.4787750542163849,
                    0.6855729222297668,
                    2.763746976852417
                ],
                [
                    -1.4900522593563892e-08,
                    0.8198696970939636,
                    0.5725206136703491,
                    2.307999849319458
                ],
                [
                    0.0,
                    0.0,
                    0.0,
                    1.0
                ]
            ]
        },
        {
            "file_path": "./train/r_43",
            "rotation": 0.06283185307179587,
            "transform_matrix": [
                [
                    0.2991597056388855,
                    -0.18490508198738098,
                    0.9360732436180115,
                    3.773587942123413
                ],
                [
                    0.9541580677032471,
                    0.05797377973794937,
                    -0.2934895157814026,
                    -1.1831430196762085
                ],
                [
                    0.0,
                    0.981039822101593,
                    0.19377337396144867,
                    0.7811577320098877
                ],
                [
                    0.0,
                    0.0,
                    0.0,
                    1.0
