{
    "camera_angle_x": 0.6911112070083618,
    "frames": [
        {
            "file_path": "./train/r_0",
            "rotation": 0.06283185307179587,
            "transform_matrix": [
                [
                    0.9269920587539673,
                    0.14296315610408783,
                    -0.3466459810733795,
                    -1.3974323272705078
                ],
                [
                    -0.3749666213989258,
                    0.35343340039253235,
                    -0.8569777607917786,
                    -3.45473051071167
                ],
                [
                    1.4900521705385472e-08,
                    0.9244653582572937,
                    0.3812388777732849,
                    1.53688645362854
                ],
                [
                    0.0,
                    0.0,
                    0.0,
                    1.0
                ]
            ]
        },
        {
            "file_path": "./train/r_1",
            "rotation": 0.06283185307179587,
            "transform_matrix": [
                [
                    0.7774257659912109,
                    0.19735489785671234,
                    -0.5971419811248779,
                    -2.4072558879852295
                ],
                [
                    -0.6289065480232239,
                    0.2439611554145813,
                    -0.7381597757339478,
                    -2.9757401943206787
                ],
                [
                    0.0,
                    0.9494860768318176,
                    0.3137815296649933,
                    1.2649461030960083
                ],
                [
                    0.0,
                    0.0,
                    0.0,
                    1.0
                ]
            ]
        },
        {
            "file_path": "./train/r_2",
            "rotation": 0.06283185307179587,
            "transform_matrix": [
                [
                    0.9451707005500793,
                    -0.23240205645561218,
                    0.22926007211208344,
                    0.9242151379585266
                ],
                [
                    0.32644546031951904,
                    0.6728829741477966,
                    -0.6637859344482422,
                    -2.675917148590088
                ],
                [
                    1.4900522593563892e-08,
                    0.7022874355316162,
                    0.7118605971336365,
                    2.869720220565796
                ],
                [
                    0.0,
                    0.0,
                    0.0,
                    1.0
                ]
            ]
        },
        {
            "file_path": "./train/r_3",
            "rotation": 0.06283185307179587,
            "transform_matrix": [
                [
                    -0.9665805697441101,
                    0.05109904706478119,
                    -0.25104838609695435,
                    -1.0120501518249512
                ],
                [
                    -0.25619521737098694,
                    -0.19278793036937714,
                    0.9471625089645386,
                    3.818291425704956
                ],
                [
                    3.7251297602125533e-09,
                    0.9799039959907532,
                    0.1994377225637436,
                    0.8039922714233398
                ],
                [
                    0.0,
                    0.0,
                    0.0,
                    1.0
                ]
            ]
        },
        {
            "file_path": "./train/r_4",
            "rotation": 0.06283185307179587,
            "transform_matrix": [
                [
                    -0.6716669201850891,
                    -0.4761614501476288,
                    0.5675086379051208,
                    2.287794828414917
                ],
                [
                    0.7407951951026917,
                    -0.4317278563976288,
                    0.5145508050918579,
                    2.0743064880371094
                ],
                [
                    1.4900522593563892e-08,
                    0.7660751342773438,
                    0.6427198052406311,
                    2.5909934043884277
                ],
                [
                    0.0,
                    0.0,
                    0.0,
                    1.0
                ]
            ]
        },
        {
            "file_path": "./train/r_5",
            "rotation": 0.06283185307179587,
            "transform_matrix": [
                [
                    0.0825069397687912,
                    -0.2899852693080902,
                    0.953427791595459,
                    3.8435492515563965
                ],
                [
                    0.9965473413467407,
                    0.02400868944823742,
                    -0.07893694937229156,
                    -0.3182181715965271
                ],
                [
                    1.8625651021508816e-09,
                    0.9567247033119202,
                    0.29096686840057373,
                    1.172973394393921
                ],
                [
                    0.0,
                    0.0,
                    0.0,
                    1.0
                ]
            ]
        },
        {
            "file_path": "./train/r_6",
            "rotation": 0.06283185307179587,
            "transform_matrix": [
                [
                    -0.9349257349967957,
                    -0.27386829257011414,
                    0.22545528411865234,
                    0.9088768362998962
                ],
                [
                    0.3547224998474121,
                    -0.7218219637870789,
                    0.5942221283912659,
                    2.395484685897827
                ],
                [
                    -1.4900519040850213e-08,
                    0.6355779767036438,
                    0.7720022201538086,
                    3.112168788909912
                ],
                [
                    0.0,
                    0.0,
                    0.0,
                    1.0
                ]
            ]
        },
        {
            "file_path": "./train/r_7",
            "rotation": 0.06283185307179587,
            "transform_matrix": [
                [
                    -0.2826060652732849,
                    0.6001376509666443,
                    -0.7482726573944092,
                    -3.016508102416992
                ],
                [
                    -0.9591913819313049,
                    -0.17681825160980225,
                    0.22046320140361786,
                    0.8887522220611572
                ],
                [
                    0.0,
                    0.780102550983429,
                    0.6256208419799805,
                    2.522062301635742
                ],
                [
                    0.0,
                    0.0,
                    0.0,
                    1.0
                ]
            ]
        },
        {
            "file_path": "./train/r_8",
            "rotation": 0.06283185307179587,
            "transform_matrix": [
                [
                    -0.7412290573120117,
                    0.48241299390792847,
                    -0.4666794240474701,
                    -1.8813225030899048
                ],
                [
                    -0.671188235282898,
                    -0.5327545404434204,
                    0.5153790712356567,
                    2.0776453018188477
                ],
                [
                    -1.4900521705385472e-08,
                    0.6952987313270569,
                    0.7186878323554993,
                    2.897242784500122
                ],
                [
                    0.0,
                    0.0,
                    0.0,
                    1.0
                ]
            ]
        },
        {
            "file_path": "./train/r_9",
            "rotation": 0.06283185307179587,
            "transform_matrix": [
                [
                    0.4334210753440857,
                    -0.38005751371383667,
                    0.8170861005783081,
                    3.2939155101776123
                ],
                [
                    0.9011439085006714,
                    0.18279536068439484,
                    -0.39299193024635315,
                    -1.5842666625976562
                ],
                [
                    0.0,
                    0.9067149758338928,
                    0.4217166304588318,
                    1.7000644207000732
                ],
                [
                    0.0,
                    0.0,
                    0.0,
                    1.0
                ]
            ]
        },
        {
            "file_path": "./train/r_10",
            "rotation": 0.06283185307179587,
            "transform_matrix": [
                [
                    0.24650175869464874,
                    0.4277699589729309,
                    -0.869586169719696,
                    -3.505558967590332
                ],
                [
                    -0.9690980911254883,
                    0.10880843549966812,
                    -0.2211897075176239,
                    -0.8916810750961304
                ],
                [
                    0.0,
                    0.8973090648651123,
                    0.44137540459632874,
                    1.779314637184143
                ],
                [
                    0.0,
                    0.0,
                    0.0,
                    1.0
                ]
            ]
        },
        {
            "file_path": "./train/r_11",
            "rotation": 0.06283185307179587,
            "transform_matrix": [
                [
                    -0.8707372546195984,
                    0.192548930644989,
                    -0.4523927867412567,
                    -1.8237289190292358
                ],
                [
                    -0.49166131019592285,
                    -0.3410061299800873,
                    0.8011923432350159,
                    3.2298426628112793
                ],
                [
                    1.4900521705385472e-08,
                    0.9201247096061707,
                    0.39159828424453735,
                    1.578648328781128
                ],
                [
                    0.0,
                    0.0,
                    0.0,
                    1.0
                ]
            ]
        },
        {
            "file_path": "./train/r_12",
            "rotation": 0.06283185307179587,
            "transform_matrix": [
                [
                    -0.9513242244720459,
                    -0.2734484374523163,
                    0.1418735384941101,
                    0.5719341039657593
                ],
                [
                    0.308052659034729,
                    -0.8444598913192749,
                    0.43813207745552063,
                    1.7662396430969238
                ],
                [
                    -7.450261296781946e-09,
                    0.46054646372795105,
                    0.8875977396965027,
                    3.5781683921813965
                ],
                [
                    0.0,
                    0.0,
                    0.0,
                    1.0
                ]
            ]
        },
        {
            "file_path": "./train/r_13",
            "rotation": 0.06283185307179587,
            "transform_matrix": [
                [
                    -0.8735666275024414,
                    -0.1825077384710312,
                    0.45109814405441284,
                    1.818509817123413
                ],
                [
                    0.48661625385284424,
                    -0.3276352882385254,
                    0.8098049759864807,
                    3.2645630836486816
                ],
                [
                    0.0,
                    0.9270037412643433,
                    0.3750249743461609,
                    1.5118365287780762
                ],
                [
                    0.0,
                    0.0,
                    0.0,
                    1.0
                ]
            ]
        },
        {
            "file_path": "./train/r_14",
            "rotation": 0.06283185307179587,
            "transform_matrix": [
                [
                    0.6139510869979858,
                    0.5854480266571045,
                    -0.529391884803772,
                    -2.1341352462768555
                ],
                [
                    -0.7892897129058838,
                    0.4553922712802887,
                    -0.4117888808250427,
                    -1.660042643547058
                ],
                [
                    -1.4900521705385472e-08,
                    0.6707149147987366,
                    0.7416815161705017,
                    2.9899373054504395
                ],
                [
                    0.0,
                    0.0,
                    0.0,
                    1.0
                ]
            ]
        },
        {
            "file_path": "./train/r_15",
            "rotation": 0.06283185307179587,
            "transform_matrix": [
                [
                    -0.2305545061826706,
                    0.7218956351280212,
                    -0.6524310111999512,
                    -2.6301422119140625
                ],
                [
                    -0.9730153679847717,
                    -0.17105205357074738,
                    0.15459251403808594,
                    0.6232081055641174
                ],
                [
                    0.0,
                    0.6705204248428345,
                    0.7418572902679443,
                    2.9906458854675293
                ],
                [
                    0.0,
                    0.0,
                    0.0,
                    1.0
                ]
            ]
        },
        {
            "file_path": "./train/r_16",
            "rotation": 0.06283185307179587,
            "transform_matrix": [
                [
                    0.998205840587616,
                    0.016765283420681953,
                    -0.056730542331933975,
                    -0.22869758307933807
                ],
                [
                    -0.05915571004152298,
                    0.2829008996486664,
                    -0.957283079624176,
                    -3.859090805053711
                ],
                [
                    0.0,
                    0.9589973092079163,
                    0.2833869159221649,
                    1.1424163579940796
                ],
                [
                    0.0,
                    0.0,
                    0.0,
                    1.0
                ]
            ]
        },
        {
            "file_path": "./train/r_17",
            "rotation": 0.06283185307179587,
            "transform_matrix": [
                [
                    0.888468325138092,
                    0.22076456248760223,
                    -0.4022502899169922,
                    -1.6215897798538208
                ],
                [
                    -0.45884424448013306,
                    0.4274703562259674,
                    -0.7788844108581543,
                    -3.139913558959961
                ],
                [
                    -1.4900520817207052e-08,
                    0.8766539096832275,
                    0.4810935854911804,
                    1.9394304752349854
                ],
                [
                    0.0,
                    0.0,
                    0.0,
                    1.0
                ]
            ]
        },
        {
            "file_path": "./train/r_18",
            "rotation": 0.06283185307179587,
            "transform_matrix": [
                [
                    -0.8075953125953674,
                    0.14805203676223755,
                    -0.5707778930664062,
                    -2.300974130630493
                ],
                [
                    -0.5896643996238708,
                    -0.20276978611946106,
                    0.7817286849021912,
                    3.151378870010376
                ],
                [
                    0.0,
                    0.9679643511772156,
                    0.2510586380958557,
                    1.0120913982391357
                ],
                [
                    0.0,
                    0.0,
                    0.0,
                    1.0
                ]
            ]
        },
        {
            "file_path": "./train/r_19",
            "rotation": 0.06283185307179587,
            "transform_matrix": [
                [
                    0.9971233606338501,
                    -0.05842216685414314,
                    0.047395601868629456,
                    0.1910656839609146
                ],
                [
                    0.07522784173488617,
                    0.7743690609931946,
                    -0.6282151341438293,
                    -2.5325207710266113
                ],
                [
                    0.0,
                    0.6300233006477356,
                    0.776541531085968,
                    3.1304683685302734
                ],
                [
                    0.0,
                    0.0,
                    0.0,
                    1.0
                ]
            ]
        },
        {
            "file_path": "./train/r_20",
            "rotation": 0.06283185307179587,
            "transform_matrix": [
                [
                    -0.8290711641311646,
                    -0.2943856120109558,
                    0.47528892755508423,
                    1.9160301685333252
                ],
                [
                    0.5590662956237793,
                    -0.43656113743782043,
                    0.7048329710960388,
                    2.8413898944854736
                ],
                [
                    0.0,
                    0.8501420617103577,
                    0.5265247225761414,
                    2.1225767135620117
                ],
                [
                    0.0,
                    0.0,
                    0.0,
                    1.0
                ]
            ]
        },
        {
            "file_path": "./train/r_21",
            "rotation": 0.06283185307179587,
            "transform_matrix": [
                [
                    0.3209017813205719,
                    0.5407527685165405,
                    -0.7775260210037231,
                    -3.134437084197998
                ],
                [
                    -0.9470672607421875,
                    0.18322725594043732,
                    -0.2634548842906952,
                    -1.0620644092559814
                ],
                [
                    0.0,
                    0.8209774494171143,
                    0.5709309577941895,
                    2.301591396331787
                ],
                [
                    0.0,
                    0.0,
                    0.0,
                    1.0
                ]
            ]
        },
        {
            "file_path": "./train/r_22",
            "rotation": 0.06283185307179587,
            "transform_matrix": [
                [
                    0.9739487171173096,
                    0.12355268746614456,
                    -0.18993233144283295,
                    -0.7656733989715576
                ],
                [
                    -0.22657956182956696,
                    0.5310893058776855,
                    -0.8164212107658386,
                    -3.2912352085113525
                ],
                [
                    7.450261740871156e-09,
                    0.8382534980773926,
                    0.545251727104187,
                    2.198070764541626
                ],
                [
                    0.0,
                    0.0,
                    0.0,
                    1.0
                ]
            ]
        },
        {
            "file_path": "./train/r_23",
            "rotation": 0.06283185307179587,
            "transform_matrix": [
                [
                    -0.3866795301437378,
                    0.45500168204307556,
                    -0.8021124005317688,
                    -3.2335522174835205
                ],
                [
                    -0.9221675992012024,
                    -0.19078943133354187,
                    0.33633846044540405,
                    1.3558796644210815
                ],
                [
                    -1.4900522593563892e-08,
                    0.8698061108589172,
                    0.49336543679237366,
                    1.9889018535614014
                ],
                [
                    0.0,
                    0.0,
                    0.0,
                    1.0
                ]
            ]
        },
        {
            "file_path": "./train/r_24",
            "rotation": 0.06283185307179587,
            "transform_matrix": [
                [
                    0.6677840352058411,
                    0.32312729954719543,
                    -0.6705049276351929,
                    -2.703003168106079
                ],
                [
                    -0.744297444820404,
                    0.2899099290370941,
                    -0.6015772819519043,
                    -2.425135374069214
                ],
                [
                    -1.4900520817207052e-08,
                    0.9008499979972839,
                    0.43410301208496094,
                    1.7499973773956299
                ],
                [
                    0.0,
                    0.0,
                    0.0,
                    1.0
                ]
            ]
        },
        {
            "file_path": "./train/r_25",
            "rotation": 0.06283185307179587,
            "transform_matrix": [
                [
                    -0.483717143535614,
                    -0.16955184936523438,
                    0.858596920967102,
                    3.4612576961517334
                ],
                [
                    0.8751754760742188,
                    -0.09371279180049896,
                    0.47455403208732605,
                    1.9130674600601196
                ],
                [
                    0.0,
                    0.9810504913330078,
                    0.19371937215328217,
                    0.7809399366378784
                ],
                [
                    0.0,
                    0.0,
                    0.0,
                    1.0
                ]
            ]
        },
        {
            "file_path": "./train/r_26",
            "rotation": 0.06283185307179587,
            "transform_matrix": [
                [
                    0.6769500970840454,
                    0.7101112604141235,
                    -0.19347654283046722,
                    -0.779961109161377
                ],
                [
                    -0.7359705567359924,
                    0.6531645059585571,
                    -0.1779608428478241,
                    -0.7174127101898193
                ],
                [
                    1.4900520817207052e-08,
                    0.26288458704948425,
                    0.9647871255874634,
                    3.8893418312072754
                ],
                [
                    0.0,
                    0.0,
                    0.0,
                    1.0
                ]
            ]
        },
        {
            "file_path": "./train/r_27",
            "rotation": 0.06283185307179587,
            "transform_matrix": [
                [
                    -0.6662243008613586,
                    0.70667964220047,
                    -0.23812036216259003,
                    -0.9599335193634033
                ],
                [
                    -0.7456938624382019,
                    -0.6313678622245789,
                    0.21274356544017792,
                    0.8576321601867676
                ],
                [
                    1.4900522593563892e-08,
                    0.3193250596523285,
                    0.9476054906845093,
                    3.820077657699585
                ],
                [
                    0.0,
                    0.0,
                    0.0,
                    1.0
                ]
            ]
        },
        {
            "file_path": "./train/r_28",
            "rotation": 0.06283185307179587,
            "transform_matrix": [
                [
                    0.1838843822479248,
                    0.4903140366077423,
                    -0.851888120174408,
                    -3.4342126846313477
                ],
                [
                    -0.9829042553901672,
                    0.09172928333282471,
                    -0.15937353670597076,
                    -0.642481803894043
                ],
                [
                    0.0,
                    0.8666993379592896,
                    0.4988026022911072,
                    2.0108206272125244
                ],
                [
                    0.0,
                    0.0,
                    0.0,
                    1.0
                ]
            ]
        },
        {
            "file_path": "./train/r_29",
            "rotation": 0.06283185307179587,
            "transform_matrix": [
                [
                    0.6371540427207947,
                    0.6321099400520325,
                    -0.4409271478652954,
                    -1.7775075435638428
                ],
                [
                    -0.7706807851791382,
                    0.522591769695282,
                    -0.3645329475402832,
                    -1.469539999961853
                ],
                [
                    -1.4900521705385472e-08,
                    0.5721229314804077,
                    0.8201319575309753,
                    3.3061940670013428
                ],
                [
                    0.0,
                    0.0,
                    0.0,
                    1.0
                ]
            ]
        },
        {
            "file_path": "./train/r_30",
            "rotation": 0.06283185307179587,
            "transform_matrix": [
                [
                    -0.9996647834777832,
                    0.013540596701204777,
                    -0.020028792321681976,
                    -0.08074197918176651
                ],
                [
                    -0.024176128208637238,
                    -0.5598934888839722,
                    0.8281756043434143,
                    3.338620662689209
                ],
                [
                    1.8625653241954865e-09,
                    0.8284478187561035,
                    0.5600368976593018,
                    2.257674217224121
                ],
                [
                    0.0,
                    0.0,
                    0.0,
                    1.0
                ]
            ]
        },
        {
            "file_path": "./train/r_31",
            "rotation": 0.06283185307179587,
            "transform_matrix": [
                [
                    -0.9643354415893555,
                    0.14476504921913147,
                    -0.2213963270187378,
                    -0.8925141096115112
                ],
                [
                    -0.2645213007926941,
                    -0.5277535915374756,
                    0.8071195483207703,
                    3.253737449645996
                ],
                [
                    0.0,
                    0.8369642496109009,
                    0.5472284555435181,
                    2.2060396671295166
                ],
                [
                    0.0,
                    0.0,
                    0.0,
                    1.0
                ]
            ]
        },
        {
            "file_path": "./train/r_32",
            "rotation": 0.06283185307179587,
            "transform_matrix": [
                [
                    0.999609649181366,
                    0.02343452163040638,
                    -0.012062512338161469,
                    -0.04862754046916962
                ],
                [
                    -0.026356004178524017,
                    0.8888059854507446,
                    -0.45749741792678833,
                    -1.8443069458007812
                ],
                [
                    0.0,
                    0.45767292380332947,
                    0.8890828490257263,
                    3.5841548442840576
                ],
                [
                    0.0,
                    0.0,
                    0.0,
                    1.0
                ]
            ]
        },
        {
            "file_path": "./train/r_33",
            "rotation": 0.06283185307179587,
            "transform_matrix": [
                [
                    0.2040373533964157,
                    0.2413429170846939,
                    -0.9487064480781555,
                    -3.8245158195495605
                ],
                [
                    -0.9789193272590637,
                    0.050303395837545395,
                    -0.19774004817008972,
                    -0.7971485257148743
                ],
                [
                    -3.725130870435578e-09,
                    0.9691300392150879,
                    0.24652065336704254,
                    0.9937975406646729
                ],
                [
                    0.0,
                    0.0,
                    0.0,
                    1.0
                ]
            ]
        },
        {
            "file_path": "./train/r_34",
            "rotation": 0.06283185307179587,
            "transform_matrix": [
                [
                    0.13743416965007782,
                    -0.94230717420578,
                    0.30520617961883545,
                    1.2303762435913086
                ],
                [
                    0.9904675483703613,
                    0.1307515799999237,
                    -0.042349446564912796,
                    -0.17072314023971558
                ],
                [
                    -3.725130648390973e-09,
                    0.3081413805484772,
                    0.9513007402420044,
                    3.8349742889404297
                ],
                [
                    0.0,
                    0.0,
                    0.0,
                    1.0
                ]
            ]
        },
        {
            "file_path": "./train/r_35",
            "rotation": 0.06283185307179587,
            "transform_matrix": [
                [
                    0.8108446598052979,
                    -0.08738070726394653,
                    0.5786288380622864,
                    2.3326237201690674
                ],
                [
                    0.585188090801239,
                    0.12107592076063156,
                    -0.8017561435699463,
                    -3.2321159839630127
                ],
                [
                    0.0,
                    0.9887848496437073,
                    0.14930887520313263,
                    0.6019082069396973
                ],
                [
                    0.0,
                    0.0,
                    0.0,
                    1.0
                ]
            ]
        },
        {
            "file_path": "./train/r_36",
            "rotation": 0.06283185307179587,
            "transform_matrix": [
                [
                    0.6385827660560608,
                    -0.47711360454559326,
                    0.6037443280220032,
                    2.4338717460632324
                ],
                [
                    0.7694973945617676,
                    0.3959422707557678,
                    -0.5010293126106262,
                    -2.0197970867156982
                ],
                [
                    1.4900521705385472e-08,
                    0.784590482711792,
                    0.6199836730957031,
                    2.4993374347686768
                ],
                [
                    0.0,
                    0.0,
                    0.0,
                    1.0
                ]
            ]
        },
        {
            "file_path": "./train/r_37",
            "rotation": 0.06283185307179587,
            "transform_matrix": [
                [
                    0.7705244421958923,
                    0.2582460343837738,
                    -0.5826846361160278,
                    -2.3489739894866943
                ],
                [
                    -0.637343168258667,
                    0.31220999360084534,
                    -0.7044443488121033,
                    -2.8398232460021973
                ],
                [
                    1.4900521705385472e-08,
                    0.9142340421676636,
                    0.4051593542098999,
                    1.6333171129226685
                ],
                [
                    0.0,
                    0.0,
                    0.0,
                    1.0
                ]
            ]
        },
        {
            "file_path": "./train/r_38",
            "rotation": 0.06283185307179587,
            "transform_matrix": [
                [
                    -0.7102770805358887,
                    0.576261043548584,
                    -0.4041900336742401,
                    -1.6294093132019043
                ],
                [
                    -0.7038613557815552,
                    -0.5815137028694153,
                    0.4078742265701294,
                    1.6442614793777466
                ],
                [
                    1.4900524369920731e-08,
                    0.5742427706718445,
                    0.818649172782898,
                    3.3002166748046875
                ],
                [
                    0.0,
                    0.0,
                    0.0,
                    1.0
                ]
            ]
        },
        {
            "file_path": "./train/r_39",
            "rotation": 0.06283185307179587,
            "transform_matrix": [
                [
                    0.946435272693634,
                    0.2885120213031769,
                    -0.14471223950386047,
                    -0.5833777785301208
                ],
                [
                    -0.3227606415748596,
                    0.8460075855255127,
                    -0.42434161901474,
                    -1.7106462717056274
                ],
                [
                    0.0,
                    0.44835472106933594,
                    0.893817663192749,
                    3.603242874145508
                ],
                [
                    0.0,
                    0.0,
                    0.0,
                    1.0
                ]
            ]
        },
        {
            "file_path": "./train/r_40",
            "rotation": 0.06283185307179587,
            "transform_matrix": [
                [
                    -0.9984190464019775,
                    -0.028602859005331993,
                    0.04749522730708122,
                    0.1914673000574112
                ],
                [
                    0.05544232949614525,
                    -0.5150873064994812,
                    0.8553056716918945,
                    3.4479899406433105
                ],
                [
                    1.8625655462400914e-09,
                    0.8566544651985168,
                    0.5158621072769165,
                    2.079592704772949
                ],
                [
                    0.0,
                    0.0,
                    0.0,
                    1.0
                ]
            ]
        },
        {
            "file_path": "./train/r_41",
            "rotation": 0.06283185307179587,
            "transform_matrix": [
                [
                    0.5240347981452942,
                    0.8506552577018738,
                    -0.041738949716091156,
                    -0.1682620346546173
                ],
                [
                    -0.8516465425491333,
                    0.5234248638153076,
                    -0.02568279393017292,
                    -0.10353493690490723
                ],
                [
                    1.862565435217789e-09,
                    0.04900946095585823,
                    0.9987570643424988,
                    4.026284694671631
                ],
                [
                    0.0,
                    0.0,
                    0.0,
                    1.0
                ]
            ]
        },
        {
            "file_path": "./train/r_42",
            "rotation": 0.06283185307179587,
            "transform_matrix": [
                [
                    -0.9859594106674194,
                    -0.10618305206298828,
                    0.12854738533496857,
                    0.5182124972343445
                ],
                [
                    0.1667284220457077,
                    -0.627920389175415,
                    0.7601733803749084,
                    3.064483404159546
                ],
                [
                    0.0,
                    0.7709935903549194,
                    0.6368119120597839,
                    2.5671768188476562
                ],
                [
                    0.0,
                    0.0,
                    0.0,
                    1.0
                ]
            ]
        },
        {
            "file_path": "./train/r_43",
            "rotation": 0.06283185307179587,
            "transform_matrix": [
                [
                    0.8186992406845093,
                    0.31593239307403564,
                    -0.4794171452522278,
                    -1.932672142982483
                ],
                [
                    -0.5741478800773621,
                    0.45049992203712463,
                    -0.6836190223693848,
                    -2.7558703422546387
                ],
                [
                    -1.4900522593563892e-08,
                    0.8350008130073547,
                    0.5502195954322815,
                    2.218097686767578
                ],
                [
                    0.0,
                    0.0,
