{
    "camera_angle_x": 0.6911112070083618,
    "frames": [
        {
            "file_path": "./train/r_0",
            "rotation": 0.06283185307179587,
            "transform_matrix": [
                [
                    -0.44477489590644836,
                    -0.3503206670284271,
                    0.8242430090904236,
                    3.3227667808532715
                ],
                [
                    0.8955944776535034,
                    -0.17397809028625488,
                    0.40933987498283386,
                    1.6501699686050415
                ],
                [
                    1.4900522593563892e-08,
                    0.9203245043754578,
                    0.3911289572715759,
                    1.576756238937378
                ],
                [
                    0.0,
                    0.0,
                    0.0,
                    1.0
                ]
            ]
        },
        {
            "file_path": "./train/r_1",
            "rotation": 0.06283185307179587,
            "transform_matrix": [
                [
                    -0.7819393277168274,
                    -0.3409866690635681,
                    0.52174973487854,
                    2.103327512741089
                ],
                [
                    0.6232856512069702,
                    -0.42778280377388,
                    0.6545580625534058,
                    2.63871693611145
                ],
                [
                    0.0,
                    0.8370901942253113,
                    0.5470359325408936,
                    2.205263376235962
                ],
                [
                    0.0,
                    0.0,
                    0.0,
                    1.0
                ]
            ]
        },
        {
            "file_path": "./train/r_2",
            "rotation": 0.06283185307179587,
            "transform_matrix": [
                [
                    0.737986147403717,
                    -0.6746019124984741,
                    0.015406289137899876,
                    0.06210729479789734
                ],
                [
                    0.6747522950172424,
                    0.7378216981887817,
                    -0.016850076615810394,
                    -0.06792762875556946
                ],
                [
                    0.0,
                    0.022834112867712975,
                    0.9996981024742126,
                    4.030077934265137
                ],
                [
                    0.0,
                    0.0,
                    0.0,
                    1.0
                ]
            ]
        },
        {
            "file_path": "./train/r_3",
            "rotation": 0.06283185307179587,
            "transform_matrix": [
                [
                    -0.38741835951805115,
                    -0.38707026839256287,
                    0.8366668224334717,
                    3.3728511333465576
                ],
                [
                    0.921857476234436,
                    -0.16266953945159912,
                    0.3516162931919098,
                    1.4174691438674927
                ],
                [
                    0.0,
                    0.9075819849967957,
                    0.41984763741493225,
                    1.6925299167633057
                ],
                [
                    0.0,
                    0.0,
                    0.0,
                    1.0
                ]
            ]
        },
        {
            "file_path": "./train/r_4",
            "rotation": 0.06283185307179587,
            "transform_matrix": [
                [
                    0.539161741733551,
                    -0.6658111214637756,
                    0.5157021880149841,
                    2.0789477825164795
                ],
                [
                    0.8421512246131897,
                    0.4262653887271881,
                    -0.3301626443862915,
                    -1.3309831619262695
                ],
                [
                    0.0,
                    0.612358808517456,
                    0.7905449271202087,
                    3.186920166015625
                ],
                [
                    0.0,
                    0.0,
                    0.0,
                    1.0
                ]
            ]
        },
        {
            "file_path": "./train/r_5",
            "rotation": 0.06283185307179587,
            "transform_matrix": [
                [
                    0.220279723405838,
                    0.3942406177520752,
                    -0.8921769261360168,
                    -3.5966286659240723
                ],
                [
                    -0.975392758846283,
                    0.08903409540653229,
                    -0.2014865130186081,
                    -0.8122516870498657
                ],
                [
                    0.0,
                    0.9146787524223328,
                    0.404154509305954,
                    1.6292662620544434
                ],
                [
                    0.0,
                    0.0,
                    0.0,
                    1.0
                ]
            ]
        },
        {
            "file_path": "./train/r_6",
            "rotation": 0.06283185307179587,
            "transform_matrix": [
                [
                    0.8967428207397461,
                    0.34496796131134033,
                    -0.2770795226097107,
                    -1.116989254951477
                ],
                [
                    -0.44245532155036926,
                    0.6991610527038574,
                    -0.5615686774253845,
                    -2.2638492584228516
                ],
                [
                    0.0,
                    0.6262274980545044,
                    0.7796056270599365,
                    3.1428205966949463
                ],
                [
                    0.0,
                    0.0,
                    0.0,
                    1.0
                ]
            ]
        },
        {
            "file_path": "./train/r_7",
            "rotation": 0.06283185307179587,
            "transform_matrix": [
                [
                    0.981524646282196,
                    -0.032010268419981,
                    0.18841172754764557,
                    0.7595432996749878
                ],
                [
                    0.19111107289791107,
                    0.1644010841846466,
                    -0.9676611423492432,
                    -3.900928020477295
                ],
                [
                    3.725130204301763e-09,
                    0.9858689308166504,
                    0.16748234629631042,
                    0.6751707792282104
                ],
                [
                    0.0,
                    0.0,
                    0.0,
                    1.0
                ]
            ]
        },
        {
            "file_path": "./train/r_8",
            "rotation": 0.06283185307179587,
            "transform_matrix": [
                [
                    -0.013755206018686295,
                    0.7826031446456909,
                    -0.6223383545875549,
                    -2.5088295936584473
                ],
                [
                    -0.9998624920845032,
                    -0.01076634880155325,
                    0.008561570197343826,
                    0.03451421856880188
                ],
                [
                    4.65641303293296e-10,
                    0.6224197745323181,
                    0.7826488018035889,
                    3.155088424682617
                ],
                [
                    0.0,
                    0.0,
                    0.0,
                    1.0
                ]
            ]
        },
        {
            "file_path": "./train/r_9",
            "rotation": 0.06283185307179587,
            "transform_matrix": [
                [
                    0.9906774163246155,
                    -0.13079197704792023,
                    0.03697648644447327,
                    0.1490631401538849
                ],
                [
                    0.13591358065605164,
                    0.9533459544181824,
                    -0.2695225179195404,
                    -1.0865249633789062
                ],
                [
                    3.725130426346368e-09,
                    0.2720569372177124,
                    0.962240993976593,
                    3.879077672958374
                ],
                [
                    0.0,
                    0.0,
                    0.0,
                    1.0
                ]
            ]
        },
        {
            "file_path": "./train/r_10",
            "rotation": 0.06283185307179587,
            "transform_matrix": [
                [
                    0.4076669216156006,
                    0.21871866285800934,
                    -0.8865044713020325,
                    -3.573761463165283
                ],
                [
                    -0.9130838513374329,
                    0.0976518765091896,
                    -0.3957999348640442,
                    -1.5955865383148193
                ],
                [
                    -7.450261740871156e-09,
                    0.9708842635154724,
                    0.23951944708824158,
                    0.9655736684799194
                ],
                [
                    0.0,
                    0.0,
                    0.0,
                    1.0
                ]
            ]
        },
        {
            "file_path": "./train/r_11",
            "rotation": 0.06283185307179587,
            "transform_matrix": [
                [
                    -0.9984874725341797,
                    0.014723622240126133,
                    -0.05215613916516304,
                    -0.21025680005550385
                ],
                [
                    -0.05419430509209633,
                    -0.27127113938331604,
                    0.9609358310699463,
                    3.8738162517547607
                ],
                [
                    9.31282606586592e-10,
                    0.9623851776123047,
                    0.2716605067253113,
                    1.0951437950134277
                ],
                [
                    0.0,
                    0.0,
                    0.0,
                    1.0
                ]
            ]
        },
        {
            "file_path": "./train/r_12",
            "rotation": 0.06283185307179587,
            "transform_matrix": [
                [
                    -0.6575120687484741,
                    -0.6016942262649536,
                    0.45341411232948303,
                    1.8278459310531616
                ],
                [
                    0.7533871531486511,
                    -0.5251233577728271,
                    0.395713210105896,
                    1.5952366590499878
                ],
                [
                    -1.4900519929028633e-08,
                    0.6018301844596863,
                    0.7985889315605164,
                    3.2193474769592285
                ],
                [
                    0.0,
                    0.0,
                    0.0,
                    1.0
                ]
            ]
        },
        {
            "file_path": "./train/r_13",
            "rotation": 0.06283185307179587,
            "transform_matrix": [
                [
                    0.9285160899162292,
                    0.16115188598632812,
                    -0.3343718349933624,
                    -1.3479516506195068
                ],
                [
                    -0.37117668986320496,
                    0.40312907099723816,
                    -0.8364469408988953,
                    -3.371964931488037
                ],
                [
                    0.0,
                    0.9008367657661438,
                    0.4341305196285248,
                    1.7501084804534912
                ],
                [
                    0.0,
                    0.0,
                    0.0,
                    1.0
                ]
            ]
        },
        {
            "file_path": "./train/r_14",
            "rotation": 0.06283185307179587,
            "transform_matrix": [
                [
                    -0.9105508327484131,
                    0.26673030853271484,
                    -0.31570863723754883,
                    -1.2727148532867432
                ],
                [
                    -0.4132932722568512,
                    -0.587649405002594,
                    0.6955564618110657,
                    2.8039937019348145
                ],
                [
                    0.0,
                    0.7638803720474243,
                    0.6453267931938171,
                    2.6015028953552246
                ],
                [
                    0.0,
                    0.0,
                    0.0,
                    1.0
                ]
            ]
        },
        {
            "file_path": "./train/r_15",
            "rotation": 0.06283185307179587,
            "transform_matrix": [
                [
                    0.4297572374343872,
                    0.4875081181526184,
                    -0.7599858641624451,
                    -3.063727617263794
                ],
                [
                    -0.9028969407081604,
                    0.232042133808136,
                    -0.3617349863052368,
                    -1.4582606554031372
                ],
                [
                    0.0,
                    0.8417137265205383,
                    0.5398949384689331,
                    2.176476240158081
                ],
                [
                    0.0,
                    0.0,
                    0.0,
                    1.0
                ]
            ]
        },
        {
            "file_path": "./train/r_16",
            "rotation": 0.06283185307179587,
            "transform_matrix": [
                [
                    -0.49756506085395813,
                    -0.8580323457717896,
                    0.12719935178756714,
                    0.5127781629562378
                ],
                [
                    0.8673772215843201,
                    -0.4922044277191162,
                    0.0729670450091362,
                    0.2941517233848572
                ],
                [
                    7.450260852692736e-09,
                    0.1466473788022995,
                    0.9891478419303894,
                    3.9875473976135254
                ],
                [
                    0.0,
                    0.0,
                    0.0,
                    1.0
                ]
            ]
        },
        {
            "file_path": "./train/r_17",
            "rotation": 0.06283185307179587,
            "transform_matrix": [
                [
                    -0.5171238780021667,
                    0.436939001083374,
                    -0.7359331846237183,
                    -2.966763973236084
                ],
                [
                    -0.8558603525161743,
                    -0.26400521397590637,
                    0.44466203451156616,
                    1.7925639152526855
                ],
                [
                    -1.4900520817207052e-08,
                    0.8598694801330566,
                    0.5104855895042419,
                    2.057918071746826
                ],
                [
                    0.0,
                    0.0,
                    0.0,
                    1.0
                ]
            ]
        },
        {
            "file_path": "./train/r_18",
            "rotation": 0.06283185307179587,
            "transform_matrix": [
                [
                    -0.364664226770401,
                    0.18343721330165863,
                    -0.9128472805023193,
                    -3.679957151412964
                ],
                [
                    -0.9310930967330933,
                    -0.07184349745512009,
                    0.3575182259082794,
                    1.441261649131775
                ],
                [
                    0.0,
                    0.980397641658783,
                    0.19699715077877045,
                    0.7941536903381348
                ],
                [
                    0.0,
                    0.0,
                    0.0,
                    1.0
                ]
            ]
        },
        {
            "file_path": "./train/r_19",
            "rotation": 0.06283185307179587,
            "transform_matrix": [
                [
                    -0.49167659878730774,
                    0.7116648554801941,
                    -0.5017375349998474,
                    -2.0226523876190186
                ],
                [
                    -0.870728611946106,
                    -0.4018576741218567,
                    0.2833174467086792,
                    1.1421363353729248
                ],
                [
                    -1.4900522593563892e-08,
                    0.5762234926223755,
                    0.8172563910484314,
                    3.2946019172668457
                ],
                [
                    0.0,
                    0.0,
                    0.0,
                    1.0
                ]
            ]
        },
        {
            "file_path": "./train/r_20",
            "rotation": 0.06283185307179587,
            "transform_matrix": [
                [
                    -0.98823082447052,
                    0.14368493854999542,
                    -0.0516732782125473,
                    -0.20831024646759033
                ],
                [
                    -0.15268893539905548,
                    -0.929955244064331,
                    0.33443892002105713,
                    1.3482221364974976
                ],
                [
                    0.0,
                    0.33841970562934875,
                    0.9409558773040771,
                    3.793271064758301
                ],
                [
                    0.0,
                    0.0,
                    0.0,
                    1.0
                ]
            ]
        },
        {
            "file_path": "./train/r_21",
            "rotation": 0.06283185307179587,
            "transform_matrix": [
                [
                    0.2876478135585785,
                    -0.640792965888977,
                    0.7117513418197632,
                    2.8692798614501953
                ],
                [
                    0.9576913714408875,
                    0.1924656331539154,
                    -0.21377837657928467,
                    -0.8618038296699524
                ],
                [
                    1.4900522593563892e-08,
                    0.7431898713111877,
                    0.6690486669540405,
                    2.6971328258514404
                ],
                [
                    0.0,
                    0.0,
                    0.0,
                    1.0
                ]
            ]
        },
        {
            "file_path": "./train/r_22",
            "rotation": 0.06283185307179587,
            "transform_matrix": [
                [
                    0.9663581252098083,
                    -0.07594934105873108,
                    0.2455572932958603,
                    0.9899140000343323
                ],
                [
                    0.25703316926956177,
                    0.28554391860961914,
                    -0.9232126474380493,
                    -3.721743106842041
                ],
                [
                    0.0,
                    0.9553462266921997,
                    0.29546111822128296,
                    1.1910911798477173
                ],
                [
                    0.0,
                    0.0,
                    0.0,
                    1.0
                ]
            ]
        },
        {
            "file_path": "./train/r_23",
            "rotation": 0.06283185307179587,
            "transform_matrix": [
                [
                    -0.9819188117980957,
                    0.16237786412239075,
                    -0.0968770906329155,
                    -0.3905401825904846
                ],
                [
                    -0.18907596170902252,
                    -0.843268871307373,
                    0.5031070113182068,
                    2.0281732082366943
                ],
                [
                    7.450261740871156e-09,
                    0.512367844581604,
                    0.8587290048599243,
                    3.4617903232574463
                ],
                [
                    0.0,
                    0.0,
                    0.0,
                    1.0
                ]
            ]
        },
        {
            "file_path": "./train/r_24",
            "rotation": 0.06283185307179587,
            "transform_matrix": [
                [
                    0.7079793810844421,
                    -0.31871381402015686,
                    0.6301665902137756,
                    2.5403876304626465
                ],
                [
                    0.7061724066734314,
                    0.31952935457229614,
                    -0.631779134273529,
                    -2.5468881130218506
                ],
                [
                    1.4900523481742312e-08,
                    0.892363429069519,
                    0.4512900412082672,
                    1.8192834854125977
                ],
                [
                    0.0,
                    0.0,
                    0.0,
                    1.0
                ]
            ]
        },
        {
            "file_path": "./train/r_25",
            "rotation": 0.06283185307179587,
            "transform_matrix": [
                [
                    0.6178552508354187,
                    0.48916149139404297,
                    -0.6155562996864319,
                    -2.4814891815185547
                ],
                [
                    -0.786237359046936,
                    0.38440173864364624,
                    -0.4837276041507721,
                    -1.950048804283142
                ],
                [
                    -1.4900521705385472e-08,
                    0.7829088568687439,
                    0.6221057176589966,
                    2.507891893386841
                ],
                [
                    0.0,
                    0.0,
                    0.0,
                    1.0
                ]
            ]
        },
        {
            "file_path": "./train/r_26",
            "rotation": 0.06283185307179587,
            "transform_matrix": [
                [
                    -0.0989982858300209,
                    -0.9928627610206604,
                    0.06642147153615952,
                    0.26776453852653503
                ],
                [
                    0.9950445294380188,
                    -0.09878122806549072,
                    0.006608360446989536,
                    0.02664024755358696
                ],
                [
                    0.0,
                    0.06675203889608383,
                    0.9977285265922546,
                    4.022137641906738
                ],
                [
                    0.0,
                    0.0,
                    0.0,
                    1.0
                ]
            ]
        },
        {
            "file_path": "./train/r_27",
            "rotation": 0.06283185307179587,
            "transform_matrix": [
                [
                    0.531686544418335,
                    0.324468731880188,
                    -0.7822746634483337,
                    -3.1535799503326416
                ],
                [
                    -0.8468905091285706,
                    0.20370478928089142,
                    -0.49112001061439514,
                    -1.9798498153686523
                ],
                [
                    0.0,
                    0.9236959218978882,
                    0.38309913873672485,
                    1.5443856716156006
                ],
                [
                    0.0,
                    0.0,
                    0.0,
                    1.0
                ]
            ]
        },
        {
            "file_path": "./train/r_28",
            "rotation": 0.06283185307179587,
            "transform_matrix": [
                [
                    0.4384532570838928,
                    -0.6121616363525391,
                    0.6579976081848145,
                    2.652582883834839
                ],
                [
                    0.8987061977386475,
                    0.29865628480911255,
                    -0.32101836800575256,
                    -1.294119954109192
                ],
                [
                    0.0,
                    0.7321560978889465,
                    0.6811047792434692,
                    2.745734691619873
                ],
                [
                    0.0,
                    0.0,
                    0.0,
                    1.0
                ]
            ]
        },
        {
            "file_path": "./train/r_29",
            "rotation": 0.06283185307179587,
            "transform_matrix": [
                [
                    -0.44955357909202576,
                    0.7979534268379211,
                    -0.4014158248901367,
                    -1.6182255744934082
                ],
                [
                    -0.8932053446769714,
                    -0.4016129970550537,
                    0.2020340859889984,
                    0.814458966255188
                ],
                [
                    -1.4900521705385472e-08,
                    0.4494074285030365,
                    0.8932889103889465,
                    3.6011111736297607
                ],
                [
                    0.0,
                    0.0,
                    0.0,
                    1.0
                ]
            ]
        },
        {
            "file_path": "./train/r_30",
            "rotation": 0.06283185307179587,
            "transform_matrix": [
                [
                    -0.5426760315895081,
                    -0.8115828037261963,
                    0.21633382141590118,
                    0.8721054792404175
                ],
                [
                    0.8398910164833069,
                    -0.5243853330612183,
                    0.13977906107902527,
                    0.5634906888008118
                ],
                [
                    0.0,
                    0.25757187604904175,
                    0.966218888759613,
                    3.895113706588745
                ],
                [
                    0.0,
                    0.0,
                    0.0,
                    1.0
                ]
            ]
        },
        {
            "file_path": "./train/r_31",
            "rotation": 0.06283185307179587,
            "transform_matrix": [
                [
                    -0.682296097278595,
                    -0.5047218203544617,
                    0.5288310647010803,
                    2.1318740844726562
                ],
                [
                    0.7310171723365784,
                    -0.4710829257965088,
                    0.49358534812927246,
                    1.989788293838501
                ],
                [
                    0.0,
                    0.7234132289886475,
                    0.6903830170631409,
                    2.783137798309326
                ],
                [
                    0.0,
                    0.0,
                    0.0,
                    1.0
                ]
            ]
        },
        {
            "file_path": "./train/r_32",
            "rotation": 0.06283185307179587,
            "transform_matrix": [
                [
                    -0.9836640357971191,
                    -0.11283790320158005,
                    0.13995707035064697,
                    0.5642083287239075
                ],
                [
                    0.17977581918239594,
                    -0.6174054741859436,
                    0.7657910585403442,
                    3.087130069732666
                ],
                [
                    0.0,
                    0.7785037159919739,
                    0.6276092529296875,
                    2.530078411102295
                ],
                [
                    0.0,
                    0.0,
                    0.0,
                    1.0
                ]
            ]
        },
        {
            "file_path": "./train/r_33",
            "rotation": 0.06283185307179587,
            "transform_matrix": [
                [
                    -0.6304709315299988,
                    -0.6187064051628113,
                    0.46867111325263977,
                    1.889351725578308
                ],
                [
                    0.7761574983596802,
                    -0.5025737881660461,
                    0.3807004690170288,
                    1.5347161293029785
                ],
                [
                    0.0,
                    0.6038310527801514,
                    0.7970771193504333,
                    3.2132532596588135
                ],
                [
                    0.0,
                    0.0,
                    0.0,
                    1.0
                ]
            ]
        },
        {
            "file_path": "./train/r_34",
            "rotation": 0.06283185307179587,
            "transform_matrix": [
                [
                    -0.9883716702461243,
                    0.054226264357566833,
                    -0.14175841212272644,
                    -0.5714700222015381
                ],
                [
                    -0.15177498757839203,
                    -0.35312604904174805,
                    0.9231427907943726,
                    3.721461296081543
                ],
                [
                    0.0,
                    0.9339975118637085,
                    0.3572523593902588,
                    1.4401898384094238
                ],
                [
                    0.0,
                    0.0,
                    0.0,
                    1.0
                ]
            ]
        },
        {
            "file_path": "./train/r_35",
            "rotation": 0.06283185307179587,
            "transform_matrix": [
                [
                    0.01015457883477211,
                    -0.6892193555831909,
                    0.7244483232498169,
                    2.9204652309417725
                ],
                [
                    0.999905526638031,
                    0.006999393925070763,
                    -0.007357162423431873,
                    -0.02965889684855938
                ],
                [
                    -4.656413310488716e-10,
                    0.7245119214057922,
                    0.6892299056053162,
                    2.778489351272583
                ],
                [
                    0.0,
                    0.0,
                    0.0,
                    1.0
                ]
            ]
        },
        {
            "file_path": "./train/r_36",
            "rotation": 0.06283185307179587,
            "transform_matrix": [
                [
                    0.2723819315433502,
                    -0.46292242407798767,
                    0.843471109867096,
                    3.4002814292907715
                ],
                [
                    0.9621446132659912,
                    0.13105274736881256,
                    -0.23878560960292816,
                    -0.962615430355072
                ],
                [
                    7.450261296781946e-09,
                    0.8766514658927917,
                    0.48109787702560425,
                    1.9394478797912598
                ],
                [
                    0.0,
                    0.0,
                    0.0,
                    1.0
                ]
            ]
        },
        {
            "file_path": "./train/r_37",
            "rotation": 0.06283185307179587,
            "transform_matrix": [
                [
                    -0.7882295250892639,
                    0.6019667983055115,
                    -0.12756089866161346,
                    -0.5142356157302856
                ],
                [
                    -0.6153115630149841,
                    -0.7711345553398132,
                    0.16340871155261993,
                    0.6587487459182739
                ],
                [
                    -7.450260852692736e-09,
                    0.207309752702713,
                    0.9782347679138184,
                    3.9435532093048096
                ],
                [
                    0.0,
                    0.0,
                    0.0,
                    1.0
                ]
            ]
        },
        {
            "file_path": "./train/r_38",
            "rotation": 0.06283185307179587,
            "transform_matrix": [
                [
                    0.569354772567749,
                    0.7557579278945923,
                    -0.3234547972679138,
                    -1.3039418458938599
                ],
                [
                    -0.8220397233963013,
                    0.5234471559524536,
                    -0.22402873635292053,
                    -0.9031260013580322
                ],
                [
                    0.0,
                    0.393475741147995,
                    0.9192962050437927,
                    3.7059545516967773
                ],
                [
                    0.0,
                    0.0,
                    0.0,
                    1.0
                ]
            ]
        },
        {
            "file_path": "./train/r_39",
            "rotation": 0.06283185307179587,
            "transform_matrix": [
                [
                    0.29315632581710815,
                    -0.6438228487968445,
                    0.7067522406578064,
                    2.8491268157958984
                ],
                [
                    0.9560196995735168,
                    0.19742347300052643,
                    -0.216720312833786,
                    -0.8736635446548462
                ],
                [
                    0.0,
                    0.7392604351043701,
                    0.6733877658843994,
                    2.7146248817443848
                ],
                [
                    0.0,
                    0.0,
                    0.0,
                    1.0
                ]
            ]
        },
        {
            "file_path": "./train/r_40",
            "rotation": 0.06283185307179587,
            "transform_matrix": [
                [
                    -0.7711082100868225,
                    0.41462278366088867,
                    -0.4831233620643616,
                    -1.9476128816604614
                ],
                [
                    -0.6366368532180786,
                    -0.5021999478340149,
                    0.5851693749427795,
                    2.358990430831909
                ],
                [
                    1.4900521705385472e-08,
                    0.7588629722595215,
                    0.6512190103530884,
                    2.625256061553955
                ],
                [
                    0.0,
                    0.0,
                    0.0,
                    1.0
                ]
            ]
        },
        {
            "file_path": "./train/r_41",
            "rotation": 0.06283185307179587,
            "transform_matrix": [
                [
                    0.7205678224563599,
                    -0.6704413294792175,
                    0.17674505710601807,
                    0.7125115394592285
                ],
                [
                    0.6933226585388184,
                    0.6967872977256775,
                    -0.18369050323963165,
                    -0.7405107021331787
                ],
                [
                    -7.450262184960366e-09,
                    0.2549230754375458,
                    0.9669210314750671,
                    3.897944450378418
                ],
                [
                    0.0,
                    0.0,
                    0.0,
                    1.0
                ]
            ]
        },
        {
            "file_path": "./train/r_42",
            "rotation": 0.06283185307179587,
            "transform_matrix": [
                [
                    0.0463714674115181,
                    0.8589712381362915,
                    -0.5098912715911865,
                    -2.0555222034454346
                ],
                [
                    -0.9988813400268555,
                    0.039876364171504974,
                    -0.02367088943719864,
                    -0.0954243391752243
                ],
                [
                    -1.8625653241954865e-09,
                    0.5104588270187378,
                    0.8598651885986328,
                    3.4663703441619873
                ],
                [
                    0.0,
                    0.0,
                    0.0,
                    1.0
                ]
            ]
        },
        {
            "file_path": "./train/r_43",
            "rotation": 0.06283185307179587,
            "transform_matrix": [
                [
                    -0.5557419657707214,
                    0.5148044228553772,
                    -0.6527348756790161,
                    -2.6313669681549072
                ],
                [
                    -0.8313031196594238,
                    -0.34415656328201294,
                    0.43636569380760193,
                    1.7591190338134766
                ],
                [
                    1.4900520817207052e-08,
                    0.7851893901824951,
                    0.6192249655723572,
                    2.496278762817383
                ],
                [
                    0.0,
                    0.0,
                    0.0,
                    1.0
                ]
            ]
        },
        {
