{
    "camera_angle_x": 0.6911112070083618,
    "frames": [
        {
            "file_path": "./train/r_0",
            "rotation": 0.06283185307179587,
            "transform_matrix": [
                [
                    -0.6325610876083374,
                    0.5836836099624634,
                    -0.5090391039848328,
                    -2.05208683013916
                ],
                [
                    -0.7744551301002502,
                    -0.47674238681793213,
                    0.41577407717704773,
                    1.6761080026626587
                ],
                [
                    -1.4900522593563892e-08,
                    0.6572823524475098,
                    0.753610372543335,
                    3.0380260944366455
                ],
                [
                    0.0,
                    0.0,
                    0.0,
                    1.0
                ]
            ]
        },
        {
            "file_path": "./train/r_1",
            "rotation": 0.06283185307179587,
            "transform_matrix": [
                [
                    -0.023156991228461266,
                    0.6455445885658264,
                    -0.7633371949195862,
                    -3.077237844467163
                ],
                [
                    -0.9996888637542725,
                    -0.014953522942960262,
                    0.017682094126939774,
                    0.07128174602985382
                ],
                [
                    0.0,
                    0.763569712638855,
                    0.6456942558288574,
                    2.6029841899871826
                ],
                [
                    0.0,
                    0.0,
                    0.0,
                    1.0
                ]
            ]
        },
        {
            "file_path": "./train/r_2",
            "rotation": 0.06283185307179587,
            "transform_matrix": [
                [
                    -0.8683457374572754,
                    0.39081376791000366,
                    -0.30523160099983215,
                    -1.2304788827896118
                ],
                [
                    -0.49587276577949524,
                    -0.684372067451477,
                    0.5345051288604736,
                    2.1547482013702393
                ],
                [
                    -1.4900520817207052e-08,
                    0.6155400276184082,
                    0.7880704998970032,
                    3.176945209503174
                ],
                [
                    0.0,
                    0.0,
                    0.0,
                    1.0
                ]
            ]
        },
        {
            "file_path": "./train/r_3",
            "rotation": 0.06283185307179587,
            "transform_matrix": [
                [
                    -0.9973888397216797,
                    0.05798473209142685,
                    -0.04204500839114189,
                    -0.1694958508014679
                ],
                [
                    -0.07162228971719742,
                    -0.8074765801429749,
                    0.5855051875114441,
                    2.360344409942627
                ],
                [
                    3.725130870435578e-09,
                    0.5870341658592224,
                    0.8095265626907349,
                    3.2634408473968506
                ],
                [
                    0.0,
                    0.0,
                    0.0,
                    1.0
                ]
            ]
        },
        {
            "file_path": "./train/r_4",
            "rotation": 0.06283185307179587,
            "transform_matrix": [
                [
                    0.9351871013641357,
                    -0.10294778645038605,
                    0.33873629570007324,
                    1.3655461072921753
                ],
                [
                    0.3540329933166504,
                    0.27193915843963623,
                    -0.8947804570198059,
                    -3.6071243286132812
                ],
                [
                    -7.450261296781946e-09,
                    0.9567867517471313,
                    0.2907628118991852,
                    1.1721508502960205
                ],
                [
                    0.0,
                    0.0,
                    0.0,
                    1.0
                ]
            ]
        },
        {
            "file_path": "./train/r_5",
            "rotation": 0.06283185307179587,
            "transform_matrix": [
                [
                    -0.29938581585884094,
                    -0.4743298888206482,
                    0.8278361558914185,
                    3.337252140045166
                ],
                [
                    0.9540871977806091,
                    -0.14884136617183685,
                    0.25976914167404175,
                    1.047206163406372
                ],
                [
                    -7.450260852692736e-09,
                    0.8676677942276001,
                    0.4971163272857666,
                    2.0040228366851807
                ],
                [
                    0.0,
                    0.0,
                    0.0,
                    1.0
                ]
            ]
        },
        {
            "file_path": "./train/r_6",
            "rotation": 0.06283185307179587,
            "transform_matrix": [
                [
                    0.5812188982963562,
                    -0.34529128670692444,
                    0.7368062734603882,
                    2.9702837467193604
                ],
                [
                    0.8136945366859436,
                    0.24664026498794556,
                    -0.526297926902771,
                    -2.1216623783111572
                ],
                [
                    -1.4900522593563892e-08,
                    0.9055011868476868,
                    0.4243164360523224,
                    1.7105448246002197
                ],
                [
                    0.0,
                    0.0,
                    0.0,
                    1.0
                ]
            ]
        },
        {
            "file_path": "./train/r_7",
            "rotation": 0.06283185307179587,
            "transform_matrix": [
                [
                    -0.33758994936943054,
                    0.8707941770553589,
                    -0.3573828339576721,
                    -1.4407157897949219
                ],
                [
                    -0.9412475824356079,
                    -0.3123209774494171,
                    0.12817971408367157,
                    0.5167303085327148
                ],
                [
                    -7.450260408603526e-09,
                    0.379688024520874,
                    0.9250755906105042,
                    3.729253053665161
                ],
                [
                    0.0,
                    0.0,
                    0.0,
                    1.0
                ]
            ]
        },
        {
            "file_path": "./train/r_8",
            "rotation": 0.06283185307179587,
            "transform_matrix": [
                [
                    -0.8695790767669678,
                    -0.32058656215667725,
                    0.37547165155410767,
                    1.5136370658874512
                ],
                [
                    0.4937068521976471,
                    -0.5646576881408691,
                    0.6613282561302185,
                    2.6660094261169434
                ],
                [
                    -1.4900521705385472e-08,
                    0.7605103254318237,
                    0.6492946147918701,
                    2.6174981594085693
                ],
                [
                    0.0,
                    0.0,
                    0.0,
                    1.0
                ]
            ]
        },
        {
            "file_path": "./train/r_9",
            "rotation": 0.06283185307179587,
            "transform_matrix": [
                [
                    -0.11630291491746902,
                    0.318743497133255,
                    -0.9406386017799377,
                    -3.791991949081421
                ],
                [
                    -0.9931706190109253,
                    -0.03732571005821228,
                    0.11015128344297409,
                    0.4440523386001587
                ],
                [
                    0.0,
                    0.9471003413200378,
                    0.32090991735458374,
                    1.29368257522583
                ],
                [
                    0.0,
                    0.0,
                    0.0,
                    1.0
                ]
            ]
        },
        {
            "file_path": "./train/r_10",
            "rotation": 0.06283185307179587,
            "transform_matrix": [
                [
                    -0.6838194727897644,
                    -0.6463347673416138,
                    0.3385094106197357,
                    1.3646314144134521
                ],
                [
                    0.7295925617218018,
                    -0.605785071849823,
                    0.31727200746536255,
                    1.2790172100067139
                ],
                [
                    0.0,
                    0.4639674723148346,
                    0.8858144879341125,
                    3.5709798336029053
                ],
                [
                    0.0,
                    0.0,
                    0.0,
                    1.0
                ]
            ]
        },
        {
            "file_path": "./train/r_11",
            "rotation": 0.06283185307179587,
            "transform_matrix": [
                [
                    -0.6575239300727844,
                    -0.7443638443946838,
                    0.11636540293693542,
                    0.46910327672958374
                ],
                [
                    0.7533767223358154,
                    -0.6496577262878418,
                    0.10156012326478958,
                    0.40941882133483887
                ],
                [
                    0.0,
                    0.15445755422115326,
                    0.987958550453186,
                    3.982752561569214
                ],
                [
                    0.0,
                    0.0,
                    0.0,
                    1.0
                ]
            ]
        },
        {
            "file_path": "./train/r_12",
            "rotation": 0.06283185307179587,
            "transform_matrix": [
                [
                    -0.619970440864563,
                    -0.5466897487640381,
                    0.5627653002738953,
                    2.2686731815338135
                ],
                [
                    0.7845705151557922,
                    -0.43199622631073,
                    0.44469916820526123,
                    1.7927136421203613
                ],
                [
                    2.9801045187127784e-08,
                    0.7172861695289612,
                    0.6967461705207825,
                    2.8087897300720215
                ],
                [
                    0.0,
                    0.0,
                    0.0,
                    1.0
                ]
            ]
        },
        {
            "file_path": "./train/r_13",
            "rotation": 0.06283185307179587,
            "transform_matrix": [
                [
                    0.9948633909225464,
                    0.05915413796901703,
                    -0.08162116259336472,
                    -0.3290390372276306
                ],
                [
                    -0.1008014902472496,
                    0.583823561668396,
                    -0.8055626153945923,
                    -3.2474608421325684
                ],
                [
                    3.725130204301763e-09,
                    0.8097164630889893,
                    0.5867913961410522,
                    2.3655295372009277
                ],
                [
                    0.0,
                    0.0,
                    0.0,
                    1.0
                ]
            ]
        },
        {
            "file_path": "./train/r_14",
            "rotation": 0.06283185307179587,
            "transform_matrix": [
                [
                    0.5100082755088806,
                    0.35887056589126587,
                    -0.7816836833953857,
                    -3.151197910308838
                ],
                [
                    -0.8601198196411133,
                    0.21279242634773254,
                    -0.46349963545799255,
                    -1.8685039281845093
                ],
                [
                    -1.4900524369920731e-08,
                    0.9088020324707031,
                    0.4172002971172333,
                    1.6818575859069824
                ],
                [
                    0.0,
                    0.0,
                    0.0,
                    1.0
                ]
            ]
        },
        {
            "file_path": "./train/r_15",
            "rotation": 0.06283185307179587,
            "transform_matrix": [
                [
                    -0.5264224410057068,
                    -0.36266499757766724,
                    0.7689471244812012,
                    3.0998525619506836
                ],
                [
                    0.850172758102417,
                    -0.2245602309703827,
                    0.4761279821395874,
                    1.9194122552871704
                ],
                [
                    -1.4900521705385472e-08,
                    0.9044537544250488,
                    0.42654433846473694,
                    1.719525933265686
                ],
                [
                    0.0,
                    0.0,
                    0.0,
                    1.0
                ]
            ]
        },
        {
            "file_path": "./train/r_16",
            "rotation": 0.06283185307179587,
            "transform_matrix": [
                [
                    0.9997135996818542,
                    0.01979334093630314,
                    -0.009751670062541962,
                    -0.039311863481998444
                ],
                [
                    -0.022064484655857086,
                    0.8968110084533691,
                    -0.44183576107025146,
                    -1.7811706066131592
                ],
                [
                    -9.312827731200457e-10,
                    0.44195935130119324,
                    0.8969967365264893,
                    3.6160593032836914
                ],
                [
                    0.0,
                    0.0,
                    0.0,
                    1.0
                ]
            ]
        },
        {
            "file_path": "./train/r_17",
            "rotation": 0.06283185307179587,
            "transform_matrix": [
                [
                    -0.9538655877113342,
                    -0.15979039669036865,
                    0.25401556491851807,
                    1.0240117311477661
                ],
                [
                    0.3000912368297577,
                    -0.5079073905944824,
                    0.8074101209640503,
                    3.254908800125122
                ],
                [
                    0.0,
                    0.8464555740356445,
                    0.5324306488037109,
                    2.1463851928710938
                ],
                [
                    0.0,
                    0.0,
                    0.0,
                    1.0
                ]
            ]
        },
        {
            "file_path": "./train/r_18",
            "rotation": 0.06283185307179587,
            "transform_matrix": [
                [
                    0.9965462684631348,
                    -0.034161392599344254,
                    0.07511800527572632,
                    0.30282285809516907
                ],
                [
                    0.08252035081386566,
                    0.4125456213951111,
                    -0.9071527719497681,
                    -3.65700101852417
                ],
                [
                    -1.8625653241954865e-09,
                    0.9102905988693237,
                    0.4139425456523895,
                    1.668724775314331
                ],
                [
                    0.0,
                    0.0,
                    0.0,
                    1.0
                ]
            ]
        },
        {
            "file_path": "./train/r_19",
            "rotation": 0.06283185307179587,
            "transform_matrix": [
                [
                    0.8164563775062561,
                    -0.527105987071991,
                    0.23557086288928986,
                    0.9496557712554932
                ],
                [
                    0.5773327946662903,
                    0.7454262971878052,
                    -0.3331412374973297,
                    -1.342990756034851
                ],
                [
                    1.4900522593563892e-08,
                    0.4080304205417633,
                    0.9129296541213989,
                    3.6802892684936523
                ],
                [
                    0.0,
                    0.0,
                    0.0,
                    1.0
                ]
            ]
        },
        {
            "file_path": "./train/r_20",
            "rotation": 0.06283185307179587,
            "transform_matrix": [
                [
                    0.9377988576889038,
                    0.12620453536510468,
                    -0.323297917842865,
                    -1.303309440612793
                ],
                [
                    -0.3470556139945984,
                    0.3410245180130005,
                    -0.8736017942428589,
                    -3.521746873855591
                ],
                [
                    7.450261740871156e-09,
                    0.9315388202667236,
                    0.3636147677898407,
                    1.4658385515213013
                ],
                [
                    0.0,
                    0.0,
                    0.0,
                    1.0
                ]
            ]
        },
        {
            "file_path": "./train/r_21",
            "rotation": 0.06283185307179587,
            "transform_matrix": [
                [
                    -0.7652099132537842,
                    -0.35838988423347473,
                    0.5347291827201843,
                    2.155651092529297
                ],
                [
                    0.6437141299247742,
                    -0.42603304982185364,
                    0.6356549859046936,
                    2.5625128746032715
                ],
                [
                    -1.4900519929028633e-08,
                    0.8306879997253418,
                    0.5567091107368469,
                    2.2442586421966553
                ],
                [
                    0.0,
                    0.0,
                    0.0,
                    1.0
                ]
            ]
        },
        {
            "file_path": "./train/r_22",
            "rotation": 0.06283185307179587,
            "transform_matrix": [
                [
                    -0.4132552742958069,
                    0.8468509912490845,
                    -0.3347124457359314,
                    -1.3493247032165527
                ],
                [
                    -0.910568118095398,
                    -0.3843376636505127,
                    0.15190699696540833,
                    0.6123819351196289
                ],
                [
                    0.0,
                    0.36758384108543396,
                    0.9299512505531311,
                    3.748908042907715
                ],
                [
                    0.0,
                    0.0,
                    0.0,
                    1.0
                ]
            ]
        },
        {
            "file_path": "./train/r_23",
            "rotation": 0.06283185307179587,
            "transform_matrix": [
                [
                    -0.6024125814437866,
                    0.43742379546165466,
                    -0.6675998568534851,
                    -2.6912922859191895
                ],
                [
                    -0.7981311082839966,
                    -0.3301582932472229,
                    0.5038903951644897,
                    2.0313310623168945
                ],
                [
                    0.0,
                    0.8364483714103699,
                    0.5480166673660278,
                    2.209217071533203
                ],
                [
                    0.0,
                    0.0,
                    0.0,
                    1.0
                ]
            ]
        },
        {
            "file_path": "./train/r_24",
            "rotation": 0.06283185307179587,
            "transform_matrix": [
                [
                    -0.13403105735778809,
                    0.7819120287895203,
                    -0.6087782382965088,
                    -2.454164981842041
                ],
                [
                    -0.9909338355064392,
                    -0.10575934499502182,
                    0.08234171569347382,
                    0.3319438099861145
                ],
                [
                    -7.450261296781946e-09,
                    0.6143438816070557,
                    0.789003312587738,
                    3.1807055473327637
                ],
                [
                    0.0,
                    0.0,
                    0.0,
                    1.0
                ]
            ]
        },
        {
            "file_path": "./train/r_25",
            "rotation": 0.06283185307179587,
            "transform_matrix": [
                [
                    0.22193080186843872,
                    -0.2998100221157074,
                    0.9277847409248352,
                    3.7401740550994873
                ],
                [
                    0.9750184416770935,
                    0.06824186444282532,
                    -0.21117959916591644,
                    -0.8513273596763611
                ],
                [
                    7.450261296781946e-09,
                    0.9515497088432312,
                    0.3074672818183899,
                    1.2394914627075195
                ],
                [
                    0.0,
                    0.0,
                    0.0,
                    1.0
                ]
            ]
        },
        {
            "file_path": "./train/r_26",
            "rotation": 0.06283185307179587,
            "transform_matrix": [
                [
                    0.3668499290943146,
                    -0.6785506010055542,
                    0.6363494992256165,
                    2.565312623977661
                ],
                [
                    0.9302340149879456,
                    0.2675952911376953,
                    -0.25095272064208984,
                    -1.0116645097732544
                ],
                [
                    -1.4900522593563892e-08,
                    0.6840699911117554,
                    0.7293830513954163,
                    2.9403584003448486
                ],
                [
                    0.0,
                    0.0,
                    0.0,
                    1.0
                ]
            ]
        },
        {
            "file_path": "./train/r_27",
            "rotation": 0.06283185307179587,
            "transform_matrix": [
                [
                    -0.8857656121253967,
                    -0.2008347362279892,
                    0.41833290457725525,
                    1.686423420906067
                ],
                [
                    0.46404024958610535,
                    -0.3833557367324829,
                    0.7985188961029053,
                    3.2190654277801514
                ],
                [
                    -1.4900520817207052e-08,
                    0.9014952182769775,
                    0.43276166915893555,
                    1.7445900440216064
                ],
                [
                    0.0,
                    0.0,
                    0.0,
                    1.0
                ]
            ]
        },
        {
            "file_path": "./train/r_28",
            "rotation": 0.06283185307179587,
            "transform_matrix": [
                [
                    -0.533123791217804,
                    0.6980586647987366,
                    -0.47795915603637695,
                    -1.9267945289611816
                ],
                [
                    -0.845986545085907,
                    -0.43990254402160645,
                    0.301200270652771,
                    1.2142271995544434
                ],
                [
                    0.0,
                    0.5649687647819519,
                    0.8250762224197388,
                    3.3261260986328125
                ],
                [
                    0.0,
                    0.0,
                    0.0,
                    1.0
                ]
            ]
        },
        {
            "file_path": "./train/r_29",
            "rotation": 0.06283185307179587,
            "transform_matrix": [
                [
                    -0.6830964684486389,
                    -0.6996817588806152,
                    0.20922712981700897,
                    0.8434563875198364
                ],
                [
                    0.7302693724632263,
                    -0.6544846296310425,
                    0.19571174681186676,
                    0.7889719009399414
                ],
                [
                    1.4900523481742312e-08,
                    0.2865047752857208,
                    0.9580387473106384,
                    3.8621373176574707
                ],
                [
                    0.0,
                    0.0,
                    0.0,
                    1.0
                ]
            ]
        },
        {
            "file_path": "./train/r_30",
            "rotation": 0.06283185307179587,
            "transform_matrix": [
                [
                    0.3456619083881378,
                    0.5826717615127563,
                    -0.7354950904846191,
                    -2.9649980068206787
                ],
                [
                    -0.938313364982605,
                    0.21464838087558746,
                    -0.2709464132785797,
                    -1.0922651290893555
                ],
                [
                    0.0,
                    0.7838428020477295,
                    0.6209286451339722,
                    2.5031466484069824
                ],
                [
                    0.0,
                    0.0,
                    0.0,
                    1.0
                ]
            ]
        },
        {
            "file_path": "./train/r_31",
            "rotation": 0.06283185307179587,
            "transform_matrix": [
                [
                    0.8587745428085327,
                    0.08763371407985687,
                    -0.5047200322151184,
                    -2.0346755981445312
                ],
                [
                    -0.5122700333595276,
                    0.14691002666950226,
                    -0.8461176156997681,
                    -3.410949945449829
                ],
                [
                    7.450261296781946e-09,
                    0.9852551221847534,
                    0.1710558384656906,
                    0.6895766258239746
                ],
                [
                    0.0,
                    0.0,
                    0.0,
                    1.0
                ]
            ]
        },
        {
            "file_path": "./train/r_32",
            "rotation": 0.06283185307179587,
            "transform_matrix": [
                [
                    -0.5249939560890198,
                    -0.8208260536193848,
                    0.22492513060569763,
                    0.9067397117614746
                ],
                [
                    0.8510556221008301,
                    -0.5063461065292358,
                    0.13875041902065277,
                    0.5593439340591431
                ],
                [
                    7.450261296781946e-09,
                    0.2642878592014313,
                    0.9644036293029785,
                    3.887795925140381
                ],
                [
                    0.0,
                    0.0,
                    0.0,
                    1.0
                ]
            ]
        },
        {
            "file_path": "./train/r_33",
            "rotation": 0.06283185307179587,
            "transform_matrix": [
                [
                    -0.958644449710846,
                    0.2825668752193451,
                    -0.032818883657455444,
                    -0.13230261206626892
                ],
                [
                    -0.2844557762145996,
                    -0.9522786736488342,
                    0.11060291528701782,
                    0.44587305188179016
                ],
                [
                    0.0,
                    0.11537319421768188,
                    0.9932810664176941,
                    4.004209518432617
                ],
                [
                    0.0,
                    0.0,
                    0.0,
                    1.0
                ]
            ]
        },
        {
            "file_path": "./train/r_34",
            "rotation": 0.06283185307179587,
            "transform_matrix": [
                [
                    -0.9968721866607666,
                    -0.018456393852829933,
                    0.07628538459539413,
                    0.30752891302108765
                ],
                [
                    0.07848600298166275,
                    -0.23441965878009796,
                    0.968921422958374,
                    3.90600848197937
                ],
                [
                    0.0,
                    0.9719550013542175,
                    0.23513655364513397,
                    0.9479049444198608
                ],
                [
                    0.0,
                    0.0,
                    0.0,
                    1.0
                ]
            ]
        },
        {
            "file_path": "./train/r_35",
            "rotation": 0.06283185307179587,
            "transform_matrix": [
                [
                    -0.2601129114627838,
                    -0.20091967284679413,
                    0.9444007277488708,
                    3.8071582317352295
                ],
                [
                    0.9655338525772095,
                    -0.05412736535072327,
                    0.2544196844100952,
                    1.0256409645080566
                ],
                [
                    -3.725130870435578e-09,
                    0.9781060218811035,
                    0.20807532966136932,
                    0.8388131260871887
                ],
                [
                    0.0,
                    0.0,
                    0.0,
                    1.0
                ]
            ]
        },
        {
            "file_path": "./train/r_36",
            "rotation": 0.06283185307179587,
            "transform_matrix": [
                [
                    -0.28819987177848816,
                    -0.5531229972839355,
                    0.7816233038902283,
                    3.150954484939575
                ],
                [
                    0.9575254917144775,
                    -0.16648119688034058,
                    0.235256165266037,
                    0.948387086391449
                ],
                [
                    0.0,
                    0.8162896633148193,
                    0.577613115310669,
                    2.328529119491577
                ],
                [
                    0.0,
                    0.0,
                    0.0,
                    1.0
                ]
            ]
        },
        {
            "file_path": "./train/r_37",
            "rotation": 0.06283185307179587,
            "transform_matrix": [
                [
                    -0.9545837640762329,
                    -0.05244949832558632,
                    0.29314449429512024,
                    1.18175208568573
                ],
                [
                    0.29779890179634094,
                    -0.16812501847743988,
                    0.9396643042564392,
                    3.788064479827881
                ],
                [
                    3.725130648390973e-09,
                    0.9843642711639404,
                    0.17610995471477509,
                    0.7099512219429016
                ],
                [
                    0.0,
                    0.0,
                    0.0,
                    1.0
                ]
            ]
        },
        {
            "file_path": "./train/r_38",
            "rotation": 0.06283185307179587,
            "transform_matrix": [
                [
                    -0.22867658734321594,
                    -0.9477233290672302,
                    0.22250835597515106,
                    0.8969968557357788
                ],
                [
                    0.9734583497047424,
                    -0.22263115644454956,
                    0.05226978287100792,
                    0.2107149362564087
                ],
                [
                    0.0,
                    0.2285735011100769,
                    0.9734861850738525,
                    3.924410343170166
                ],
                [
                    0.0,
                    0.0,
                    0.0,
                    1.0
                ]
            ]
        },
        {
            "file_path": "./train/r_39",
            "rotation": 0.06283185307179587,
            "transform_matrix": [
                [
                    0.5844751596450806,
                    0.39135152101516724,
                    -0.7107462882995605,
                    -2.8652281761169434
                ],
                [
                    -0.8113588094711304,
                    0.2819162607192993,
                    -0.5119973421096802,
                    -2.064012289047241
                ],
                [
                    0.0,
                    0.8759891986846924,
                    0.482302725315094,
                    1.9443047046661377
                ],
                [
                    0.0,
                    0.0,
                    0.0,
                    1.0
                ]
            ]
        },
        {
            "file_path": "./train/r_40",
            "rotation": 0.06283185307179587,
            "transform_matrix": [
                [
                    0.029094098135828972,
                    -0.6925672292709351,
                    0.7207332253456116,
                    2.9054884910583496
                ],
                [
                    0.9995336532592773,
                    0.02015901915729046,
                    -0.020978866145014763,
                    -0.08457200229167938
                ],
                [
                    9.312825510754408e-10,
                    0.7210646271705627,
                    0.6928353905677795,
                    2.7930240631103516
                ],
                [
                    0.0,
                    0.0,
                    0.0,
                    1.0
                ]
            ]
        },
        {
            "file_path": "./train/r_41",
            "rotation": 0.06283185307179587,
            "transform_matrix": [
                [
                    -0.31292062997817993,
                    -0.1718379259109497,
                    0.9340619444847107,
                    3.765479564666748
                ],
                [
                    0.9497339725494385,
                    -0.05661757290363312,
                    0.3077569305896759,
                    1.2406591176986694
                ],
                [
                    3.7251297602125533e-09,
                    0.983491837978363,
                    0.18091832101345062,
                    0.7293352484703064
                ],
                [
                    0.0,
                    0.0,
                    0.0,
                    1.0
                ]
            ]
        },
        {
            "file_path": "./train/r_42",
            "rotation": 0.06283185307179587,
            "transform_matrix": [
                [
                    -0.6883448362350464,
                    0.6583450436592102,
                    -0.30448412895202637,
                    -1.2274653911590576
                ],
                [
                    -0.7253244519233704,
                    -0.6247802972793579,
                    0.28896042704582214,
                    1.1648848056793213
                ],
                [
                    0.0,
                    0.41978731751441956,
                    0.907584011554718,
                    3.6587390899658203
                ],
                [
                    0.0,
                    0.0,
                    0.0,
                    1.0
                ]
            ]
        },
        {
            "file_path": "./train/r_43",
            "rotation": 0.06283185307179587,
            "transform_matrix": [
                [
                    -0.3858560621738434,
                    0.8656014204025269,
                    -0.31909316778182983,
                    -1.2863588333129883
                ],
                [
                    -0.922512412071228,
                    -0.3620520830154419,
                    0.13346600532531738,
                    0.538040816783905
                ],
                [
                    7.450260408603526e-09,
                    0.3458934724330902,
                    0.9382344484329224,
                    3.7822999954223633
                ],
                [
