{
    "camera_angle_x": 0.6911112070083618,
    "frames": [
        {
            "file_path": "./train/r_0",
            "rotation": 0.06283185307179587,
            "transform_matrix": [
                [
                    0.8624445199966431,
                    0.26444217562675476,
                    -0.43148544430732727,
                    -1.7394452095031738
                ],
                [
                    -0.5060665607452393,
                    0.4506654441356659,
                    -0.7353425025939941,
                    -2.9643826484680176
                ],
                [
                    1.4900519040850213e-08,
                    0.8526200652122498,
                    0.5225028395652771,
                    2.106363296508789
                ],
                [
                    0.0,
                    0.0,
                    0.0,
                    1.0
                ]
            ]
        },
        {
            "file_path": "./train/r_1",
            "rotation": 0.06283185307179587,
            "transform_matrix": [
                [
                    -0.9884351491928101,
                    0.11327123641967773,
                    -0.10040230304002762,
                    -0.40475136041641235
                ],
                [
                    -0.15136045217514038,
                    -0.7396996021270752,
                    0.6556611657142639,
                    2.6431636810302734
                ],
                [
                    0.0,
                    0.6633281111717224,
                    0.7482948303222656,
                    3.0165977478027344
                ],
                [
                    0.0,
                    0.0,
                    0.0,
                    1.0
                ]
            ]
        },
        {
            "file_path": "./train/r_2",
            "rotation": 0.06283185307179587,
            "transform_matrix": [
                [
                    -0.8193590044975281,
                    0.17189541459083557,
                    -0.5468274354934692,
                    -2.204422950744629
                ],
                [
                    -0.5732060074806213,
                    -0.24571280181407928,
                    0.7816526293754578,
                    3.1510727405548096
                ],
                [
                    0.0,
                    0.9539743661880493,
                    0.2998604476451874,
                    1.2088260650634766
                ],
                [
                    0.0,
                    0.0,
                    0.0,
                    1.0
                ]
            ]
        },
        {
            "file_path": "./train/r_3",
            "rotation": 0.06283185307179587,
            "transform_matrix": [
                [
                    -0.6389750242233276,
                    -0.677173912525177,
                    0.3648229241371155,
                    1.4707090854644775
                ],
                [
                    0.7691717147827148,
                    -0.5625495910644531,
                    0.3030698001384735,
                    1.2217638492584229
                ],
                [
                    2.9801045187127784e-08,
                    0.4743029773235321,
                    0.8803239464759827,
                    3.5488460063934326
                ],
                [
                    0.0,
                    0.0,
                    0.0,
                    1.0
                ]
            ]
        },
        {
            "file_path": "./train/r_4",
            "rotation": 0.06283185307179587,
            "transform_matrix": [
                [
                    0.6255765557289124,
                    -0.40895164012908936,
                    0.6643348932266235,
                    2.6781303882598877
                ],
                [
                    0.7801077365875244,
                    0.32794255018234253,
                    -0.5327370166778564,
                    -2.147620439529419
                ],
                [
                    1.4900519929028633e-08,
                    0.8515880703926086,
                    0.524182915687561,
                    2.1131362915039062
                ],
                [
                    0.0,
                    0.0,
                    0.0,
                    1.0
                ]
            ]
        },
        {
            "file_path": "./train/r_5",
            "rotation": 0.06283185307179587,
            "transform_matrix": [
                [
                    0.27517247200012207,
                    0.5805160403251648,
                    -0.766304612159729,
                    -3.089200496673584
                ],
                [
                    -0.9613502621650696,
                    0.16616423428058624,
                    -0.21934348344802856,
                    -0.8842384219169617
                ],
                [
                    1.4900522593563892e-08,
                    0.7971075773239136,
                    0.6038069725036621,
                    2.43412446975708
                ],
                [
                    0.0,
                    0.0,
                    0.0,
                    1.0
                ]
            ]
        },
        {
            "file_path": "./train/r_6",
            "rotation": 0.06283185307179587,
            "transform_matrix": [
                [
                    0.9913676977157593,
                    0.054873984307050705,
                    -0.11871613562107086,
                    -0.4785797595977783
                ],
                [
                    -0.1307837963104248,
                    0.41595596075057983,
                    -0.8998923301696777,
                    -3.6277315616607666
                ],
                [
                    3.725130426346368e-09,
                    0.9077221751213074,
                    0.41954466700553894,
                    1.6913083791732788
                ],
                [
                    0.0,
                    0.0,
                    0.0,
                    1.0
                ]
            ]
        },
        {
            "file_path": "./train/r_7",
            "rotation": 0.06283185307179587,
            "transform_matrix": [
                [
                    -0.9459643363952637,
                    0.22229056060314178,
                    -0.2359166443347931,
                    -0.9510496854782104
                ],
                [
                    -0.3241386115550995,
                    -0.648731529712677,
                    0.68849778175354,
                    2.7755379676818848
                ],
                [
                    0.0,
                    0.7278215885162354,
                    0.6857343316078186,
                    2.764397621154785
                ],
                [
                    0.0,
                    0.0,
                    0.0,
                    1.0
                ]
            ]
        },
        {
            "file_path": "./train/r_8",
            "rotation": 0.06283185307179587,
            "transform_matrix": [
                [
                    0.4727662205696106,
                    0.16993390023708344,
                    -0.8646000623703003,
                    -3.4854583740234375
                ],
                [
                    -0.8811392188072205,
                    0.09117629379034042,
                    -0.4638923406600952,
                    -1.8700871467590332
                ],
                [
                    0.0,
                    0.981223464012146,
                    0.19284173846244812,
                    0.7774020433425903
                ],
                [
                    0.0,
                    0.0,
                    0.0,
                    1.0
                ]
            ]
        },
        {
            "file_path": "./train/r_9",
            "rotation": 0.06283185307179587,
            "transform_matrix": [
                [
                    0.4034426212310791,
                    0.3951599895954132,
                    -0.8252338171005249,
                    -3.326761245727539
                ],
                [
                    -0.9149580597877502,
                    0.1742422729730606,
                    -0.3638795018196106,
                    -1.4669057130813599
                ],
                [
                    0.0,
                    0.9019302129745483,
                    0.4318544268608093,
                    1.740932822227478
                ],
                [
                    0.0,
                    0.0,
                    0.0,
                    1.0
                ]
            ]
        },
        {
            "file_path": "./train/r_10",
            "rotation": 0.06283185307179587,
            "transform_matrix": [
                [
                    -0.3896556794643402,
                    0.43324270844459534,
                    -0.8126498460769653,
                    -3.276031255722046
                ],
                [
                    -0.9209139943122864,
                    -0.18331298232078552,
                    0.3438471257686615,
                    1.386149287223816
                ],
                [
                    0.0,
                    0.8824324607849121,
                    0.47041141986846924,
                    1.8963673114776611
                ],
                [
                    0.0,
                    0.0,
                    0.0,
                    1.0
                ]
            ]
        },
        {
            "file_path": "./train/r_11",
            "rotation": 0.06283185307179587,
            "transform_matrix": [
                [
                    -0.7003149390220642,
                    0.10100478678941727,
                    -0.706592857837677,
                    -2.848484754562378
                ],
                [
                    -0.7137738466262817,
                    -0.0991002544760704,
                    0.6932694315910339,
                    2.794773817062378
                ],
                [
                    0.0,
                    0.9899327754974365,
                    0.1414969116449356,
                    0.5704158544540405
                ],
                [
                    0.0,
                    0.0,
                    0.0,
                    1.0
                ]
            ]
        },
        {
            "file_path": "./train/r_12",
            "rotation": 0.06283185307179587,
            "transform_matrix": [
                [
                    0.9990670680999756,
                    -0.028603581711649895,
                    0.031003277748823166,
                    0.12498337030410767
                ],
                [
                    0.042181793600320816,
                    0.6774699091911316,
                    -0.734306275844574,
                    -2.960205316543579
                ],
                [
                    0.0,
                    0.7349871397018433,
                    0.6780490875244141,
                    2.7334160804748535
                ],
                [
                    0.0,
                    0.0,
                    0.0,
                    1.0
                ]
            ]
        },
        {
            "file_path": "./train/r_13",
            "rotation": 0.06283185307179587,
            "transform_matrix": [
                [
                    -0.687391996383667,
                    -0.24334296584129333,
                    0.6842489242553711,
                    2.7584095001220703
                ],
                [
                    0.7262274622917175,
                    -0.23033004999160767,
                    0.6476582288742065,
                    2.6109015941619873
                ],
                [
                    0.0,
                    0.9421900510787964,
                    0.33505162596702576,
                    1.3506920337677002
                ],
                [
                    0.0,
                    0.0,
                    0.0,
                    1.0
                ]
            ]
        },
        {
            "file_path": "./train/r_14",
            "rotation": 0.06283185307179587,
            "transform_matrix": [
                [
                    0.2763219177722931,
                    0.8864989876747131,
                    -0.3711331784725189,
                    -1.4961473941802979
                ],
                [
                    -0.9610205292701721,
                    0.25489476323127747,
                    -0.10671178996562958,
                    -0.43018677830696106
                ],
                [
                    0.0,
                    0.38618382811546326,
                    0.9223828911781311,
                    3.718397855758667
                ],
                [
                    0.0,
                    0.0,
                    0.0,
                    1.0
                ]
            ]
        },
        {
            "file_path": "./train/r_15",
            "rotation": 0.06283185307179587,
            "transform_matrix": [
                [
                    -0.06595973670482635,
                    -0.7503889203071594,
                    0.657665491104126,
                    2.6512439250946045
                ],
                [
                    0.9977793097496033,
                    -0.049605611711740494,
                    0.04347598925232887,
                    0.17526455223560333
                ],
                [
                    -3.725130648390973e-09,
                    0.6591248512268066,
                    0.75199955701828,
                    3.0315322875976562
                ],
                [
                    0.0,
                    0.0,
                    0.0,
                    1.0
                ]
            ]
        },
        {
            "file_path": "./train/r_16",
            "rotation": 0.06283185307179587,
            "transform_matrix": [
                [
                    -0.5045229196548462,
                    -0.439877450466156,
                    0.7428963780403137,
                    2.9948348999023438
                ],
                [
                    0.8633486032485962,
                    -0.2570551931858063,
                    0.4341331422328949,
                    1.7501189708709717
                ],
                [
                    0.0,
                    0.8604768514633179,
                    0.5094612240791321,
                    2.053788661956787
                ],
                [
                    0.0,
                    0.0,
                    0.0,
                    1.0
                ]
            ]
        },
        {
            "file_path": "./train/r_17",
            "rotation": 0.06283185307179587,
            "transform_matrix": [
                [
                    0.48766013979911804,
                    0.24052074551582336,
                    -0.8392009735107422,
                    -3.3830668926239014
                ],
                [
                    -0.8729844689369202,
                    0.13435792922973633,
                    -0.4687882363796234,
                    -1.8898237943649292
                ],
                [
                    0.0,
                    0.9612947702407837,
                    0.27549371123313904,
                    1.1105964183807373
                ],
                [
                    0.0,
                    0.0,
                    0.0,
                    1.0
                ]
            ]
        },
        {
            "file_path": "./train/r_18",
            "rotation": 0.06283185307179587,
            "transform_matrix": [
                [
                    0.11519261449575424,
                    0.8991038799285889,
                    -0.4222782552242279,
                    -1.7023284435272217
                ],
                [
                    -0.9932999610900879,
                    0.10426872223615646,
                    -0.04897144436836243,
                    -0.19741837680339813
                ],
                [
                    0.0,
                    0.42512381076812744,
                    0.9050967693328857,
                    3.648712635040283
                ],
                [
                    0.0,
                    0.0,
                    0.0,
                    1.0
                ]
            ]
        },
        {
            "file_path": "./train/r_19",
            "rotation": 0.06283185307179587,
            "transform_matrix": [
                [
                    -0.38025665283203125,
                    -0.29027119278907776,
                    0.8781061768531799,
                    3.539905548095703
                ],
                [
                    0.924834668636322,
                    -0.1193484291434288,
                    0.36104369163513184,
                    1.4554738998413086
                ],
                [
                    0.0,
                    0.9494674205780029,
                    0.3138379454612732,
                    1.2651735544204712
                ],
                [
                    0.0,
                    0.0,
                    0.0,
                    1.0
                ]
            ]
        },
        {
            "file_path": "./train/r_20",
            "rotation": 0.06283185307179587,
            "transform_matrix": [
                [
                    0.9612710475921631,
                    -0.05413682758808136,
                    0.2700771987438202,
                    1.0887609720230103
                ],
                [
                    0.2754487693309784,
                    0.18892866373062134,
                    -0.9425251483917236,
                    -3.7995972633361816
                ],
                [
                    0.0,
                    0.9804922938346863,
                    0.19652488827705383,
                    0.7922499179840088
                ],
                [
                    0.0,
                    0.0,
                    0.0,
                    1.0
                ]
            ]
        },
        {
            "file_path": "./train/r_21",
            "rotation": 0.06283185307179587,
            "transform_matrix": [
                [
                    -0.8903447389602661,
                    -0.11939670890569687,
                    0.4392569959163666,
                    1.7707747220993042
                ],
                [
                    0.455192893743515,
                    -0.23353663086891174,
                    0.8591744899749756,
                    3.4635860919952393
                ],
                [
                    0.0,
                    0.9649844765663147,
                    0.26227834820747375,
                    1.057321548461914
                ],
                [
                    0.0,
                    0.0,
                    0.0,
                    1.0
                ]
            ]
        },
        {
            "file_path": "./train/r_22",
            "rotation": 0.06283185307179587,
            "transform_matrix": [
                [
                    -0.05353910103440285,
                    0.8605623245239258,
                    -0.50649493932724,
                    -2.0418307781219482
                ],
                [
                    -0.9985228180885315,
                    -0.046141888946294785,
                    0.02715739980340004,
                    0.10947949439287186
                ],
                [
                    0.0,
                    0.507240891456604,
                    0.8617672324180603,
                    3.4740381240844727
                ],
                [
                    0.0,
                    0.0,
                    0.0,
                    1.0
                ]
            ]
        },
        {
            "file_path": "./train/r_23",
            "rotation": 0.06283185307179587,
            "transform_matrix": [
                [
                    0.4119819104671478,
                    0.2680451571941376,
                    -0.8708298802375793,
                    -3.510572671890259
                ],
                [
                    -0.9111448526382446,
                    0.12119890749454498,
                    -0.39375314116477966,
                    -1.587335228919983
                ],
                [
                    0.0,
                    0.9557470679283142,
                    0.29416167736053467,
                    1.1858526468276978
                ],
                [
                    0.0,
                    0.0,
                    0.0,
                    1.0
                ]
            ]
        },
        {
            "file_path": "./train/r_24",
            "rotation": 0.06283185307179587,
            "transform_matrix": [
                [
                    -0.9897972941398621,
                    0.06489931046962738,
                    -0.12650707364082336,
                    -0.5099874138832092
                ],
                [
                    -0.14218154549598694,
                    -0.4517967998981476,
                    0.8806794285774231,
                    3.550278902053833
                ],
                [
                    -7.450261740871156e-09,
                    0.8897514343261719,
                    0.4564177095890045,
                    1.8399547338485718
                ],
                [
                    0.0,
                    0.0,
                    0.0,
                    1.0
                ]
            ]
        },
        {
            "file_path": "./train/r_25",
            "rotation": 0.06283185307179587,
            "transform_matrix": [
                [
                    0.9988712668418884,
                    -0.011298724450170994,
                    0.04519927129149437,
                    0.18221160769462585
                ],
                [
                    0.04658990725874901,
                    0.24224068224430084,
                    -0.9690564870834351,
                    -3.906553030014038
                ],
                [
                    9.312827731200457e-10,
                    0.9701452255249023,
                    0.24249525368213654,
                    0.9775699973106384
                ],
                [
                    0.0,
                    0.0,
                    0.0,
                    1.0
                ]
            ]
        },
        {
            "file_path": "./train/r_26",
            "rotation": 0.06283185307179587,
            "transform_matrix": [
                [
                    -0.9993282556533813,
                    0.023351315408945084,
                    -0.026683330535888672,
                    -0.10756839066743851
                ],
                [
                    -0.035457588732242584,
                    -0.658128023147583,
                    0.7520366907119751,
                    3.031682014465332
                ],
                [
                    -1.862565435217789e-09,
                    0.7525371313095093,
                    0.6585181951522827,
                    2.6546812057495117
                ],
                [
                    0.0,
                    0.0,
                    0.0,
                    1.0
                ]
            ]
        },
        {
            "file_path": "./train/r_27",
            "rotation": 0.06283185307179587,
            "transform_matrix": [
                [
                    0.8800687789916992,
                    -0.31032299995422363,
                    0.35930559039115906,
                    1.4484668970108032
                ],
                [
                    0.4747559130191803,
                    0.5752547383308411,
                    -0.6660551428794861,
                    -2.6850650310516357
                ],
                [
                    0.0,
                    0.7568166851997375,
                    0.6535958051681519,
                    2.6348376274108887
                ],
                [
                    0.0,
                    0.0,
                    0.0,
                    1.0
                ]
            ]
        },
        {
            "file_path": "./train/r_28",
            "rotation": 0.06283185307179587,
            "transform_matrix": [
                [
                    -0.6765443682670593,
                    0.19943320751190186,
                    -0.7088249921798706,
                    -2.857483148574829
                ],
                [
                    -0.7363436222076416,
                    -0.1832370162010193,
                    0.6512605547904968,
                    2.6254239082336426
                ],
                [
                    0.0,
                    0.9626216888427734,
                    0.27082109451293945,
                    1.0917599201202393
                ],
                [
                    0.0,
                    0.0,
                    0.0,
                    1.0
                ]
            ]
        },
        {
            "file_path": "./train/r_29",
            "rotation": 0.06283185307179587,
            "transform_matrix": [
                [
                    0.03218628466129303,
                    0.2609320878982544,
                    -0.9647801518440247,
                    -3.8893139362335205
                ],
                [
                    -0.9994389414787292,
                    0.008403148502111435,
                    -0.031070122495293617,
                    -0.1252528429031372
                ],
                [
                    0.0,
                    0.9653153419494629,
                    0.26105791330337524,
                    1.0524015426635742
                ],
                [
                    0.0,
                    0.0,
                    0.0,
                    1.0
                ]
            ]
        },
        {
            "file_path": "./train/r_30",
            "rotation": 0.06283185307179587,
            "transform_matrix": [
                [
                    -0.07399619370698929,
                    0.15432044863700867,
                    -0.9852048754692078,
                    -3.9716522693634033
                ],
                [
                    -0.9972154498100281,
                    -0.011451012454926968,
                    0.07310497760772705,
                    0.2947077751159668
                ],
                [
                    -9.312825510754408e-10,
                    0.9879493713378906,
                    0.15473908185958862,
                    0.6237990260124207
                ],
                [
                    0.0,
                    0.0,
                    0.0,
                    1.0
                ]
            ]
        },
        {
            "file_path": "./train/r_31",
            "rotation": 0.06283185307179587,
            "transform_matrix": [
                [
                    -0.979364275932312,
                    0.1927116960287094,
                    -0.060207102447748184,
                    -0.24271263182163239
                ],
                [
                    -0.201890766620636,
                    -0.9348371028900146,
                    0.29206234216690063,
                    1.1773896217346191
                ],
                [
                    0.0,
                    0.2982141673564911,
                    0.9544590711593628,
                    3.8477063179016113
                ],
                [
                    0.0,
                    0.0,
                    0.0,
                    1.0
                ]
            ]
        },
        {
            "file_path": "./train/r_32",
            "rotation": 0.06283185307179587,
            "transform_matrix": [
                [
                    0.2666616439819336,
                    -0.842218816280365,
                    0.468537837266922,
                    1.8888143301010132
                ],
                [
                    0.9637457132339478,
                    0.23303601145744324,
                    -0.1296411007642746,
                    -0.5226215720176697
                ],
                [
                    0.0,
                    0.4861600697040558,
                    0.8738323450088501,
                    3.5226762294769287
                ],
                [
                    0.0,
                    0.0,
                    0.0,
                    1.0
                ]
            ]
        },
        {
            "file_path": "./train/r_33",
            "rotation": 0.06283185307179587,
            "transform_matrix": [
                [
                    -0.6464529037475586,
                    -0.24482791125774384,
                    0.7225499153137207,
                    2.9128119945526123
                ],
                [
                    0.7628976702690125,
                    -0.20745864510536194,
                    0.6122636198997498,
                    2.4682154655456543
                ],
                [
                    0.0,
                    0.9471061825752258,
                    0.3208930194377899,
                    1.2936145067214966
                ],
                [
                    0.0,
                    0.0,
                    0.0,
                    1.0
                ]
            ]
        },
        {
            "file_path": "./train/r_34",
            "rotation": 0.06283185307179587,
            "transform_matrix": [
                [
                    0.2742566466331482,
                    0.7253603935241699,
                    -0.6313403844833374,
                    -2.5451197624206543
                ],
                [
                    -0.9616119861602783,
                    0.20687651634216309,
                    -0.18006151914596558,
                    -0.7258811593055725
                ],
                [
                    1.4900523481742312e-08,
                    0.6565394997596741,
                    0.7542575597763062,
                    3.040635108947754
                ],
                [
                    0.0,
                    0.0,
                    0.0,
                    1.0
                ]
            ]
        },
        {
            "file_path": "./train/r_35",
            "rotation": 0.06283185307179587,
            "transform_matrix": [
                [
                    0.9243994951248169,
                    0.2833855152130127,
                    -0.25514450669288635,
                    -1.0285627841949463
                ],
                [
                    -0.3813132345676422,
                    0.6869980692863464,
                    -0.6185346841812134,
                    -2.4934959411621094
                ],
                [
                    1.4900521705385472e-08,
                    0.6691161394119263,
                    0.74312424659729,
                    2.995753049850464
                ],
                [
                    0.0,
                    0.0,
                    0.0,
                    1.0
                ]
            ]
        },
        {
            "file_path": "./train/r_36",
            "rotation": 0.06283185307179587,
            "transform_matrix": [
                [
                    -0.014103305526077747,
                    -0.5572442412376404,
                    0.8301926255226135,
                    3.3467516899108887
                ],
                [
                    0.9998576045036316,
                    -0.00786010455340147,
                    0.01171012781560421,
                    0.04720698297023773
                ],
                [
                    0.0,
                    0.830305278301239,
                    0.5572794675827026,
                    2.24655818939209
                ],
                [
                    0.0,
                    0.0,
                    0.0,
                    1.0
                ]
            ]
        },
        {
            "file_path": "./train/r_37",
            "rotation": 0.06283185307179587,
            "transform_matrix": [
                [
                    -0.994027316570282,
                    -0.02275162748992443,
                    0.10633096843957901,
                    0.4286515712738037
                ],
                [
                    0.10873746126890182,
                    -0.2079847902059555,
                    0.9720282554626465,
                    3.9185330867767334
                ],
                [
                    0.0,
                    0.9778622984886169,
                    0.20921790599822998,
                    0.8434191942214966
                ],
                [
                    0.0,
                    0.0,
                    0.0,
                    1.0
                ]
            ]
        },
        {
            "file_path": "./train/r_38",
            "rotation": 0.06283185307179587,
            "transform_matrix": [
                [
                    -0.9753661751747131,
                    0.1972305327653885,
                    -0.09837845712900162,
                    -0.3965926170349121
                ],
                [
                    -0.22039790451526642,
                    -0.8728394508361816,
                    0.4353717267513275,
                    1.7551120519638062
                ],
                [
                    0.0,
                    0.44636449217796326,
                    0.8948131203651428,
                    3.6072559356689453
                ],
                [
                    0.0,
                    0.0,
                    0.0,
                    1.0
                ]
            ]
        },
        {
            "file_path": "./train/r_39",
            "rotation": 0.06283185307179587,
            "transform_matrix": [
                [
                    -0.9922819137573242,
                    0.09012670069932938,
                    -0.08466818928718567,
                    -0.34132251143455505
                ],
                [
                    -0.12365633249282837,
                    -0.7232229113578796,
                    0.6794209480285645,
                    2.7389469146728516
                ],
                [
                    0.0,
                    0.684701144695282,
                    0.7287905216217041,
                    2.9379701614379883
                ],
                [
                    0.0,
                    0.0,
                    0.0,
                    1.0
                ]
            ]
        },
        {
            "file_path": "./train/r_40",
            "rotation": 0.06283185307179587,
            "transform_matrix": [
                [
                    -0.5736743807792664,
                    -0.5127795934677124,
                    0.6386628150939941,
                    2.574638605117798
                ],
                [
                    0.8190311193466187,
                    -0.3591664731502533,
                    0.44733893871307373,
                    1.8033554553985596
                ],
                [
                    0.0,
                    0.7797733545303345,
                    0.6260311007499695,
                    2.523716449737549
                ],
                [
                    0.0,
                    0.0,
                    0.0,
                    1.0
                ]
            ]
        },
        {
            "file_path": "./train/r_41",
            "rotation": 0.06283185307179587,
            "transform_matrix": [
                [
                    -0.09844841063022614,
                    0.38647058606147766,
                    -0.9169932007789612,
                    -3.6966705322265625
                ],
                [
                    -0.9950990676879883,
                    -0.03823480382561684,
                    0.09072114527225494,
                    0.36572372913360596
                ],
                [
                    0.0,
                    0.9215034246444702,
                    0.3883432447910309,
                    1.5655263662338257
                ],
                [
                    0.0,
                    0.0,
                    0.0,
                    1.0
                ]
            ]
        },
        {
            "file_path": "./train/r_42",
            "rotation": 0.06283185307179587,
            "transform_matrix": [
                [
                    -0.47139206528663635,
                    -0.37453195452690125,
                    0.7983997464179993,
                    3.218585252761841
                ],
                [
                    0.8818751573562622,
                    -0.20019999146461487,
                    0.4267716407775879,
                    1.720442533493042
                ],
                [
                    1.4900524369920731e-08,
                    0.9053371548652649,
                    0.4246659576892853,
                    1.71195387840271
                ],
                [
                    0.0,
                    0.0,
                    0.0,
                    1.0
                ]
            ]
        },
        {
            "file_path": "./train/r_43",
            "rotation": 0.06283185307179587,
            "transform_matrix": [
                [
                    0.9923297166824341,
                    -0.11525282263755798,
                    0.04374434053897858,
                    0.17634636163711548
                ],
                [
                    0.12327110767364502,
                    0.9277826547622681,
                    -0.35214099287986755,
                    -1.4195843935012817
                ],
                [
                    0.0,
                    0.3548605144023895,
                    0.9348798990249634,
                    3.7687771320343018
                ],
                [
                    0.0,
                    0.0,
                    0.0,
                    1.0
                ]
            ]
        },
        {
            "file_path": "./train/r_44",
            "rotation": 0.06283185307179587,
            "transform_matrix": [
