{
    "camera_angle_x": 0.6911112070083618,
    "frames": [
        {
            "file_path": "./train/r_0",
            "rotation": 0.06283185307179587,
            "transform_matrix": [
                [
                    -0.8360700607299805,
                    -0.5304937958717346,
                    0.13963809609413147,
                    0.5629224181175232
                ],
                [
                    0.5485444664955139,
                    -0.8085578083992004,
                    0.21283091604709625,
                    0.8579842448234558
                ],
                [
                    0.0,
                    0.2545592188835144,
                    0.9670169353485107,
                    3.8983306884765625
                ],
                [
                    0.0,
                    0.0,
                    0.0,
                    1.0
                ]
            ]
        },
        {
            "file_path": "./train/r_1",
            "rotation": 0.06283185307179587,
            "transform_matrix": [
                [
                    -0.41110238432884216,
                    0.2941611409187317,
                    -0.8627787232398987,
                    -3.478116035461426
                ],
                [
                    -0.9115420579910278,
                    -0.13266567885875702,
                    0.3891102969646454,
                    1.5686185359954834
                ],
                [
                    -7.450261296781946e-09,
                    0.9464982151985168,
                    0.32268157601356506,
                    1.300824761390686
                ],
                [
                    0.0,
                    0.0,
                    0.0,
                    1.0
                ]
            ]
        },
        {
            "file_path": "./train/r_2",
            "rotation": 0.06283185307179587,
            "transform_matrix": [
                [
                    0.8115565180778503,
                    0.09372333437204361,
                    -0.5766350626945496,
                    -2.3245861530303955
                ],
                [
                    -0.5842005014419556,
                    0.13019806146621704,
                    -0.8010467290878296,
                    -3.2292556762695312
                ],
                [
                    -7.450260852692736e-09,
                    0.9870431423187256,
                    0.160417377948761,
                    0.6466898322105408
                ],
                [
                    0.0,
                    0.0,
                    0.0,
                    1.0
                ]
            ]
        },
        {
            "file_path": "./train/r_3",
            "rotation": 0.06283185307179587,
            "transform_matrix": [
                [
                    -0.27577751874923706,
                    0.16549961268901825,
                    -0.9468240737915039,
                    -3.816927433013916
                ],
                [
                    -0.9611769318580627,
                    -0.04748457297682762,
                    0.2716594338417053,
                    1.095139503479004
                ],
                [
                    -3.725130426346368e-09,
                    0.98506098985672,
                    0.1721707284450531,
                    0.6940710544586182
                ],
                [
                    0.0,
                    0.0,
                    0.0,
                    1.0
                ]
            ]
        },
        {
            "file_path": "./train/r_4",
            "rotation": 0.06283185307179587,
            "transform_matrix": [
                [
                    0.7268259525299072,
                    -0.4905516505241394,
                    0.48064154386520386,
                    1.9376078844070435
                ],
                [
                    0.6867591738700867,
                    0.5191712975502014,
                    -0.5086830854415894,
                    -2.050651788711548
                ],
                [
                    1.4900520817207052e-08,
                    0.6998645067214966,
                    0.7142427563667297,
                    2.8793232440948486
                ],
                [
                    0.0,
                    0.0,
                    0.0,
                    1.0
                ]
            ]
        },
        {
            "file_path": "./train/r_5",
            "rotation": 0.06283185307179587,
            "transform_matrix": [
                [
                    0.17347821593284607,
                    -0.29100143909454346,
                    0.9408224821090698,
                    3.7927334308624268
                ],
                [
                    0.9847941994667053,
                    0.051261890679597855,
                    -0.16573230922222137,
                    -0.6681158542633057
                ],
                [
                    0.0,
                    0.9553431272506714,
                    0.2954712510108948,
                    1.1911319494247437
                ],
                [
                    0.0,
                    0.0,
                    0.0,
                    1.0
                ]
            ]
        },
        {
            "file_path": "./train/r_6",
            "rotation": 0.06283185307179587,
            "transform_matrix": [
                [
                    0.8162885308265686,
                    -0.2661096453666687,
                    0.51261967420578,
                    2.066521406173706
                ],
                [
                    0.5775699615478516,
                    0.3760969042778015,
                    -0.7244933843612671,
                    -2.9206466674804688
                ],
                [
                    -1.4900522593563892e-08,
                    0.8875396251678467,
                    0.46070361137390137,
                    1.8572323322296143
                ],
                [
                    0.0,
                    0.0,
                    0.0,
                    1.0
                ]
            ]
        },
        {
            "file_path": "./train/r_7",
            "rotation": 0.06283185307179587,
            "transform_matrix": [
                [
                    -0.42079243063926697,
                    0.4763603210449219,
                    -0.7719765305519104,
                    -3.112065553665161
                ],
                [
                    -0.9071094989776611,
                    -0.2209753394126892,
                    0.3581066131591797,
                    1.4436335563659668
                ],
                [
                    0.0,
                    0.8510233163833618,
                    0.5250992774963379,
                    2.116830348968506
                ],
                [
                    0.0,
                    0.0,
                    0.0,
                    1.0
                ]
            ]
        },
        {
            "file_path": "./train/r_8",
            "rotation": 0.06283185307179587,
            "transform_matrix": [
                [
                    0.1703263819217682,
                    -0.24427096545696259,
                    0.9545901417732239,
                    3.8482346534729004
                ],
                [
                    0.9853441715240479,
                    0.04222463071346283,
                    -0.1650102585554123,
                    -0.6652050614356995
                ],
                [
                    -3.725130426346368e-09,
                    0.9687821269035339,
                    0.2478845864534378,
                    0.9992959499359131
                ],
                [
                    0.0,
                    0.0,
                    0.0,
                    1.0
                ]
            ]
        },
        {
            "file_path": "./train/r_9",
            "rotation": 0.06283185307179587,
            "transform_matrix": [
                [
                    0.6888854503631592,
                    0.19173063337802887,
                    -0.6989955306053162,
                    -2.817857503890991
                ],
                [
                    -0.7248109579086304,
                    0.18222740292549133,
                    -0.6643494963645935,
                    -2.6781890392303467
                ],
                [
                    0.0,
                    0.9643765091896057,
                    0.264504075050354,
                    1.0662940740585327
                ],
                [
                    0.0,
                    0.0,
                    0.0,
                    1.0
                ]
            ]
        },
        {
            "file_path": "./train/r_10",
            "rotation": 0.06283185307179587,
            "transform_matrix": [
                [
                    -0.9157638549804688,
                    0.397966206073761,
                    -0.05409029871225357,
                    -0.21805398166179657
                ],
                [
                    -0.401610404253006,
                    -0.9074543118476868,
                    0.12333828955888748,
                    0.49721309542655945
                ],
                [
                    0.0,
                    0.13468267023563385,
                    0.9908477067947388,
                    3.9944000244140625
                ],
                [
                    0.0,
                    0.0,
                    0.0,
                    1.0
                ]
            ]
        },
        {
            "file_path": "./train/r_11",
            "rotation": 0.06283185307179587,
            "transform_matrix": [
                [
                    0.8820589184761047,
                    0.06899312883615494,
                    -0.4659689962863922,
                    -1.878458857536316
                ],
                [
                    -0.47104787826538086,
                    0.12919284403324127,
                    -0.8725484609603882,
                    -3.517500877380371
                ],
                [
                    1.1175390390860684e-08,
                    0.98921138048172,
                    0.14645572006702423,
                    0.5904063582420349
                ],
                [
                    0.0,
                    0.0,
                    0.0,
                    1.0
                ]
            ]
        },
        {
            "file_path": "./train/r_12",
            "rotation": 0.06283185307179587,
            "transform_matrix": [
                [
                    -0.6073552370071411,
                    -0.4934552013874054,
                    0.6225395202636719,
                    2.509640693664551
                ],
                [
                    0.7943764925003052,
                    -0.3772803544998169,
                    0.4759741425514221,
                    1.918792486190796
                ],
                [
                    0.0,
                    0.7836780548095703,
                    0.621136486530304,
                    2.5039846897125244
                ],
                [
                    0.0,
                    0.0,
                    0.0,
                    1.0
                ]
            ]
        },
        {
            "file_path": "./train/r_13",
            "rotation": 0.06283185307179587,
            "transform_matrix": [
                [
                    0.777264416217804,
                    0.15184515714645386,
                    -0.6105082035064697,
                    -2.461138963699341
                ],
                [
                    -0.6291059851646423,
                    0.18760564923286438,
                    -0.7542867064476013,
                    -3.040752649307251
                ],
                [
                    0.0,
                    0.9704313278198242,
                    0.2413475215435028,
                    0.9729431867599487
                ],
                [
                    0.0,
                    0.0,
                    0.0,
                    1.0
                ]
            ]
        },
        {
            "file_path": "./train/r_14",
            "rotation": 0.06283185307179587,
            "transform_matrix": [
                [
                    -0.7790327072143555,
                    0.36347058415412903,
                    -0.5108054280281067,
                    -2.0592074394226074
                ],
                [
                    -0.6269147992134094,
                    -0.4516650140285492,
                    0.6347499489784241,
                    2.5588643550872803
                ],
                [
                    0.0,
                    0.8147868514060974,
                    0.5797308683395386,
                    2.337066173553467
                ],
                [
                    0.0,
                    0.0,
                    0.0,
                    1.0
                ]
            ]
        },
        {
            "file_path": "./train/r_15",
            "rotation": 0.06283185307179587,
            "transform_matrix": [
                [
                    -0.18627631664276123,
                    -0.18898767232894897,
                    0.9641082286834717,
                    3.8866050243377686
                ],
                [
                    0.9824537038803101,
                    -0.03583265841007233,
                    0.18279795348644257,
                    0.7369125485420227
                ],
                [
                    -3.725130204301763e-09,
                    0.9813203811645508,
                    0.1923477053642273,
                    0.7754104137420654
                ],
                [
                    0.0,
                    0.0,
                    0.0,
                    1.0
                ]
            ]
        },
        {
            "file_path": "./train/r_16",
            "rotation": 0.06283185307179587,
            "transform_matrix": [
                [
                    0.12972506880760193,
                    0.16549009084701538,
                    -0.9776009917259216,
                    -3.9409985542297363
                ],
                [
                    -0.9915067553520203,
                    0.021652109920978546,
                    -0.1279056966304779,
                    -0.5156256556510925
                ],
                [
                    0.0,
                    0.9859686493873596,
                    0.16689446568489075,
                    0.6728008985519409
                ],
                [
                    0.0,
                    0.0,
                    0.0,
                    1.0
                ]
            ]
        },
        {
            "file_path": "./train/r_17",
            "rotation": 0.06283185307179587,
            "transform_matrix": [
                [
                    -0.9929589033126831,
                    0.08660273253917694,
                    -0.08029574900865555,
                    -0.3236958682537079
                ],
                [
                    -0.11809679120779037,
                    -0.728156566619873,
                    0.675127387046814,
                    2.7216379642486572
                ],
                [
                    0.0,
                    0.6799103021621704,
                    0.7332618832588196,
                    2.9559953212738037
                ],
                [
                    0.0,
                    0.0,
                    0.0,
                    1.0
                ]
            ]
        },
        {
            "file_path": "./train/r_18",
            "rotation": 0.06283185307179587,
            "transform_matrix": [
                [
                    -0.9176174998283386,
                    -0.0536985844373703,
                    0.39371243119239807,
                    1.5871710777282715
                ],
                [
                    0.39735665917396545,
                    -0.12400639802217484,
                    0.909201979637146,
                    3.6652615070343018
                ],
                [
                    3.725130426346368e-09,
                    0.9908223748207092,
                    0.13512882590293884,
                    0.5447441935539246
                ],
                [
                    0.0,
                    0.0,
                    0.0,
                    1.0
                ]
            ]
        },
        {
            "file_path": "./train/r_19",
            "rotation": 0.06283185307179587,
            "transform_matrix": [
                [
                    0.6591550707817078,
                    -0.3714057207107544,
                    0.6538336277008057,
                    2.635796546936035
                ],
                [
                    0.7519499659538269,
                    0.32557213306427,
                    -0.5731468200683594,
                    -2.3105242252349854
                ],
                [
                    0.0,
                    0.869511604309082,
                    0.4938843250274658,
                    1.9909937381744385
                ],
                [
                    0.0,
                    0.0,
                    0.0,
                    1.0
                ]
            ]
        },
        {
            "file_path": "./train/r_20",
            "rotation": 0.06283185307179587,
            "transform_matrix": [
                [
                    0.92374187707901,
                    0.1014203131198883,
                    -0.36922940611839294,
                    -1.4884727001190186
                ],
                [
                    -0.3829036355018616,
                    0.24467302858829498,
                    -0.8907532095909119,
                    -3.5908889770507812
                ],
                [
                    7.450260852692736e-09,
                    0.9642815589904785,
                    0.2648506760597229,
                    1.0676913261413574
                ],
                [
                    0.0,
                    0.0,
                    0.0,
                    1.0
                ]
            ]
        },
        {
            "file_path": "./train/r_21",
            "rotation": 0.06283185307179587,
            "transform_matrix": [
                [
                    -0.42890769243240356,
                    -0.8448231816291809,
                    0.31981360912323,
                    1.289263129234314
                ],
                [
                    0.9033008813858032,
                    -0.4011411666870117,
                    0.1518547385931015,
                    0.6121712923049927
                ],
                [
                    0.0,
                    0.35404762625694275,
                    0.9351881146430969,
                    3.77001953125
                ],
                [
                    0.0,
                    0.0,
                    0.0,
                    1.0
                ]
            ]
        },
        {
            "file_path": "./train/r_22",
            "rotation": 0.06283185307179587,
            "transform_matrix": [
                [
                    0.8117141723632812,
                    0.4661239683628082,
                    -0.3518233895301819,
                    -1.4183040857315063
                ],
                [
                    -0.5839815735816956,
                    0.6478961706161499,
                    -0.48902231454849243,
                    -1.9713934659957886
                ],
                [
                    1.4900523481742312e-08,
                    0.6024523973464966,
                    0.7981195449829102,
                    3.2174556255340576
                ],
                [
                    0.0,
                    0.0,
                    0.0,
                    1.0
                ]
            ]
        },
        {
            "file_path": "./train/r_23",
            "rotation": 0.06283185307179587,
            "transform_matrix": [
                [
                    -0.17651425302028656,
                    -0.26119306683540344,
                    0.9489695429801941,
                    3.8255763053894043
                ],
                [
                    0.9842545390129089,
                    -0.04684184491634369,
                    0.17018629610538483,
                    0.6860711574554443
                ],
                [
                    0.0,
                    0.964144229888916,
                    0.26535046100616455,
                    1.0697059631347656
                ],
                [
                    0.0,
                    0.0,
                    0.0,
                    1.0
                ]
            ]
        },
        {
            "file_path": "./train/r_24",
            "rotation": 0.06283185307179587,
            "transform_matrix": [
                [
                    -0.5437103509902954,
                    0.17634811997413635,
                    -0.8204870820045471,
                    -3.3076260089874268
                ],
                [
                    -0.8392218351364136,
                    -0.11425144225358963,
                    0.5315726399421692,
                    2.1429262161254883
                ],
                [
                    -7.450261296781946e-09,
                    0.9776696562767029,
                    0.21011628210544586,
                    0.8470407724380493
                ],
                [
                    0.0,
                    0.0,
                    0.0,
                    1.0
                ]
            ]
        },
        {
            "file_path": "./train/r_25",
            "rotation": 0.06283185307179587,
            "transform_matrix": [
                [
                    -0.2745605409145355,
                    0.17404486238956451,
                    -0.9456449747085571,
                    -3.812173843383789
                ],
                [
                    -0.9615251421928406,
                    -0.04969796910881996,
                    0.27002599835395813,
                    1.0885545015335083
                ],
                [
                    3.725130204301763e-09,
                    0.9834777116775513,
                    0.18099483847618103,
                    0.7296436429023743
                ],
                [
                    0.0,
                    0.0,
                    0.0,
                    1.0
                ]
            ]
        },
        {
            "file_path": "./train/r_26",
            "rotation": 0.06283185307179587,
            "transform_matrix": [
                [
                    0.4754655063152313,
                    -0.40442198514938354,
                    0.7812195420265198,
                    3.149326801300049
                ],
                [
                    0.879685640335083,
                    0.2185879945755005,
                    -0.4222450852394104,
                    -1.7021946907043457
                ],
                [
                    0.0,
                    0.8880608677864075,
                    0.45969831943511963,
                    1.853179693222046
                ],
                [
                    0.0,
                    0.0,
                    0.0,
                    1.0
                ]
            ]
        },
        {
            "file_path": "./train/r_27",
            "rotation": 0.06283185307179587,
            "transform_matrix": [
                [
                    -0.5183951258659363,
                    -0.16764949262142181,
                    0.8384979367256165,
                    3.380232810974121
                ],
                [
                    0.8550909757614136,
                    -0.10163677483797073,
                    0.5083356499671936,
                    2.049251079559326
                ],
                [
                    7.450259964514316e-09,
                    0.9805884957313538,
                    0.1960449069738388,
                    0.7903149127960205
                ],
                [
                    0.0,
                    0.0,
                    0.0,
                    1.0
                ]
            ]
        },
        {
            "file_path": "./train/r_28",
            "rotation": 0.06283185307179587,
            "transform_matrix": [
                [
                    -0.9801034927368164,
                    -0.17024005949497223,
                    0.10164554417133331,
                    0.40976324677467346
                ],
                [
                    0.19827069342136383,
                    -0.8415407538414001,
                    0.5024603605270386,
                    2.0255661010742188
                ],
                [
                    -7.450260852692736e-09,
                    0.512657105922699,
                    0.8585565090179443,
                    3.461094856262207
                ],
                [
                    0.0,
                    0.0,
                    0.0,
                    1.0
                ]
            ]
        },
        {
            "file_path": "./train/r_29",
            "rotation": 0.06283185307179587,
            "transform_matrix": [
                [
                    -0.1154501661658287,
                    0.5491345524787903,
                    -0.8276845812797546,
                    -3.3366410732269287
                ],
                [
                    -0.9932699799537659,
                    -0.06382723897695541,
                    0.09620378166437149,
                    0.3878258764743805
                ],
                [
                    0.0,
                    0.8332870006561279,
                    0.5528113842010498,
                    2.228546142578125
                ],
                [
                    0.0,
                    0.0,
                    0.0,
                    1.0
                ]
            ]
        },
        {
            "file_path": "./train/r_30",
            "rotation": 0.06283185307179587,
            "transform_matrix": [
                [
                    -0.4306827187538147,
                    -0.34277644753456116,
                    0.8348304629325867,
                    3.365448474884033
                ],
                [
                    0.9024558663368225,
                    -0.1635846197605133,
                    0.3984096050262451,
                    1.6061067581176758
                ],
                [
                    0.0,
                    0.9250590205192566,
                    0.37979623675346375,
                    1.5310708284378052
                ],
                [
                    0.0,
                    0.0,
                    0.0,
                    1.0
                ]
            ]
        },
        {
            "file_path": "./train/r_31",
            "rotation": 0.06283185307179587,
            "transform_matrix": [
                [
                    0.10284740477800369,
                    -0.9088674783706665,
                    0.40417784452438354,
                    1.6293601989746094
                ],
                [
                    0.9946540594100952,
                    0.09397705644369125,
                    -0.04179205745458603,
                    -0.16847611963748932
                ],
                [
                    0.0,
                    0.4063473641872406,
                    0.9136800169944763,
                    3.6833138465881348
                ],
                [
                    0.0,
                    0.0,
                    0.0,
                    1.0
                ]
            ]
        },
        {
            "file_path": "./train/r_32",
            "rotation": 0.06283185307179587,
            "transform_matrix": [
                [
                    0.9048377871513367,
                    0.24268652498722076,
                    -0.34970125555992126,
                    -1.409749150276184
                ],
                [
                    -0.4256558418273926,
                    0.5158907771110535,
                    -0.7433773279190063,
                    -2.9967737197875977
                ],
                [
                    0.0,
                    0.8215532898902893,
                    0.5701022148132324,
                    2.298250436782837
                ],
                [
                    0.0,
                    0.0,
                    0.0,
                    1.0
                ]
            ]
        },
        {
            "file_path": "./train/r_33",
            "rotation": 0.06283185307179587,
            "transform_matrix": [
                [
                    0.9784932732582092,
                    -0.05867582559585571,
                    0.19754086434841156,
                    0.7963455319404602
                ],
                [
                    0.20607000589370728,
                    0.2786135673522949,
                    -0.9379938840866089,
                    -3.7813303470611572
                ],
                [
                    0.0,
                    0.9586039781570435,
                    0.2847147583961487,
                    1.1477692127227783
                ],
                [
                    0.0,
                    0.0,
                    0.0,
                    1.0
                ]
            ]
        },
        {
            "file_path": "./train/r_34",
            "rotation": 0.06283185307179587,
            "transform_matrix": [
                [
                    -0.27208924293518066,
                    -0.6750598549842834,
                    0.6857199668884277,
                    2.7643396854400635
                ],
                [
                    0.9622274041175842,
                    -0.19088681042194366,
                    0.1939011514186859,
                    0.7816728353500366
                ],
                [
                    1.4900521705385472e-08,
                    0.7126333117485046,
                    0.7015040516853333,
                    2.827970027923584
                ],
                [
                    0.0,
                    0.0,
                    0.0,
                    1.0
                ]
            ]
        },
        {
            "file_path": "./train/r_35",
            "rotation": 0.06283185307179587,
            "transform_matrix": [
                [
                    0.9146281480789185,
                    0.2939005196094513,
                    -0.2774866223335266,
                    -1.1186306476593018
                ],
                [
                    -0.4041900336742401,
                    0.6650576591491699,
                    -0.6279152631759644,
                    -2.5313119888305664
                ],
                [
                    0.0,
                    0.6865205764770508,
                    0.7270770072937012,
                    2.9310622215270996
                ],
                [
                    0.0,
                    0.0,
                    0.0,
                    1.0
                ]
            ]
        },
        {
            "file_path": "./train/r_36",
            "rotation": 0.06283185307179587,
            "transform_matrix": [
                [
                    -0.9990932941436768,
                    -0.040917567908763885,
                    0.007250126916915178,
                    0.029227403923869133
                ],
                [
                    0.041553396731615067,
                    -0.9838057160377502,
                    0.17431917786598206,
                    0.7027320861816406
                ],
                [
                    -4.656413310488716e-10,
                    0.17447610199451447,
                    0.9846205115318298,
                    3.9692962169647217
                ],
                [
                    0.0,
                    0.0,
                    0.0,
                    1.0
                ]
            ]
        },
        {
            "file_path": "./train/r_37",
            "rotation": 0.06283185307179587,
            "transform_matrix": [
                [
                    0.5329861044883728,
                    -0.594151496887207,
                    0.6023719310760498,
                    2.4283390045166016
                ],
                [
                    0.8460732698440552,
                    0.37428730726242065,
                    -0.3794657588005066,
                    -1.5297385454177856
                ],
                [
                    0.0,
                    0.7119570970535278,
                    0.7021902799606323,
                    2.8307366371154785
                ],
                [
                    0.0,
                    0.0,
                    0.0,
                    1.0
                ]
            ]
        },
        {
            "file_path": "./train/r_38",
            "rotation": 0.06283185307179587,
            "transform_matrix": [
                [
                    -0.9999526143074036,
                    -0.0008107206085696816,
                    0.002886360278353095,
                    0.011635771952569485
                ],
                [
                    0.002998044015839696,
                    -0.2704036831855774,
                    0.9627021551132202,
                    3.880937099456787
                ],
                [
                    0.0,
                    0.9627414345741272,
                    0.27039510011672974,
                    1.0900425910949707
                ],
                [
                    0.0,
                    0.0,
                    0.0,
                    1.0
                ]
            ]
        },
        {
            "file_path": "./train/r_39",
            "rotation": 0.06283185307179587,
            "transform_matrix": [
                [
                    0.9287168979644775,
                    0.16064998507499695,
                    -0.3340553939342499,
                    -1.346675992012024
                ],
                [
                    -0.3706738352775574,
                    0.4025057554244995,
                    -0.8369699716567993,
                    -3.3740732669830322
                ],
                [
                    1.4900521705385472e-08,
                    0.9012051224708557,
                    0.43336549401283264,
                    1.747024416923523
                ],
                [
                    0.0,
                    0.0,
                    0.0,
                    1.0
                ]
            ]
        },
        {
            "file_path": "./train/r_40",
            "rotation": 0.06283185307179587,
            "transform_matrix": [
                [
                    0.7735713124275208,
                    0.2089398354291916,
                    -0.5982058644294739,
                    -2.4115447998046875
                ],
                [
                    -0.6336416602134705,
                    0.25508084893226624,
                    -0.7303101420402527,
                    -2.9440958499908447
                ],
                [
                    -1.4900523481742312e-08,
                    0.9440698623657227,
                    0.32971838116645813,
                    1.3291921615600586
                ],
                [
                    0.0,
                    0.0,
                    0.0,
                    1.0
                ]
            ]
        },
        {
            "file_path": "./train/r_41",
            "rotation": 0.06283185307179587,
            "transform_matrix": [
                [
                    -0.40112948417663574,
                    0.47181132435798645,
                    -0.7851255536079407,
                    -3.1650731563568115
                ],
                [
                    -0.9159745573997498,
                    -0.20661865174770355,
                    0.3438272178173065,
                    1.3860691785812378
                ],
                [
                    -1.4900523481742312e-08,
                    0.8571420907974243,
                    0.5150514841079712,
                    2.076324701309204
                ],
                [
                    0.0,
                    0.0,
                    0.0,
                    1.0
                ]
            ]
        },
        {
            "file_path": "./train/r_42",
            "rotation": 0.06283185307179587,
            "transform_matrix": [
                [
                    -0.8410801887512207,
                    -0.2951648235321045,
                    0.4531923234462738,
                    1.8269520998001099
                ],
                [
                    0.5408310294151306,
                    -0.45902925729751587,
                    0.7047877311706543,
                    2.841207504272461
                ],
                [
                    -1.4900519040850213e-08,
                    0.8379498720169067,
                    0.5457183122634888,
                    2.199951648712158
                ],
                [
                    0.0,
                    0.0,
                    0.0,
                    1.0
                ]
            ]
        },
        {
            "file_path": "./train/r_43",
            "rotation": 0.06283185307179587,
            "transform_matrix": [
                [
                    -0.45248547196388245,
                    0.3512425422668457,
                    -0.8196409344673157,
                    -3.3042147159576416
                ],
                [
                    -0.8917236924171448,
                    -0.17823027074337006,
                    0.41590869426727295,
                    1.6766507625579834
                ],
                [
                    -1.4900521705385472e-08,
                    0.9191585779190063,
                    0.39386051893234253,
                    1.5877680778503418
                ],
                [
                    0.0,
                    0.0,
                    0.0,
                    1.0
                ]
            ]
        },
