{
    "camera_angle_x": 0.6911112070083618,
    "frames": [
        {
            "file_path": "./train/r_0",
            "rotation": 0.06283185307179587,
            "transform_matrix": [
                [
                    0.8220502734184265,
                    0.18338723480701447,
                    -0.538999080657959,
                    -2.1728646755218506
                ],
                [
                    -0.569339394569397,
                    0.2647867202758789,
                    -0.7782428860664368,
                    -3.137326955795288
                ],
                [
                    0.0,
                    0.946703314781189,
                    0.32207971811294556,
                    1.298398494720459
                ],
                [
                    0.0,
                    0.0,
                    0.0,
                    1.0
                ]
            ]
        },
        {
            "file_path": "./train/r_1",
            "rotation": 0.06283185307179587,
            "transform_matrix": [
                [
                    0.6292448043823242,
                    0.24485833942890167,
                    -0.7375743985176086,
                    -2.9733800888061523
                ],
                [
                    -0.7771520614624023,
                    0.19825701415538788,
                    -0.597199559211731,
                    -2.407487630844116
                ],
                [
                    0.0,
                    0.9490670561790466,
                    0.31504642963409424,
                    1.2700451612472534
                ],
                [
                    0.0,
                    0.0,
                    0.0,
                    1.0
                ]
            ]
        },
        {
            "file_path": "./train/r_2",
            "rotation": 0.06283185307179587,
            "transform_matrix": [
                [
                    -0.9494785666465759,
                    0.23850660026073456,
                    -0.20377323031425476,
                    -0.8214701414108276
                ],
                [
                    -0.31369486451148987,
                    -0.7219018340110779,
                    0.6167723536491394,
                    2.48639178276062
                ],
                [
                    0.0,
                    0.6495863199234009,
                    0.7602535486221313,
                    3.0648069381713867
                ],
                [
                    0.0,
                    0.0,
                    0.0,
                    1.0
                ]
            ]
        },
        {
            "file_path": "./train/r_3",
            "rotation": 0.06283185307179587,
            "transform_matrix": [
                [
                    0.8275948762893677,
                    -0.5011361837387085,
                    0.2527502179145813,
                    1.0189108848571777
                ],
                [
                    0.5612493753433228,
                    0.738954484462738,
                    -0.37269487977027893,
                    -1.5024431943893433
                ],
                [
                    -1.4900522593563892e-08,
                    0.45033198595046997,
                    0.8928230404853821,
                    3.599233865737915
                ],
                [
                    0.0,
                    0.0,
                    0.0,
                    1.0
                ]
            ]
        },
        {
            "file_path": "./train/r_4",
            "rotation": 0.06283185307179587,
            "transform_matrix": [
                [
                    0.30983057618141174,
                    0.13522307574748993,
                    -0.9410834908485413,
                    -3.793785572052002
                ],
                [
                    -0.9507466554641724,
                    0.04406667500734329,
                    -0.3066815435886383,
                    -1.2363239526748657
                ],
                [
                    0.0,
                    0.9898297190666199,
                    0.1422170251607895,
                    0.5733188390731812
                ],
                [
                    0.0,
                    0.0,
                    0.0,
                    1.0
                ]
            ]
        },
        {
            "file_path": "./train/r_5",
            "rotation": 0.06283185307179587,
            "transform_matrix": [
                [
                    0.8649593591690063,
                    -0.1672053039073944,
                    0.4730798304080963,
                    1.907124400138855
                ],
                [
                    0.5017561316490173,
                    0.2882392406463623,
                    -0.8155253529548645,
                    -3.287623167037964
                ],
                [
                    -1.4900519040850213e-08,
                    0.9428417086601257,
                    0.333213746547699,
                    1.34328293800354
                ],
                [
                    0.0,
                    0.0,
                    0.0,
                    1.0
                ]
            ]
        },
        {
            "file_path": "./train/r_6",
            "rotation": 0.06283185307179587,
            "transform_matrix": [
                [
                    0.6903141736984253,
                    -0.3916151225566864,
                    0.6083017587661743,
                    2.4522440433502197
                ],
                [
                    0.7234504818916321,
                    0.3736778795719147,
                    -0.580439567565918,
                    -2.33992338180542
                ],
                [
                    0.0,
                    0.8408284187316895,
                    0.541272759437561,
                    2.182030439376831
                ],
                [
                    0.0,
                    0.0,
                    0.0,
                    1.0
                ]
            ]
        },
        {
            "file_path": "./train/r_7",
            "rotation": 0.06283185307179587,
            "transform_matrix": [
                [
                    0.485822856426239,
                    0.5227193832397461,
                    -0.7004834413528442,
                    -2.8238556385040283
                ],
                [
                    -0.8740082383155823,
                    0.29055681824684143,
                    -0.3893680274486542,
                    -1.569657564163208
                ],
                [
                    1.4900521705385472e-08,
                    0.8014556765556335,
                    0.5980241298675537,
                    2.4108119010925293
                ],
                [
                    0.0,
                    0.0,
                    0.0,
                    1.0
                ]
            ]
        },
        {
            "file_path": "./train/r_8",
            "rotation": 0.06283185307179587,
            "transform_matrix": [
                [
                    0.878068208694458,
                    0.23714573681354523,
                    -0.4155445098876953,
                    -1.675182580947876
                ],
                [
                    -0.47844594717025757,
                    0.4352218508720398,
                    -0.7626282572746277,
                    -3.0743796825408936
                ],
                [
                    0.0,
                    0.8685238361358643,
                    0.49561917781829834,
                    1.9979872703552246
                ],
                [
                    0.0,
                    0.0,
                    0.0,
                    1.0
                ]
            ]
        },
        {
            "file_path": "./train/r_9",
            "rotation": 0.06283185307179587,
            "transform_matrix": [
                [
                    -0.08638151735067368,
                    -0.7536472678184509,
                    0.6515463590621948,
                    2.6265757083892822
                ],
                [
                    0.9962190985679626,
                    -0.06534827500581741,
                    0.056495167315006256,
                    0.22774870693683624
                ],
                [
                    3.725130426346368e-09,
                    0.6540148258209229,
                    0.7564477324485779,
                    3.049463987350464
                ],
                [
                    0.0,
                    0.0,
                    0.0,
                    1.0
                ]
            ]
        },
        {
            "file_path": "./train/r_10",
            "rotation": 0.06283185307179587,
            "transform_matrix": [
                [
                    0.3126044273376465,
                    0.6629128456115723,
                    -0.6802749633789062,
                    -2.74238920211792
                ],
                [
                    -0.9498382806777954,
                    0.21817348897457123,
                    -0.22388754785060883,
                    -0.9025568962097168
                ],
                [
                    1.4900522593563892e-08,
                    0.7161961197853088,
                    0.6978665590286255,
                    2.8133063316345215
                ],
                [
                    0.0,
                    0.0,
                    0.0,
                    1.0
                ]
            ]
        },
        {
            "file_path": "./train/r_11",
            "rotation": 0.06283185307179587,
            "transform_matrix": [
                [
                    0.7920113801956177,
                    -0.5708411335945129,
                    0.21632739901542664,
                    0.8720796704292297
                ],
                [
                    0.6104361414909363,
                    0.7406386137008667,
                    -0.2806743085384369,
                    -1.1314810514450073
                ],
                [
                    1.4900523481742312e-08,
                    0.35437944531440735,
                    0.9350624084472656,
                    3.769512891769409
                ],
                [
                    0.0,
                    0.0,
                    0.0,
                    1.0
                ]
            ]
        },
        {
            "file_path": "./train/r_12",
            "rotation": 0.06283185307179587,
            "transform_matrix": [
                [
                    -0.9780612587928772,
                    0.15089671313762665,
                    -0.1433255672454834,
                    -0.5777876973152161
                ],
                [
                    -0.20811112225055695,
                    -0.7091702818870544,
                    0.6735880970954895,
                    2.715432643890381
                ],
                [
                    7.450260408603526e-09,
                    0.6886927485466003,
                    0.7250201106071472,
                    2.9227702617645264
                ],
                [
                    0.0,
                    0.0,
                    0.0,
                    1.0
                ]
            ]
        },
        {
            "file_path": "./train/r_13",
            "rotation": 0.06283185307179587,
            "transform_matrix": [
                [
                    -0.19673490524291992,
                    -0.4315028488636017,
                    0.8803587555885315,
                    3.548985719680786
                ],
                [
                    0.9804128408432007,
                    -0.08658767491579056,
                    0.1766575127840042,
                    0.7121585607528687
                ],
                [
                    0.0,
                    0.8979408740997314,
                    0.44008877873420715,
                    1.774127721786499
                ],
                [
                    0.0,
                    0.0,
                    0.0,
                    1.0
                ]
            ]
        },
        {
            "file_path": "./train/r_14",
            "rotation": 0.06283185307179587,
            "transform_matrix": [
                [
                    -0.9263486862182617,
                    -0.37546464800834656,
                    0.028795486316084862,
                    0.11608311533927917
                ],
                [
                    0.3765529692173004,
                    -0.9236712455749512,
                    0.070839062333107,
                    0.28557318449020386
                ],
                [
                    0.0,
                    0.07647044211626053,
                    0.9970305562019348,
                    4.019324779510498
                ],
                [
                    0.0,
                    0.0,
                    0.0,
                    1.0
                ]
            ]
        },
        {
            "file_path": "./train/r_15",
            "rotation": 0.06283185307179587,
            "transform_matrix": [
                [
                    -0.8141143918037415,
                    0.286293625831604,
                    -0.5051486492156982,
                    -2.0364034175872803
                ],
                [
                    -0.5806309580802917,
                    -0.40141811966896057,
                    0.7082791328430176,
                    2.8552825450897217
                ],
                [
                    -1.4900524369920731e-08,
                    0.8699938058853149,
                    0.4930344223976135,
                    1.98756742477417
                ],
                [
                    0.0,
                    0.0,
                    0.0,
                    1.0
                ]
            ]
        },
        {
            "file_path": "./train/r_16",
            "rotation": 0.06283185307179587,
            "transform_matrix": [
                [
                    -0.43942198157310486,
                    -0.262519508600235,
                    0.8590189814567566,
                    3.4629592895507812
                ],
                [
                    0.8982329964637756,
                    -0.1284264177083969,
                    0.420238196849823,
                    1.6941043138504028
                ],
                [
                    7.450261296781946e-09,
                    0.9563368558883667,
                    0.2922389805316925,
                    1.178101658821106
                ],
                [
                    0.0,
                    0.0,
                    0.0,
                    1.0
                ]
            ]
        },
        {
            "file_path": "./train/r_17",
            "rotation": 0.06283185307179587,
            "transform_matrix": [
                [
                    0.6326944828033447,
                    -0.37849271297454834,
                    0.6755496859550476,
                    2.7233402729034424
                ],
                [
                    0.7743459939956665,
                    0.30925488471984863,
                    -0.5519710183143616,
                    -2.225158452987671
                ],
                [
                    0.0,
                    0.8724073767662048,
                    0.48875150084495544,
                    1.970301628112793
                ],
                [
                    0.0,
                    0.0,
                    0.0,
                    1.0
                ]
            ]
        },
        {
            "file_path": "./train/r_18",
            "rotation": 0.06283185307179587,
            "transform_matrix": [
                [
                    0.7053495049476624,
                    0.15262725949287415,
                    -0.6921738386154175,
                    -2.7903571128845215
                ],
                [
                    -0.7087992429733276,
                    0.15188442170619965,
                    -0.6888049840927124,
                    -2.7767763137817383
                ],
                [
                    7.450261740871156e-09,
                    0.9765377640724182,
                    0.2153151035308838,
                    0.8679987192153931
                ],
                [
                    0.0,
                    0.0,
                    0.0,
                    1.0
                ]
            ]
        },
        {
            "file_path": "./train/r_19",
            "rotation": 0.06283185307179587,
            "transform_matrix": [
                [
                    0.9999569654464722,
                    -0.00025199330411851406,
                    0.0003218011115677655,
                    0.0012972754193469882
                ],
                [
                    0.0004087192937731743,
                    0.616517186164856,
                    -0.7873063087463379,
                    -3.1738643646240234
                ],
                [
                    -1.4551291595277238e-11,
                    0.7873349785804749,
                    0.6164949536323547,
                    2.4852733612060547
                ],
                [
                    0.0,
                    0.0,
                    0.0,
                    1.0
                ]
            ]
        },
        {
            "file_path": "./train/r_20",
            "rotation": 0.06283185307179587,
            "transform_matrix": [
                [
                    -0.9981863498687744,
                    0.03835121542215347,
                    -0.04546824470162392,
                    -0.18329590559005737
                ],
                [
                    -0.059481583535671234,
                    -0.6435884833335876,
                    0.7630224227905273,
                    3.0759687423706055
                ],
                [
                    -1.8625651021508816e-09,
                    0.7644037008285522,
                    0.6447067856788635,
                    2.599003314971924
                ],
                [
                    0.0,
                    0.0,
                    0.0,
                    1.0
                ]
            ]
        },
        {
            "file_path": "./train/r_21",
            "rotation": 0.06283185307179587,
            "transform_matrix": [
                [
                    -0.914946436882019,
                    0.0699574276804924,
                    -0.39735865592956543,
                    -1.6018702983856201
                ],
                [
                    -0.4034687876701355,
                    -0.15864251554012299,
                    0.9010905027389526,
                    3.6325621604919434
                ],
                [
                    0.0,
                    0.9848493933677673,
                    0.173376202583313,
                    0.6989307403564453
                ],
                [
                    0.0,
                    0.0,
                    0.0,
                    1.0
                ]
            ]
        },
        {
            "file_path": "./train/r_22",
            "rotation": 0.06283185307179587,
            "transform_matrix": [
                [
                    0.5851367115974426,
                    -0.5100476741790771,
                    0.6303979158401489,
                    2.541320562362671
                ],
                [
                    0.8108817934989929,
                    0.3680531978607178,
                    -0.4548986554145813,
                    -1.8338309526443481
                ],
                [
                    1.4900522593563892e-08,
                    0.777417778968811,
                    0.628953754901886,
                    2.53549861907959
                ],
                [
                    0.0,
                    0.0,
                    0.0,
                    1.0
                ]
            ]
        },
        {
            "file_path": "./train/r_23",
            "rotation": 0.06283185307179587,
            "transform_matrix": [
                [
                    -0.9023792743682861,
                    0.24208775162696838,
                    -0.3564041554927826,
                    -1.4367704391479492
                ],
                [
                    -0.4308428168296814,
                    -0.5070410370826721,
                    0.7464712262153625,
                    3.0092458724975586
                ],
                [
                    0.0,
                    0.8272199630737305,
                    0.5618489384651184,
                    2.2649788856506348
                ],
                [
                    0.0,
                    0.0,
                    0.0,
                    1.0
                ]
            ]
        },
        {
            "file_path": "./train/r_24",
            "rotation": 0.06283185307179587,
            "transform_matrix": [
                [
                    0.9331586956977844,
                    -0.12419461458921432,
                    0.3372035324573517,
                    1.3593670129776
                ],
                [
                    0.3593452274799347,
                    0.3225123882293701,
                    -0.8756604790687561,
                    -3.530046224594116
                ],
                [
                    7.450260852692736e-09,
                    0.9383770227432251,
                    0.34558624029159546,
                    1.3931602239608765
                ],
                [
                    0.0,
                    0.0,
                    0.0,
                    1.0
                ]
            ]
        },
        {
            "file_path": "./train/r_25",
            "rotation": 0.06283185307179587,
            "transform_matrix": [
                [
                    -0.9533932209014893,
                    0.15232735872268677,
                    -0.2602955996990204,
                    -1.0493282079696655
                ],
                [
                    -0.30158814787864685,
                    -0.4815436899662018,
                    0.8228574395179749,
                    3.317180871963501
                ],
                [
                    0.0,
                    0.8630770444869995,
                    0.5050440430641174,
                    2.0359814167022705
                ],
                [
                    0.0,
                    0.0,
                    0.0,
                    1.0
                ]
            ]
        },
        {
            "file_path": "./train/r_26",
            "rotation": 0.06283185307179587,
            "transform_matrix": [
                [
                    -0.9339737296104431,
                    0.2059016227722168,
                    -0.2919166088104248,
                    -1.1768020391464233
                ],
                [
                    -0.3572216331958771,
                    -0.5383400321006775,
                    0.7632305026054382,
                    3.0768072605133057
                ],
                [
                    0.0,
                    0.8171808123588562,
                    0.5763518214225769,
                    2.323444128036499
                ],
                [
                    0.0,
                    0.0,
                    0.0,
                    1.0
                ]
            ]
        },
        {
            "file_path": "./train/r_27",
            "rotation": 0.06283185307179587,
            "transform_matrix": [
                [
                    -0.9385730028152466,
                    0.054939936846494675,
                    -0.3405540883541107,
                    -1.372874140739441
                ],
                [
                    -0.34495633840560913,
                    -0.1494830846786499,
                    0.926595151424408,
                    3.7353787422180176
                ],
                [
                    0.0,
                    0.9872317910194397,
                    0.15925371646881104,
                    0.6419987678527832
                ],
                [
                    0.0,
                    0.0,
                    0.0,
                    1.0
                ]
            ]
        },
        {
            "file_path": "./train/r_28",
            "rotation": 0.06283185307179587,
            "transform_matrix": [
                [
                    0.9979829788208008,
                    0.01913059875369072,
                    -0.05981718748807907,
                    -0.24114075303077698
                ],
                [
                    -0.06280156224966049,
                    0.30400538444519043,
                    -0.9505581259727478,
                    -3.8319807052612305
                ],
                [
                    1.8625651021508816e-09,
                    0.9524729251861572,
                    0.3045956790447235,
                    1.2279151678085327
                ],
                [
                    0.0,
                    0.0,
                    0.0,
                    1.0
                ]
            ]
        },
        {
            "file_path": "./train/r_29",
            "rotation": 0.06283185307179587,
            "transform_matrix": [
                [
                    -0.9616150259971619,
                    0.22805404663085938,
                    -0.152335062623024,
                    -0.614107608795166
                ],
                [
                    -0.2742455303668976,
                    -0.7996492385864258,
                    0.5341479778289795,
                    2.153308391571045
                ],
                [
                    0.0,
                    0.5554659962654114,
                    0.8315030336380005,
                    3.352034330368042
                ],
                [
                    0.0,
                    0.0,
                    0.0,
                    1.0
                ]
            ]
        },
        {
            "file_path": "./train/r_30",
            "rotation": 0.06283185307179587,
            "transform_matrix": [
                [
                    0.9483756422996521,
                    -0.0642281174659729,
                    0.31044018268585205,
                    1.2514760494232178
                ],
                [
                    0.3170137405395508,
                    0.19214428961277008,
                    -0.9287101626396179,
                    -3.7439050674438477
                ],
                [
                    -3.725130204301763e-09,
                    0.9792575240135193,
                    0.20258751511573792,
                    0.8166901469230652
                ],
                [
                    0.0,
                    0.0,
                    0.0,
                    1.0
                ]
            ]
        },
        {
            "file_path": "./train/r_31",
            "rotation": 0.06283185307179587,
            "transform_matrix": [
                [
                    0.10924908518791199,
                    -0.7981702089309692,
                    0.5924123525619507,
                    2.3881888389587402
                ],
                [
                    0.9939712882041931,
                    0.08772824704647064,
                    -0.06511305272579193,
                    -0.2624898850917816
                ],
                [
                    0.0,
                    0.5960014462471008,
                    0.802947998046875,
                    3.236920118331909
                ],
                [
                    0.0,
                    0.0,
                    0.0,
                    1.0
                ]
            ]
        },
        {
            "file_path": "./train/r_32",
            "rotation": 0.06283185307179587,
            "transform_matrix": [
                [
                    -0.6630776524543762,
                    0.7354205846786499,
                    -0.13942667841911316,
                    -0.5620701313018799
                ],
                [
                    -0.7484933733940125,
                    -0.6514966487884521,
                    0.12351573258638382,
                    0.4979283809661865
                ],
                [
                    -7.450261740871156e-09,
                    0.186275452375412,
                    0.9824569225311279,
                    3.96057391166687
                ],
                [
                    0.0,
                    0.0,
                    0.0,
                    1.0
                ]
            ]
        },
        {
            "file_path": "./train/r_33",
            "rotation": 0.06283185307179587,
            "transform_matrix": [
                [
                    -0.5210753679275513,
                    -0.7895542979240417,
                    0.3241083323955536,
                    1.3065763711929321
                ],
                [
                    0.8534603714942932,
                    -0.48205792903900146,
                    0.1978825181722641,
                    0.7977229356765747
                ],
                [
                    0.0,
                    0.37975549697875977,
                    0.9250479340553284,
                    3.7291414737701416
                ],
                [
                    0.0,
                    0.0,
                    0.0,
                    1.0
                ]
            ]
        },
        {
            "file_path": "./train/r_34",
            "rotation": 0.06283185307179587,
            "transform_matrix": [
                [
                    0.42444583773612976,
                    0.6992782950401306,
                    -0.5751590132713318,
                    -2.318635940551758
                ],
                [
                    -0.9054059982299805,
                    0.32781508564949036,
                    -0.2696291506290436,
                    -1.0869548320770264
                ],
                [
                    0.0,
                    0.6352456212043762,
                    0.7722755670547485,
                    3.1132709980010986
                ],
                [
                    0.0,
                    0.0,
                    0.0,
                    1.0
                ]
            ]
        },
        {
            "file_path": "./train/r_35",
            "rotation": 0.06283185307179587,
            "transform_matrix": [
                [
                    0.621284008026123,
                    0.4537215530872345,
                    -0.6388066411018372,
                    -2.575218439102173
                ],
                [
                    -0.7835305333137512,
                    0.35976895689964294,
                    -0.5065282583236694,
                    -2.0419650077819824
                ],
                [
                    1.4900519929028633e-08,
                    0.8152870535850525,
                    0.5790272951126099,
                    2.3342299461364746
                ],
                [
                    0.0,
                    0.0,
                    0.0,
                    1.0
                ]
            ]
        },
        {
            "file_path": "./train/r_36",
            "rotation": 0.06283185307179587,
            "transform_matrix": [
                [
                    -0.6469340324401855,
                    -0.5899671912193298,
                    0.48306965827941895,
                    1.9473965167999268
                ],
                [
                    0.7624897360801697,
                    -0.5005574226379395,
                    0.4098602831363678,
                    1.6522678136825562
                ],
                [
                    -1.4900521705385472e-08,
                    0.6335384249687195,
                    0.7736766934394836,
                    3.1189191341400146
                ],
                [
                    0.0,
                    0.0,
                    0.0,
                    1.0
                ]
            ]
        },
        {
            "file_path": "./train/r_37",
            "rotation": 0.06283185307179587,
            "transform_matrix": [
                [
                    -0.5786424279212952,
                    -0.45408451557159424,
                    0.6774300932884216,
                    2.7309207916259766
                ],
                [
                    0.8155287504196167,
                    -0.32218676805496216,
                    0.4806572198867798,
                    1.937671184539795
                ],
                [
                    1.4900520817207052e-08,
                    0.8306580781936646,
                    0.5567535758018494,
                    2.2444381713867188
                ],
                [
                    0.0,
                    0.0,
                    0.0,
                    1.0
                ]
            ]
        },
        {
            "file_path": "./train/r_38",
            "rotation": 0.06283185307179587,
            "transform_matrix": [
                [
                    -0.9550313949584961,
                    0.1896972954273224,
                    -0.22769932448863983,
                    -0.9179232120513916
                ],
                [
                    -0.2963598072528839,
                    -0.6113070845603943,
                    0.7337701320648193,
                    2.9580442905426025
                ],
                [
                    0.0,
                    0.768315315246582,
                    0.640040397644043,
                    2.5801920890808105
                ],
                [
                    0.0,
                    0.0,
                    0.0,
                    1.0
                ]
            ]
        },
        {
            "file_path": "./train/r_39",
            "rotation": 0.06283185307179587,
            "transform_matrix": [
                [
                    -0.599022388458252,
                    0.7594637274742126,
                    -0.25366342067718506,
                    -1.0225921869277954
                ],
                [
                    -0.8006786704063416,
                    -0.5681877136230469,
                    0.18977659940719604,
                    0.7650455236434937
                ],
                [
                    -1.4900520817207052e-08,
                    0.3168085515499115,
                    0.9484498500823975,
                    3.823481559753418
                ],
                [
                    0.0,
                    0.0,
                    0.0,
                    1.0
                ]
            ]
        },
        {
            "file_path": "./train/r_40",
            "rotation": 0.06283185307179587,
            "transform_matrix": [
                [
                    0.0006870809011161327,
                    -0.9103073477745056,
                    0.41390547156333923,
                    1.6685752868652344
                ],
                [
                    0.9999568462371826,
                    0.0006254817708395422,
                    -0.0002843988186214119,
                    -0.0011464956915006042
                ],
                [
                    0.0,
                    0.413920521736145,
                    0.9102744460105896,
                    3.6695852279663086
                ],
                [
                    0.0,
                    0.0,
                    0.0,
                    1.0
                ]
            ]
        },
        {
            "file_path": "./train/r_41",
            "rotation": 0.06283185307179587,
            "transform_matrix": [
                [
                    -0.9974846243858337,
                    -0.06956259906291962,
                    0.010000576265156269,
                    0.04031527787446976
                ],
                [
                    0.07027516514062881,
                    -0.9873704314231873,
                    0.14194802939891815,
                    0.5722343921661377
                ],
                [
                    0.0,
                    0.14230498671531677,
                    0.98978191614151,
                    3.990103244781494
                ],
                [
                    0.0,
                    0.0,
                    0.0,
                    1.0
                ]
            ]
        },
        {
            "file_path": "./train/r_42",
            "rotation": 0.06283185307179587,
            "transform_matrix": [
                [
                    0.9712685942649841,
                    0.040450479835271835,
                    -0.23434047400951385,
                    -0.9446955919265747
                ],
                [
                    -0.2378053516149521,
                    0.16521193087100983,
                    -0.9571170210838318,
                    -3.8584208488464355
                ],
                [
                    0.0,
                    0.9854230880737305,
                    0.17008566856384277,
                    0.685665488243103
                ],
                [
                    0.0,
                    0.0,
                    0.0,
                    1.0
                ]
            ]
        },
        {
            "file_path": "./train/r_43",
            "rotation": 0.06283185307179587,
            "transform_matrix": [
                [
                    0.15508075058460236,
                    -0.9196765422821045,
                    0.36072665452957153,
                    1.4541957378387451
                ],
                [
                    0.9878584146499634,
                    0.14437709748744965,
                    -0.05662933364510536,
                    -0.22828957438468933
                ],
                [
                    3.725130426346368e-09,
                    0.3651578426361084,
                    0.9309064149856567,
                    3.752758741378784
                ],
                [
                    0.0,
                    0.0,
                    0.0,
                    1.0
                ]
            ]
        },
        {
