{
    "camera_angle_x": 0.6911112070083618,
    "frames": [
        {
            "file_path": "./train/r_0",
            "rotation": 0.06283185307179587,
            "transform_matrix": [
                [
                    -0.7602623105049133,
                    0.6203629374504089,
                    -0.19259902834892273,
                    -0.7764235734939575
                ],
                [
                    -0.6495501399040222,
                    -0.7261003255844116,
                    0.22542646527290344,
                    0.908760666847229
                ],
                [
                    1.4900522593563892e-08,
                    0.2965094745159149,
                    0.9549899697303772,
                    3.849846839904785
                ],
                [
                    0.0,
                    0.0,
                    0.0,
                    1.0
                ]
            ]
        },
        {
            "file_path": "./train/r_1",
            "rotation": 0.06283185307179587,
            "transform_matrix": [
                [
                    -0.779048502445221,
                    -0.34525561332702637,
                    0.5232649445533752,
                    2.109435558319092
                ],
                [
                    0.6268953084945679,
                    -0.42905229330062866,
                    0.6502660512924194,
                    2.6214144229888916
                ],
                [
                    1.4900523481742312e-08,
                    0.8346872329711914,
                    0.5506953001022339,
                    2.220015287399292
                ],
                [
                    0.0,
                    0.0,
                    0.0,
                    1.0
                ]
            ]
        },
        {
            "file_path": "./train/r_2",
            "rotation": 0.06283185307179587,
            "transform_matrix": [
                [
                    -0.8492854833602905,
                    0.4994039237499237,
                    -0.1710060089826584,
                    -0.6893757581710815
                ],
                [
                    -0.5278525352478027,
                    -0.8035131692886353,
                    0.275139182806015,
                    1.1091673374176025
                ],
                [
                    0.0,
                    0.32396331429481506,
                    0.9460299611091614,
                    3.8137264251708984
                ],
                [
                    0.0,
                    0.0,
                    0.0,
                    1.0
                ]
            ]
        },
        {
            "file_path": "./train/r_3",
            "rotation": 0.06283185307179587,
            "transform_matrix": [
                [
                    -0.6131064891815186,
                    0.42471691966056824,
                    -0.6660669445991516,
                    -2.685112714767456
                ],
                [
                    -0.7899460196495056,
                    -0.32963860034942627,
                    0.5169593691825867,
                    2.0840158462524414
                ],
                [
                    0.0,
                    0.8431748151779175,
                    0.5376105904579163,
                    2.167267322540283
                ],
                [
                    0.0,
                    0.0,
                    0.0,
                    1.0
                ]
            ]
        },
        {
            "file_path": "./train/r_4",
            "rotation": 0.06283185307179587,
            "transform_matrix": [
                [
                    -0.5307419896125793,
                    -0.2638698220252991,
                    0.8053615093231201,
                    3.246650218963623
                ],
                [
                    0.8474828600883484,
                    -0.16525030136108398,
                    0.5043631792068481,
                    2.0332372188568115
                ],
                [
                    0.0,
                    0.9502920508384705,
                    0.31133243441581726,
                    1.255073070526123
                ],
                [
                    0.0,
                    0.0,
                    0.0,
                    1.0
                ]
            ]
        },
        {
            "file_path": "./train/r_5",
            "rotation": 0.06283185307179587,
            "transform_matrix": [
                [
                    0.5267423987388611,
                    0.5426803827285767,
                    -0.654200553894043,
                    -2.6372756958007812
                ],
                [
                    -0.8499745726585388,
                    0.33630746603012085,
                    -0.40541818737983704,
                    -1.6343605518341064
                ],
                [
                    1.4900523481742312e-08,
                    0.7696657180786133,
                    0.638416051864624,
                    2.573643684387207
                ],
                [
                    0.0,
                    0.0,
                    0.0,
                    1.0
                ]
            ]
        },
        {
            "file_path": "./train/r_6",
            "rotation": 0.06283185307179587,
            "transform_matrix": [
                [
                    -0.23412545025348663,
                    0.9696099162101746,
                    -0.07090286165475845,
                    -0.28583037853240967
                ],
                [
                    -0.9721621870994568,
                    -0.23351077735424042,
                    0.01707550697028637,
                    0.06883641332387924
                ],
                [
                    -1.8625653241954865e-09,
                    0.07293280214071274,
                    0.997295618057251,
                    4.020393371582031
                ],
                [
                    0.0,
                    0.0,
                    0.0,
                    1.0
                ]
            ]
        },
        {
            "file_path": "./train/r_7",
            "rotation": 0.06283185307179587,
            "transform_matrix": [
                [
                    0.3699917495250702,
                    0.9193861484527588,
                    -0.1334667205810547,
                    -0.538043737411499
                ],
                [
                    -0.9289888739585876,
                    0.36616724729537964,
                    -0.05315626785159111,
                    -0.2142886072397232
                ],
                [
                    0.0,
                    0.14366793632507324,
                    0.9895849823951721,
                    3.989309310913086
                ],
                [
                    0.0,
                    0.0,
                    0.0,
                    1.0
                ]
            ]
        },
        {
            "file_path": "./train/r_8",
            "rotation": 0.06283185307179587,
            "transform_matrix": [
                [
                    0.789434552192688,
                    -0.23297138512134552,
                    0.5678352117538452,
                    2.289111614227295
                ],
                [
                    0.6137649416923523,
                    0.2996515929698944,
                    -0.7303589582443237,
                    -2.9442927837371826
                ],
                [
                    0.0,
                    0.9251611828804016,
                    0.3795474171638489,
                    1.530067801475525
                ],
                [
                    0.0,
                    0.0,
                    0.0,
                    1.0
                ]
            ]
        },
        {
            "file_path": "./train/r_9",
            "rotation": 0.06283185307179587,
            "transform_matrix": [
                [
                    -0.4909907281398773,
                    -0.5584310293197632,
                    0.6685972809791565,
                    2.695312976837158
                ],
                [
                    0.8711155652999878,
                    -0.31475093960762024,
                    0.3768444359302521,
                    1.5191712379455566
                ],
                [
                    0.0,
                    0.7675132751464844,
                    0.6410019397735596,
                    2.5840680599212646
                ],
                [
                    0.0,
                    0.0,
                    0.0,
                    1.0
                ]
            ]
        },
        {
            "file_path": "./train/r_10",
            "rotation": 0.06283185307179587,
            "transform_matrix": [
                [
                    -0.15144653618335724,
                    -0.46380606293678284,
                    0.8728578090667725,
                    3.5187478065490723
                ],
                [
                    0.9884220957756042,
                    -0.07106460630893707,
                    0.13373972475528717,
                    0.5391443371772766
                ],
                [
                    -3.725130648390973e-09,
                    0.8830762505531311,
                    0.4692017436027527,
                    1.8914908170700073
                ],
                [
                    0.0,
                    0.0,
                    0.0,
                    1.0
                ]
            ]
        },
        {
            "file_path": "./train/r_11",
            "rotation": 0.06283185307179587,
            "transform_matrix": [
                [
                    0.5971789956092834,
                    0.22890853881835938,
                    -0.768699049949646,
                    -3.0988528728485107
                ],
                [
                    -0.8020544648170471,
                    0.17043651640415192,
                    -0.5723438262939453,
                    -2.3072869777679443
                ],
                [
                    0.0,
                    0.9584059715270996,
                    0.28538015484809875,
                    1.15045166015625
                ],
                [
                    0.0,
                    0.0,
                    0.0,
                    1.0
                ]
            ]
        },
        {
            "file_path": "./train/r_12",
            "rotation": 0.06283185307179587,
            "transform_matrix": [
                [
                    0.24873700737953186,
                    -0.4577924311161041,
                    0.8535152673721313,
                    3.440772294998169
                ],
                [
                    0.9685266613960266,
                    0.11757025122642517,
                    -0.2191997617483139,
                    -0.8836590647697449
                ],
                [
                    -7.450259964514316e-09,
                    0.8812452554702759,
                    0.47263139486312866,
                    1.905316948890686
                ],
                [
                    0.0,
                    0.0,
                    0.0,
                    1.0
                ]
            ]
        },
        {
            "file_path": "./train/r_13",
            "rotation": 0.06283185307179587,
            "transform_matrix": [
                [
                    0.865540623664856,
                    0.14674295485019684,
                    -0.4787718951702118,
                    -1.9300708770751953
                ],
                [
                    -0.5007530450820923,
                    0.2536419630050659,
                    -0.8275466561317444,
                    -3.3360848426818848
                ],
                [
                    -7.450260408603526e-09,
                    0.9560975432395935,
                    0.2930213212966919,
                    1.1812554597854614
                ],
                [
                    0.0,
                    0.0,
                    0.0,
                    1.0
                ]
            ]
        },
        {
            "file_path": "./train/r_14",
            "rotation": 0.06283185307179587,
            "transform_matrix": [
                [
                    -0.9656966328620911,
                    -0.13657400012016296,
                    0.22066575288772583,
                    0.8895688056945801
                ],
                [
                    0.2595077157020569,
                    -0.5082278251647949,
                    0.8211554288864136,
                    3.3103199005126953
                ],
                [
                    0.0,
                    0.8503188490867615,
                    0.5262393951416016,
                    2.1214263439178467
                ],
                [
                    0.0,
                    0.0,
                    0.0,
                    1.0
                ]
            ]
        },
        {
            "file_path": "./train/r_15",
            "rotation": 0.06283185307179587,
            "transform_matrix": [
                [
                    -0.9997372627258301,
                    -0.007859397679567337,
                    0.019432490691542625,
                    0.07833810895681381
                ],
                [
                    0.02096153236925602,
                    -0.37484535574913025,
                    0.9268113374710083,
                    3.736250162124634
                ],
                [
                    4.6564122002656916e-10,
                    0.9270486831665039,
                    0.3749140799045563,
                    1.5113894939422607
                ],
                [
                    0.0,
                    0.0,
                    0.0,
                    1.0
                ]
            ]
        },
        {
            "file_path": "./train/r_16",
            "rotation": 0.06283185307179587,
            "transform_matrix": [
                [
                    -0.8874916434288025,
                    0.41072550415992737,
                    -0.20878329873085022,
                    -0.8416671752929688
                ],
                [
                    -0.46073099970817566,
                    -0.7911676168441772,
                    0.40217268466949463,
                    1.62127685546875
                ],
                [
                    -1.4900524369920731e-08,
                    0.4531535804271698,
                    0.8913944363594055,
                    3.5934743881225586
                ],
                [
                    0.0,
                    0.0,
                    0.0,
                    1.0
                ]
            ]
        },
        {
            "file_path": "./train/r_17",
            "rotation": 0.06283185307179587,
            "transform_matrix": [
                [
                    -0.5469276309013367,
                    0.7708451747894287,
                    -0.32653847336769104,
                    -1.3163731098175049
                ],
                [
                    -0.8371286392211914,
                    -0.5036221742630005,
                    0.21333986520767212,
                    0.8600360155105591
                ],
                [
                    -1.4900522593563892e-08,
                    0.39006704092025757,
                    0.9207475781440735,
                    3.711805582046509
                ],
                [
                    0.0,
                    0.0,
                    0.0,
                    1.0
                ]
            ]
        },
        {
            "file_path": "./train/r_18",
            "rotation": 0.06283185307179587,
            "transform_matrix": [
                [
                    -0.8839545249938965,
                    0.11867794394493103,
                    -0.4521680772304535,
                    -1.8228230476379395
                ],
                [
                    -0.4674812853336334,
                    -0.2244066596031189,
                    0.8549990057945251,
                    3.44675350189209
                ],
                [
                    0.0,
                    0.9672368168830872,
                    0.253846675157547,
                    1.023330807685852
                ],
                [
                    0.0,
                    0.0,
                    0.0,
                    1.0
                ]
            ]
        },
        {
            "file_path": "./train/r_19",
            "rotation": 0.06283185307179587,
            "transform_matrix": [
                [
                    -0.9516494870185852,
                    -0.301678329706192,
                    0.05722353607416153,
                    0.23068499565124512
                ],
                [
                    0.3070462644100189,
                    -0.9350122213363647,
                    0.1773568093776703,
                    0.7149777412414551
                ],
                [
                    0.0,
                    0.18636642396450043,
                    0.9824394583702087,
                    3.9605038166046143
                ],
                [
                    0.0,
                    0.0,
                    0.0,
                    1.0
                ]
            ]
        },
        {
            "file_path": "./train/r_20",
            "rotation": 0.06283185307179587,
            "transform_matrix": [
                [
                    0.897789716720581,
                    0.41517990827560425,
                    -0.14671990275382996,
                    -0.5914713144302368
                ],
                [
                    -0.44032716751098633,
                    0.8465166091918945,
                    -0.29914942383766174,
                    -1.2059597969055176
                ],
                [
                    0.0,
                    0.3332042098045349,
                    0.9428150653839111,
                    3.8007662296295166
                ],
                [
                    0.0,
                    0.0,
                    0.0,
                    1.0
                ]
            ]
        },
        {
            "file_path": "./train/r_21",
            "rotation": 0.06283185307179587,
            "transform_matrix": [
                [
                    0.03400064632296562,
                    0.2613048851490021,
                    -0.9646169543266296,
                    -3.8886561393737793
                ],
                [
                    -0.9993788003921509,
                    0.008890057913959026,
                    -0.032817985862493515,
                    -0.13229900598526
                ],
                [
                    9.312826620977432e-10,
                    0.9652101397514343,
                    0.26144659519195557,
                    1.0539684295654297
                ],
                [
                    0.0,
                    0.0,
                    0.0,
                    1.0
                ]
            ]
        },
        {
            "file_path": "./train/r_22",
            "rotation": 0.06283185307179587,
            "transform_matrix": [
                [
                    0.2174215167760849,
                    0.7965672612190247,
                    -0.5640669465065002,
                    -2.2739205360412598
                ],
                [
                    -0.9760338068008423,
                    0.1774435192346573,
                    -0.12565168738365173,
                    -0.5065390467643738
                ],
                [
                    0.0,
                    0.5779135227203369,
                    0.8160621523857117,
                    3.289787769317627
                ],
                [
                    0.0,
                    0.0,
                    0.0,
                    1.0
                ]
            ]
        },
        {
            "file_path": "./train/r_23",
            "rotation": 0.06283185307179587,
            "transform_matrix": [
                [
                    -0.9737058281898499,
                    0.18194584548473358,
                    -0.13678263127803802,
                    -0.5514112114906311
                ],
                [
                    -0.22762078046798706,
                    -0.7783197164535522,
                    0.5851225256919861,
                    2.35880184173584
                ],
                [
                    0.0,
                    0.600919246673584,
                    0.7992743849754333,
                    3.222111225128174
                ],
                [
                    0.0,
                    0.0,
                    0.0,
                    1.0
                ]
            ]
        },
        {
            "file_path": "./train/r_24",
            "rotation": 0.06283185307179587,
            "transform_matrix": [
                [
                    -0.5381997227668762,
                    0.3359597325325012,
                    -0.7729144096374512,
                    -3.1158463954925537
                ],
                [
                    -0.8427664637565613,
                    -0.2145475149154663,
                    0.4935915172100067,
                    1.989813208580017
                ],
                [
                    0.0,
                    0.9171096682548523,
                    0.39860764145851135,
                    1.6069051027297974
                ],
                [
                    0.0,
                    0.0,
                    0.0,
                    1.0
                ]
            ]
        },
        {
            "file_path": "./train/r_25",
            "rotation": 0.06283185307179587,
            "transform_matrix": [
                [
                    0.7606374025344849,
                    -0.3633146286010742,
                    0.5379204154014587,
                    2.168516159057617
                ],
                [
                    0.6491109132766724,
                    0.4257372319698334,
                    -0.6303427219390869,
                    -2.54109787940979
                ],
                [
                    0.0,
                    0.8286978602409363,
                    0.5596668720245361,
                    2.2561826705932617
                ],
                [
                    0.0,
                    0.0,
                    0.0,
                    1.0
                ]
            ]
        },
        {
            "file_path": "./train/r_26",
            "rotation": 0.06283185307179587,
            "transform_matrix": [
                [
                    -0.9952108860015869,
                    0.07627478241920471,
                    -0.06043214350938797,
                    -0.24361982941627502
                ],
                [
                    -0.09731102734804153,
                    -0.780070960521698,
                    0.6180464029312134,
                    2.491527557373047
                ],
                [
                    -3.725130648390973e-09,
                    0.6210163235664368,
                    0.7837626934051514,
                    3.159579038619995
                ],
                [
                    0.0,
                    0.0,
                    0.0,
                    1.0
                ]
            ]
        },
        {
            "file_path": "./train/r_27",
            "rotation": 0.06283185307179587,
            "transform_matrix": [
                [
                    0.7865091562271118,
                    -0.21833600103855133,
                    0.5776258111000061,
                    2.328580379486084
                ],
                [
                    0.617509126663208,
                    0.278090238571167,
                    -0.7357105612754822,
                    -2.965866804122925
                ],
                [
                    0.0,
                    0.935406506061554,
                    0.35354727506637573,
                    1.4252536296844482
                ],
                [
                    0.0,
                    0.0,
                    0.0,
                    1.0
                ]
            ]
        },
        {
            "file_path": "./train/r_28",
            "rotation": 0.06283185307179587,
            "transform_matrix": [
                [
                    0.7088463306427002,
                    0.6064451336860657,
                    -0.3601438105106354,
                    -1.4518461227416992
                ],
                [
                    -0.7053020596504211,
                    0.6094925999641418,
                    -0.3619535565376282,
                    -1.459141731262207
                ],
                [
                    0.0,
                    0.5106200575828552,
                    0.859769344329834,
                    3.465984344482422
                ],
                [
                    0.0,
                    0.0,
                    0.0,
                    1.0
                ]
            ]
        },
        {
            "file_path": "./train/r_29",
            "rotation": 0.06283185307179587,
            "transform_matrix": [
                [
                    -0.11235235631465912,
                    0.5586850643157959,
                    -0.8216981887817383,
                    -3.3125081062316895
                ],
                [
                    -0.993625283241272,
                    -0.06317229568958282,
                    0.09291201084852219,
                    0.374555766582489
                ],
                [
                    -3.725130648390973e-09,
                    0.8269644975662231,
                    0.5622248649597168,
                    2.2664945125579834
                ],
                [
                    0.0,
                    0.0,
                    0.0,
                    1.0
                ]
            ]
        },
        {
            "file_path": "./train/r_30",
            "rotation": 0.06283185307179587,
            "transform_matrix": [
                [
                    0.09731308370828629,
                    0.35042399168014526,
                    -0.9314823746681213,
                    -3.7550806999206543
                ],
                [
                    -0.9952107667922974,
                    0.0342649407684803,
                    -0.0910816341638565,
                    -0.36717697978019714
                ],
                [
                    0.0,
                    0.935958743095398,
                    0.3520824909210205,
                    1.4193485975265503
                ],
                [
                    0.0,
                    0.0,
                    0.0,
                    1.0
                ]
            ]
        },
        {
            "file_path": "./train/r_31",
            "rotation": 0.06283185307179587,
            "transform_matrix": [
                [
                    -0.017422012984752655,
                    -0.3628677725791931,
                    0.9316385388374329,
                    3.7557101249694824
                ],
                [
                    0.999805212020874,
                    -0.006323118694126606,
                    0.016234179958701134,
                    0.06544477492570877
                ],
                [
                    4.6564124778214477e-10,
                    0.9318137764930725,
                    0.3629096746444702,
                    1.462996006011963
                ],
                [
                    0.0,
                    0.0,
                    0.0,
                    1.0
                ]
            ]
        },
        {
            "file_path": "./train/r_32",
            "rotation": 0.06283185307179587,
            "transform_matrix": [
                [
                    0.026335349306464195,
                    -0.8931840062141418,
                    0.44889211654663086,
                    1.8096165657043457
                ],
                [
                    0.9996103048324585,
                    0.023531481623649597,
                    -0.01182633824646473,
                    -0.04767546057701111
                ],
                [
                    0.0,
                    0.449064165353775,
                    0.8934615254402161,
                    3.601807117462158
                ],
                [
                    0.0,
                    0.0,
                    0.0,
                    1.0
                ]
            ]
        },
        {
            "file_path": "./train/r_33",
            "rotation": 0.06283185307179587,
            "transform_matrix": [
                [
                    0.7199553847312927,
                    -0.5102286338806152,
                    0.47038885951042175,
                    1.8962764739990234
                ],
                [
                    0.693958580493927,
                    0.5293425917625427,
                    -0.48801034688949585,
                    -1.9673138856887817
                ],
                [
                    1.4900523481742312e-08,
                    0.6778297424316406,
                    0.7351853847503662,
                    2.963749647140503
                ],
                [
                    0.0,
                    0.0,
                    0.0,
                    1.0
                ]
            ]
        },
        {
            "file_path": "./train/r_34",
            "rotation": 0.06283185307179587,
            "transform_matrix": [
                [
                    -0.6770344376564026,
                    0.6463495492935181,
                    -0.3518563210964203,
                    -1.4184366464614868
                ],
                [
                    -0.7358930110931396,
                    -0.5946528315544128,
                    0.32371392846107483,
                    1.3049863576889038
                ],
                [
                    -1.4900521705385472e-08,
                    0.4781319200992584,
                    0.8782504796981812,
                    3.540487051010132
                ],
                [
                    0.0,
                    0.0,
                    0.0,
                    1.0
                ]
            ]
        },
        {
            "file_path": "./train/r_35",
            "rotation": 0.06283185307179587,
            "transform_matrix": [
                [
                    -0.8904189467430115,
                    0.11117321997880936,
                    -0.44126003980636597,
                    -1.778849482536316
                ],
                [
                    -0.4550476372241974,
                    -0.21753931045532227,
                    0.8634399175643921,
                    3.480781316757202
                ],
                [
                    0.0,
                    0.9696943163871765,
                    0.24429187178611755,
                    0.9848126173019409
                ],
                [
                    0.0,
                    0.0,
                    0.0,
                    1.0
                ]
            ]
        },
        {
            "file_path": "./train/r_36",
            "rotation": 0.06283185307179587,
            "transform_matrix": [
                [
                    0.844790518283844,
                    0.1784481257200241,
                    -0.5043835043907166,
                    -2.0333189964294434
                ],
                [
                    -0.5350171327590942,
                    0.2817690968513489,
                    -0.7964202165603638,
                    -3.2106051445007324
                ],
                [
                    -1.4900523481742312e-08,
                    0.9427365660667419,
                    0.3335108757019043,
                    1.3444808721542358
                ],
                [
                    0.0,
                    0.0,
                    0.0,
                    1.0
                ]
            ]
        },
        {
            "file_path": "./train/r_37",
            "rotation": 0.06283185307179587,
            "transform_matrix": [
                [
                    0.0289461649954319,
                    0.5067495107650757,
                    -0.8615700602531433,
                    -3.4732437133789062
                ],
                [
                    -0.9995380640029907,
                    0.014675234444439411,
                    -0.024950675666332245,
                    -0.10058355331420898
                ],
                [
                    0.0,
                    0.8619626760482788,
                    0.5069434642791748,
                    2.0436389446258545
                ],
                [
                    0.0,
                    0.0,
                    0.0,
                    1.0
                ]
            ]
        },
        {
            "file_path": "./train/r_38",
            "rotation": 0.06283185307179587,
            "transform_matrix": [
                [
                    -0.11527986079454422,
                    0.9933069348335266,
                    -0.006400154437869787,
                    -0.0258009135723114
                ],
                [
                    -0.9932898879051208,
                    -0.1152818351984024,
                    0.000742793083190918,
                    0.0029944181442260742
                ],
                [
                    -5.8205162911662e-11,
                    0.006438332609832287,
                    0.9999379515647888,
                    4.031044960021973
                ],
                [
                    0.0,
                    0.0,
                    0.0,
                    1.0
                ]
            ]
        },
        {
            "file_path": "./train/r_39",
            "rotation": 0.06283185307179587,
            "transform_matrix": [
                [
                    -0.982323944568634,
                    0.09562719613313675,
                    -0.16065552830696106,
                    -0.647649884223938
                ],
                [
                    -0.18695984780788422,
                    -0.5024441480636597,
                    0.8441157937049866,
                    3.4028801918029785
                ],
                [
                    0.0,
                    0.8592993021011353,
                    0.5114446878433228,
                    2.061784505844116
                ],
                [
                    0.0,
                    0.0,
                    0.0,
                    1.0
                ]
            ]
        },
        {
            "file_path": "./train/r_40",
            "rotation": 0.06283185307179587,
            "transform_matrix": [
                [
                    -0.2406318634748459,
                    0.5695512890815735,
                    -0.7859060764312744,
                    -3.168219566345215
                ],
                [
                    -0.970572292804718,
                    -0.14120760560035706,
                    0.194847971200943,
                    0.7854897379875183
                ],
                [
                    -1.4900523481742312e-08,
                    0.8097294569015503,
                    0.5867735743522644,
                    2.365457773208618
                ],
                [
                    0.0,
                    0.0,
                    0.0,
                    1.0
                ]
            ]
        },
        {
            "file_path": "./train/r_41",
            "rotation": 0.06283185307179587,
            "transform_matrix": [
                [
                    -0.19588309526443481,
                    -0.35028165578842163,
                    0.9158923029899597,
                    3.692232608795166
                ],
                [
                    0.9805835485458374,
                    -0.06997288018465042,
                    0.18296025693416595,
                    0.7375668287277222
                ],
                [
                    7.450260852692736e-09,
                    0.9340218305587769,
                    0.35718920826911926,
                    1.4399352073669434
                ],
                [
                    0.0,
                    0.0,
                    0.0,
                    1.0
                ]
            ]
        },
        {
            "file_path": "./train/r_42",
            "rotation": 0.06283185307179587,
            "transform_matrix": [
                [
                    0.9709793329238892,
                    0.1294366419315338,
                    -0.2009003460407257,
                    -0.8098886609077454
                ],
                [
                    -0.2389840930700302,
                    0.5258939862251282,
                    -0.8162471055984497,
                    -3.2905333042144775
                ],
                [
                    7.450261296781946e-09,
                    0.8406375646591187,
                    0.5415691137313843,
                    2.18322491645813
                ],
                [
                    0.0,
                    0.0,
                    0.0,
                    1.0
                ]
            ]
        },
        {
            "file_path": "./train/r_43",
            "rotation": 0.06283185307179587,
            "transform_matrix": [
                [
                    -0.95972740650177,
                    0.037817735224962234,
                    -0.2782224714756012,
                    -1.1215970516204834
                ],
                [
                    -0.2807803153991699,
                    -0.1292637437582016,
                    0.950984537601471,
                    3.8336997032165527
                ],
                [
                    0.0,
                    0.9908837080001831,
                    0.13467732071876526,
                    0.5429240465164185
                ],
                [
                    0.0,
                    0.0,
                    0.0,
                    1.0
                ]
            ]
        },
        {
