{
    "camera_angle_x": 0.6911112070083618,
    "frames": [
        {
            "file_path": "./train/r_0",
            "rotation": 0.06283185307179587,
            "transform_matrix": [
                [
                    -0.3842793107032776,
                    -0.4659309685230255,
                    0.79697585105896,
                    3.2128446102142334
                ],
                [
                    0.9231703281402588,
                    -0.1939486414194107,
                    0.3317495286464691,
                    1.3373801708221436
                ],
                [
                    0.0,
                    0.8632973432540894,
                    0.5046675205230713,
                    2.03446364402771
                ],
                [
                    0.0,
                    0.0,
                    0.0,
                    1.0
                ]
            ]
        },
        {
            "file_path": "./train/r_1",
            "rotation": 0.06283185307179587,
            "transform_matrix": [
                [
                    0.6427357196807861,
                    -0.7237259745597839,
                    0.2511284053325653,
                    1.0123727321624756
                ],
                [
                    0.7660319805145264,
                    0.6072391867637634,
                    -0.21070821583271027,
                    -0.8494270443916321
                ],
                [
                    0.0,
                    0.32782799005508423,
                    0.9446977376937866,
                    3.8083558082580566
                ],
                [
                    0.0,
                    0.0,
                    0.0,
                    1.0
                ]
            ]
        },
        {
            "file_path": "./train/r_2",
            "rotation": 0.06283185307179587,
            "transform_matrix": [
                [
                    0.7995975613594055,
                    -0.3108972907066345,
                    0.5137207508087158,
                    2.0709598064422607
                ],
                [
                    0.6004647612571716,
                    0.414000540971756,
                    -0.6840865612030029,
                    -2.7577548027038574
                ],
                [
                    0.0,
                    0.8555327653884888,
                    0.517720103263855,
                    2.087082624435425
                ],
                [
                    0.0,
                    0.0,
                    0.0,
                    1.0
                ]
            ]
        },
        {
            "file_path": "./train/r_3",
            "rotation": 0.06283185307179587,
            "transform_matrix": [
                [
                    0.16899146139621735,
                    0.23577894270420074,
                    -0.9569594860076904,
                    -3.8577864170074463
                ],
                [
                    -0.985573947429657,
                    0.04042784124612808,
                    -0.16408507525920868,
                    -0.661475419998169
                ],
                [
                    0.0,
                    0.9709601402282715,
                    0.23921117186546326,
                    0.9643309116363525
                ],
                [
                    0.0,
                    0.0,
                    0.0,
                    1.0
                ]
            ]
        },
        {
            "file_path": "./train/r_4",
            "rotation": 0.06283185307179587,
            "transform_matrix": [
                [
                    0.8898800611495972,
                    -0.4541047513484955,
                    0.042804524302482605,
                    0.17255765199661255
                ],
                [
                    0.45610058307647705,
                    0.8859860301017761,
                    -0.08351423591375351,
                    -0.33667048811912537
                ],
                [
                    0.0,
                    0.09384844452142715,
                    0.9955454468727112,
                    4.013337135314941
                ],
                [
                    0.0,
                    0.0,
                    0.0,
                    1.0
                ]
            ]
        },
        {
            "file_path": "./train/r_5",
            "rotation": 0.06283185307179587,
            "transform_matrix": [
                [
                    0.9053362011909485,
                    0.4120710492134094,
                    -0.10242510586977005,
                    -0.41290587186813354
                ],
                [
                    -0.42459455132484436,
                    0.8786330819129944,
                    -0.21839459240436554,
                    -0.8804131150245667
                ],
                [
                    7.450260852692736e-09,
                    0.24122872948646545,
                    0.9704278707504272,
                    3.912081480026245
                ],
                [
                    0.0,
                    0.0,
                    0.0,
                    1.0
                ]
            ]
        },
        {
            "file_path": "./train/r_6",
            "rotation": 0.06283185307179587,
            "transform_matrix": [
                [
                    -0.5760393738746643,
                    0.49868565797805786,
                    -0.6476307511329651,
                    -2.610790967941284
                ],
                [
                    -0.8173694014549255,
                    -0.3514476418495178,
                    0.45641639828681946,
                    1.839949369430542
                ],
                [
                    1.4900521705385472e-08,
                    0.7923302054405212,
                    0.6100621223449707,
                    2.459340810775757
                ],
                [
                    0.0,
                    0.0,
                    0.0,
                    1.0
                ]
            ]
        },
        {
            "file_path": "./train/r_7",
            "rotation": 0.06283185307179587,
            "transform_matrix": [
                [
                    0.36940836906433105,
                    -0.9128484725952148,
                    0.17384614050388336,
                    0.7008250951766968
                ],
                [
                    0.929220974445343,
                    0.3628995418548584,
                    -0.0691118985414505,
                    -0.2786104381084442
                ],
                [
                    7.450259964514316e-09,
                    0.18708674609661102,
                    0.9823026657104492,
                    3.959951877593994
                ],
                [
                    0.0,
                    0.0,
                    0.0,
                    1.0
                ]
            ]
        },
        {
            "file_path": "./train/r_8",
            "rotation": 0.06283185307179587,
            "transform_matrix": [
                [
                    0.3421171307563782,
                    0.9117115139961243,
                    -0.22741001844406128,
                    -0.9167569279670715
                ],
                [
                    -0.9396116733551025,
                    0.3319585621356964,
                    -0.08280108869075775,
                    -0.3337956368923187
                ],
                [
                    -7.450261740871156e-09,
                    0.24202388525009155,
                    0.9702298641204834,
                    3.911283254623413
                ],
                [
                    0.0,
                    0.0,
                    0.0,
                    1.0
                ]
            ]
        },
        {
            "file_path": "./train/r_9",
            "rotation": 0.06283185307179587,
            "transform_matrix": [
                [
                    0.13372857868671417,
                    -0.2678014039993286,
                    0.9541078209877014,
                    3.846290111541748
                ],
                [
                    0.9909747242927551,
                    0.0361388623714447,
                    -0.12875352799892426,
                    -0.5190434455871582
                ],
                [
                    0.0,
                    0.962790846824646,
                    0.27021902799606323,
                    1.0893326997756958
                ],
                [
                    0.0,
                    0.0,
                    0.0,
                    1.0
                ]
            ]
        },
        {
            "file_path": "./train/r_10",
            "rotation": 0.06283185307179587,
            "transform_matrix": [
                [
                    0.37205347418785095,
                    0.3716665804386139,
                    -0.8505100011825562,
                    -3.428656578063965
                ],
                [
                    -0.9281650185585022,
                    0.1489819586277008,
                    -0.34092557430267334,
                    -1.3743716478347778
                ],
                [
                    0.0,
                    0.9163286685943604,
                    0.4003998935222626,
                    1.6141301393508911
                ],
                [
                    0.0,
                    0.0,
                    0.0,
                    1.0
                ]
            ]
        },
        {
            "file_path": "./train/r_11",
            "rotation": 0.06283185307179587,
            "transform_matrix": [
                [
                    0.40187743306159973,
                    0.9155774712562561,
                    -0.01378403976559639,
                    -0.055567532777786255
                ],
                [
                    -0.9156466722488403,
                    0.40184706449508667,
                    -0.006049816496670246,
                    -0.024388596415519714
                ],
                [
                    -4.6564135880444724e-10,
                    0.015053659677505493,
                    0.9998454451560974,
                    4.030672073364258
                ],
                [
                    0.0,
                    0.0,
                    0.0,
                    1.0
                ]
            ]
        },
        {
            "file_path": "./train/r_12",
            "rotation": 0.06283185307179587,
            "transform_matrix": [
                [
                    -0.9488086104393005,
                    0.09457477182149887,
                    -0.3012191355228424,
                    -1.2143033742904663
                ],
                [
                    -0.3157156705856323,
                    -0.2842220366001129,
                    0.9052426815032959,
                    3.6493008136749268
                ],
                [
                    7.450260852692736e-09,
                    0.9540771842002869,
                    0.29953300952911377,
                    1.2075061798095703
                ],
                [
                    0.0,
                    0.0,
                    0.0,
                    1.0
                ]
            ]
        },
        {
            "file_path": "./train/r_13",
            "rotation": 0.06283185307179587,
            "transform_matrix": [
                [
                    -0.9994019269943237,
                    0.006309051066637039,
                    -0.03271053731441498,
                    -0.13186582922935486
                ],
                [
                    -0.033313311636447906,
                    -0.18927201628684998,
                    0.9813187718391418,
                    3.9559853076934814
                ],
                [
                    4.6564122002656916e-10,
                    0.9818992614746094,
                    0.1893703043460846,
                    0.7634075880050659
                ],
                [
                    0.0,
                    0.0,
                    0.0,
                    1.0
                ]
            ]
        },
        {
            "file_path": "./train/r_14",
            "rotation": 0.06283185307179587,
            "transform_matrix": [
                [
                    0.9708865284919739,
                    0.20127956569194794,
                    -0.129550501704216,
                    -0.5222563147544861
                ],
                [
                    -0.2393610030412674,
                    0.816422164440155,
                    -0.5254775881767273,
                    -2.1183552742004395
                ],
                [
                    0.0,
                    0.5412313342094421,
                    0.8408372402191162,
                    3.3896634578704834
                ],
                [
                    0.0,
                    0.0,
                    0.0,
                    1.0
                ]
            ]
        },
        {
            "file_path": "./train/r_15",
            "rotation": 0.06283185307179587,
            "transform_matrix": [
                [
                    -0.9992336630821228,
                    -0.014693647623062134,
                    0.03507768735289574,
                    0.1414085179567337
                ],
                [
                    0.038030609488487244,
                    -0.38606762886047363,
                    0.9216471910476685,
                    3.7154321670532227
                ],
                [
                    0.0,
                    0.922347903251648,
                    0.386333167552948,
                    1.5574231147766113
                ],
                [
                    0.0,
                    0.0,
                    0.0,
                    1.0
                ]
            ]
        },
        {
            "file_path": "./train/r_16",
            "rotation": 0.06283185307179587,
            "transform_matrix": [
                [
                    -0.8078610897064209,
                    -0.35254567861557007,
                    0.4722248613834381,
                    1.9036779403686523
                ],
                [
                    0.5893001556396484,
                    -0.4832985997200012,
                    0.6473646759986877,
                    2.6097183227539062
                ],
                [
                    -1.4900523481742312e-08,
                    0.801326334476471,
                    0.5981972813606262,
                    2.4115099906921387
                ],
                [
                    0.0,
                    0.0,
                    0.0,
                    1.0
                ]
            ]
        },
        {
            "file_path": "./train/r_17",
            "rotation": 0.06283185307179587,
            "transform_matrix": [
                [
                    0.11947307735681534,
                    -0.5942186713218689,
                    0.7953446507453918,
                    3.2062692642211914
                ],
                [
                    0.9927940964698792,
                    0.07150841504335403,
                    -0.09571196138858795,
                    -0.3858432173728943
                ],
                [
                    3.725130426346368e-09,
                    0.8011119961738586,
                    0.598484218120575,
                    2.4126667976379395
                ],
                [
                    0.0,
                    0.0,
                    0.0,
                    1.0
                ]
            ]
        },
        {
            "file_path": "./train/r_18",
            "rotation": 0.06283185307179587,
            "transform_matrix": [
                [
                    0.487761914730072,
                    -0.293702095746994,
                    0.822040319442749,
                    3.313887357711792
                ],
                [
                    0.8729275465011597,
                    0.16411063075065613,
                    -0.4593278467655182,
                    -1.8516863584518433
                ],
                [
                    -1.4900521705385472e-08,
                    0.9416989088058472,
                    0.33642980456352234,
                    1.356247901916504
                ],
                [
                    0.0,
                    0.0,
                    0.0,
                    1.0
                ]
            ]
        },
        {
            "file_path": "./train/r_19",
            "rotation": 0.06283185307179587,
            "transform_matrix": [
                [
                    -0.7072793245315552,
                    0.5349758267402649,
                    -0.462053507566452,
                    -1.8626741170883179
                ],
                [
                    -0.7068735361099243,
                    -0.5352829098701477,
                    0.4623187184333801,
                    1.8637434244155884
                ],
                [
                    0.0,
                    0.6536535620689392,
                    0.756759762763977,
                    3.050722122192383
                ],
                [
                    0.0,
                    0.0,
                    0.0,
                    1.0
                ]
            ]
        },
        {
            "file_path": "./train/r_20",
            "rotation": 0.06283185307179587,
            "transform_matrix": [
                [
                    0.9846442937850952,
                    0.086459219455719,
                    -0.15137742459774017,
                    -0.6102471351623535
                ],
                [
                    -0.1743263602256775,
                    0.4883459508419037,
                    -0.8550222516059875,
                    -3.446847438812256
                ],
                [
                    -7.450260408603526e-09,
                    0.8683508038520813,
                    0.4959224760532379,
                    1.999210000038147
                ],
                [
                    0.0,
                    0.0,
                    0.0,
                    1.0
                ]
            ]
        },
        {
            "file_path": "./train/r_21",
            "rotation": 0.06283185307179587,
            "transform_matrix": [
                [
                    -0.9903144836425781,
                    -0.13742481172084808,
                    0.017528226599097252,
                    0.07066146284341812
                ],
                [
                    0.13853298127651215,
                    -0.9823926091194153,
                    0.12530198693275452,
                    0.505129337310791
                ],
                [
                    0.0,
                    0.12652665376663208,
                    0.99192214012146,
                    3.9987311363220215
                ],
                [
                    0.0,
                    0.0,
                    0.0,
                    1.0
                ]
            ]
        },
        {
            "file_path": "./train/r_22",
            "rotation": 0.06283185307179587,
            "transform_matrix": [
                [
                    0.9139993786811829,
                    0.3170994222164154,
                    -0.2529328763484955,
                    -1.019647240638733
                ],
                [
                    -0.40560969710350037,
                    0.7145506143569946,
                    -0.5699579119682312,
                    -2.297668933868408
                ],
                [
                    1.4900520817207052e-08,
                    0.6235827207565308,
                    0.7817225456237793,
                    3.1513547897338867
                ],
                [
                    0.0,
                    0.0,
                    0.0,
                    1.0
                ]
            ]
        },
        {
            "file_path": "./train/r_23",
            "rotation": 0.06283185307179587,
            "transform_matrix": [
                [
                    -0.02982858009636402,
                    -0.3000359833240509,
                    0.953421413898468,
                    3.8435237407684326
                ],
                [
                    0.9995120763778687,
                    -0.008954014629125595,
                    0.02845308743417263,
                    0.11470280587673187
                ],
                [
                    0.0,
                    0.9538806676864624,
                    0.30015861988067627,
                    1.2100281715393066
                ],
                [
                    0.0,
                    0.0,
                    0.0,
                    1.0
                ]
            ]
        },
        {
            "file_path": "./train/r_24",
            "rotation": 0.06283185307179587,
            "transform_matrix": [
                [
                    0.8368706107139587,
                    0.5473427176475525,
                    -0.0005505004664883018,
                    -0.0022192299365997314
                ],
                [
                    -0.5473223328590393,
                    0.8369019627571106,
                    -0.0008417301578447223,
                    -0.0033932626247406006
                ],
                [
                    2.9102581455831e-11,
                    0.0009481653687544167,
                    0.9999582767486572,
                    4.031126976013184
                ],
                [
                    0.0,
                    0.0,
                    0.0,
                    1.0
                ]
            ]
        },
        {
            "file_path": "./train/r_25",
            "rotation": 0.06283185307179587,
            "transform_matrix": [
                [
                    0.0836181789636612,
                    0.6817120909690857,
                    -0.7267928123474121,
                    -2.9299166202545166
                ],
                [
                    -0.9964548349380493,
                    0.057206328958272934,
                    -0.06098931282758713,
                    -0.24586594104766846
                ],
                [
                    0.0,
                    0.7293738126754761,
                    0.6840832233428955,
                    2.7577414512634277
                ],
                [
                    0.0,
                    0.0,
                    0.0,
                    1.0
                ]
            ]
        },
        {
            "file_path": "./train/r_26",
            "rotation": 0.06283185307179587,
            "transform_matrix": [
                [
                    0.977809727191925,
                    0.1555113047361374,
                    -0.14007261395454407,
                    -0.5646740794181824
                ],
                [
                    -0.20928972959518433,
                    0.726554811000824,
                    -0.6544246077537537,
                    -2.638179063796997
                ],
                [
                    0.0,
                    0.6692715883255005,
                    0.7429841756820679,
                    2.9951887130737305
                ],
                [
                    0.0,
                    0.0,
                    0.0,
                    1.0
                ]
            ]
        },
        {
            "file_path": "./train/r_27",
            "rotation": 0.06283185307179587,
            "transform_matrix": [
                [
                    0.8461849689483643,
                    0.08141382038593292,
                    -0.5265534520149231,
                    -2.122692584991455
                ],
                [
                    -0.5328090190887451,
                    0.12929803133010864,
                    -0.8362501263618469,
                    -3.371171474456787
                ],
                [
                    0.0,
                    0.9882529377937317,
                    0.15278904139995575,
                    0.6159377694129944
                ],
                [
                    0.0,
                    0.0,
                    0.0,
                    1.0
                ]
            ]
        },
        {
            "file_path": "./train/r_28",
            "rotation": 0.06283185307179587,
            "transform_matrix": [
                [
                    -0.5289942026138306,
                    0.43748700618743896,
                    -0.7271179556846619,
                    -2.931227684020996
                ],
                [
                    -0.8485748767852783,
                    -0.27272558212280273,
                    0.453279048204422,
                    1.8273018598556519
                ],
                [
                    0.0,
                    0.8568639755249023,
                    0.515514075756073,
                    2.0781896114349365
                ],
                [
                    0.0,
                    0.0,
                    0.0,
                    1.0
                ]
            ]
        },
        {
            "file_path": "./train/r_29",
            "rotation": 0.06283185307179587,
            "transform_matrix": [
                [
                    -0.964521586894989,
                    -0.06227172538638115,
                    0.25638845562934875,
                    1.033577561378479
                ],
                [
                    0.263841450214386,
                    -0.22764591872692108,
                    0.9372758269309998,
                    3.778435707092285
                ],
                [
                    0.0,
                    0.9717456102371216,
                    0.23600083589553833,
                    0.9513890147209167
                ],
                [
                    0.0,
                    0.0,
                    0.0,
                    1.0
                ]
            ]
        },
        {
            "file_path": "./train/r_30",
            "rotation": 0.06283185307179587,
            "transform_matrix": [
                [
                    0.5914689302444458,
                    0.7133604884147644,
                    -0.37581175565719604,
                    -1.5150082111358643
                ],
                [
                    -0.8062745332717896,
                    0.5233088135719299,
                    -0.27568894624710083,
                    -1.1113835573196411
                ],
                [
                    1.4900520817207052e-08,
                    0.4661059081554413,
                    0.8846911787986755,
                    3.5664515495300293
                ],
                [
                    0.0,
                    0.0,
                    0.0,
                    1.0
                ]
            ]
        },
        {
            "file_path": "./train/r_31",
            "rotation": 0.06283185307179587,
            "transform_matrix": [
                [
                    0.6121701002120972,
                    -0.7462241649627686,
                    0.26144564151763916,
                    1.053964614868164
                ],
                [
                    0.7906719446182251,
                    0.5777568817138672,
                    -0.20242176949977875,
                    -0.8160219788551331
                ],
                [
                    0.0,
                    0.33066049218177795,
                    0.943710207939148,
                    3.8043746948242188
                ],
                [
                    0.0,
                    0.0,
                    0.0,
                    1.0
                ]
            ]
        },
        {
            "file_path": "./train/r_32",
            "rotation": 0.06283185307179587,
            "transform_matrix": [
                [
                    -0.9481205344200134,
                    -0.27096930146217346,
                    0.16602078080177307,
                    0.6692788004875183
                ],
                [
                    0.3177761435508728,
                    -0.8084672093391418,
                    0.49534153938293457,
                    1.9968680143356323
                ],
                [
                    0.0,
                    0.5224422812461853,
                    0.8526378273963928,
                    3.437234878540039
                ],
                [
                    0.0,
                    0.0,
                    0.0,
                    1.0
                ]
            ]
        },
        {
            "file_path": "./train/r_33",
            "rotation": 0.06283185307179587,
            "transform_matrix": [
                [
                    -0.6829943656921387,
                    -0.5713407397270203,
                    0.4550032913684845,
                    1.8342527151107788
                ],
                [
                    0.7303648591041565,
                    -0.5342844128608704,
                    0.42549237608909607,
                    1.7152855396270752
                ],
                [
                    1.4900520817207052e-08,
                    0.6229766011238098,
                    0.7822056412696838,
                    3.153301954269409
                ],
                [
                    0.0,
                    0.0,
                    0.0,
                    1.0
                ]
            ]
        },
        {
            "file_path": "./train/r_34",
            "rotation": 0.06283185307179587,
            "transform_matrix": [
                [
                    -0.9617447853088379,
                    0.1435447484254837,
                    -0.2331477403640747,
                    -0.9398874044418335
                ],
                [
                    -0.27379050850868225,
                    -0.5042301416397095,
                    0.8189787864685059,
                    3.3015456199645996
                ],
                [
                    -7.450260852692736e-09,
                    0.8515496850013733,
                    0.5242453813552856,
                    2.1133880615234375
                ],
                [
                    0.0,
                    0.0,
                    0.0,
                    1.0
                ]
            ]
        },
        {
            "file_path": "./train/r_35",
            "rotation": 0.06283185307179587,
            "transform_matrix": [
                [
                    0.482801616191864,
                    -0.36952292919158936,
                    0.7939029335975647,
                    3.2004573345184326
                ],
                [
                    0.875680685043335,
                    0.2037344127893448,
                    -0.4377139210700989,
                    -1.7645541429519653
                ],
                [
                    -1.4900520817207052e-08,
                    0.9066062569618225,
                    0.42195025086402893,
                    1.7010061740875244
                ],
                [
                    0.0,
                    0.0,
                    0.0,
                    1.0
                ]
            ]
        },
        {
            "file_path": "./train/r_36",
            "rotation": 0.06283185307179587,
            "transform_matrix": [
                [
                    0.5009121894836426,
                    -0.6421518921852112,
                    0.580236554145813,
                    2.3391048908233643
                ],
                [
                    0.865448534488678,
                    0.37167051434516907,
                    -0.3358345925807953,
                    -1.3538484573364258
                ],
                [
                    0.0,
                    0.6704415082931519,
                    0.7419286966323853,
                    2.990933656692505
                ],
                [
                    0.0,
                    0.0,
                    0.0,
                    1.0
                ]
            ]
        },
        {
            "file_path": "./train/r_37",
            "rotation": 0.06283185307179587,
            "transform_matrix": [
                [
                    -0.7790333032608032,
                    0.3682299554347992,
                    -0.5073845386505127,
                    -2.045417070388794
                ],
                [
                    -0.6269140839576721,
                    -0.4575800597667694,
                    0.6305001974105835,
                    2.5417325496673584
                ],
                [
                    1.4900520817207052e-08,
                    0.8093312382698059,
                    0.5873225927352905,
                    2.367670774459839
                ],
                [
                    0.0,
                    0.0,
                    0.0,
                    1.0
                ]
            ]
        },
        {
            "file_path": "./train/r_38",
            "rotation": 0.06283185307179587,
            "transform_matrix": [
                [
                    -0.6652059555053711,
                    0.6937386989593506,
                    -0.2760046124458313,
                    -1.1126562356948853
                ],
                [
                    -0.7466024160385132,
                    -0.6181055307388306,
                    0.24591389298439026,
                    0.9913516044616699
                ],
                [
                    -1.4900523481742312e-08,
                    0.36967840790748596,
                    0.9291206002235413,
                    3.7455596923828125
                ],
                [
                    0.0,
                    0.0,
                    0.0,
                    1.0
                ]
            ]
        },
        {
            "file_path": "./train/r_39",
            "rotation": 0.06283185307179587,
            "transform_matrix": [
                [
                    -0.9612804055213928,
                    0.22188644111156464,
                    -0.1631699651479721,
                    -0.6577863097190857
                ],
                [
                    -0.27541643381118774,
                    -0.7744457125663757,
                    0.5695087313652039,
                    2.295858144760132
                ],
                [
                    0.0,
                    0.5924441814422607,
                    0.805575966835022,
                    3.2475147247314453
                ],
                [
                    0.0,
                    0.0,
                    0.0,
                    1.0
                ]
            ]
        },
        {
            "file_path": "./train/r_40",
            "rotation": 0.06283185307179587,
            "transform_matrix": [
                [
                    0.9987244009971619,
                    -0.03016173280775547,
                    0.03942428529262543,
                    0.1589309424161911
                ],
                [
                    0.04963800311088562,
                    0.6068587899208069,
                    -0.7932228446006775,
                    -3.1977157592773438
                ],
                [
                    0.0,
                    0.7942307591438293,
                    0.6075858473777771,
                    2.4493579864501953
                ],
                [
                    0.0,
                    0.0,
                    0.0,
                    1.0
                ]
            ]
        },
        {
            "file_path": "./train/r_41",
            "rotation": 0.06283185307179587,
            "transform_matrix": [
                [
                    -0.784780740737915,
                    -0.4050462245941162,
                    0.46902453899383545,
                    1.890776515007019
                ],
                [
                    0.6197042465209961,
                    -0.5129422545433044,
                    0.5939630270004272,
                    2.3944406509399414
                ],
                [
                    1.4900521705385472e-08,
                    0.7568472623825073,
                    0.6535604000091553,
                    2.634695053100586
                ],
                [
                    0.0,
                    0.0,
                    0.0,
                    1.0
                ]
            ]
        },
        {
            "file_path": "./train/r_42",
            "rotation": 0.06283185307179587,
            "transform_matrix": [
                [
                    -0.9809094071388245,
                    -0.17900127172470093,
                    0.075445257127285,
                    0.3041421175003052
                ],
                [
                    0.19424468278884888,
                    -0.9039322733879089,
                    0.38098835945129395,
                    1.5358765125274658
                ],
                [
                    7.450260852692736e-09,
                    0.3884006142616272,
                    0.92145174741745,
                    3.714644193649292
                ],
                [
                    0.0,
                    0.0,
                    0.0,
                    1.0
                ]
            ]
        },
        {
            "file_path": "./train/r_43",
            "rotation": 0.06283185307179587,
            "transform_matrix": [
                [
                    -0.9342246651649475,
                    -0.1355719417333603,
                    0.3297884464263916,
                    1.329474687576294
                ],
                [
                    0.35656479001045227,
                    -0.35520797967910767,
                    0.8640688061714172,
                    3.483316659927368
                ],
                [
                    -7.450261296781946e-09,
                    0.9248986840248108,
                    0.3801867365837097,
                    1.5326451063156128
                ],
                [
                    0.0,
                    0.0,
                    0.0,
                    1.0
                ]
            ]
        },
