{
    "camera_angle_x": 0.6911112070083618,
    "frames": [
        {
            "file_path": "./train/r_0",
            "rotation": 0.06283185307179587,
            "transform_matrix": [
                [
                    -0.7069404125213623,
                    0.5649797320365906,
                    -0.42540818452835083,
                    -1.7149461507797241
                ],
                [
                    -0.7072123289108276,
                    -0.5647624731063843,
                    0.4252445697784424,
                    1.71428644657135
                ],
                [
                    -2.9801041634414105e-08,
                    0.6015241146087646,
                    0.7988193035125732,
                    3.2202768325805664
                ],
                [
                    0.0,
                    0.0,
                    0.0,
                    1.0
                ]
            ]
        },
        {
            "file_path": "./train/r_1",
            "rotation": 0.06283185307179587,
            "transform_matrix": [
                [
                    0.7858908176422119,
                    -0.4214935898780823,
                    0.4523794949054718,
                    1.8236753940582275
                ],
                [
                    0.6182960271835327,
                    0.535743236541748,
                    -0.575001060962677,
                    -2.3179991245269775
                ],
                [
                    -1.4900523481742312e-08,
                    0.7316504716873169,
                    0.6816479563713074,
                    2.747924327850342
                ],
                [
                    0.0,
                    0.0,
                    0.0,
                    1.0
                ]
            ]
        },
        {
            "file_path": "./train/r_2",
            "rotation": 0.06283185307179587,
            "transform_matrix": [
                [
                    0.02565580978989601,
                    0.5612219572067261,
                    -0.8272314667701721,
                    -3.3348143100738525
                ],
                [
                    -0.9996280074119568,
                    0.014403961598873138,
                    -0.021231189370155334,
                    -0.085589200258255
                ],
                [
                    -9.312827731200457e-10,
                    0.8275338411331177,
                    0.5613864064216614,
                    2.2631144523620605
                ],
                [
                    0.0,
                    0.0,
                    0.0,
                    1.0
                ]
            ]
        },
        {
            "file_path": "./train/r_3",
            "rotation": 0.06283185307179587,
            "transform_matrix": [
                [
                    0.5319281816482544,
                    0.7763599157333374,
                    -0.33805006742477417,
                    -1.3627797365188599
                ],
                [
                    -0.8467386364936829,
                    0.4877156913280487,
                    -0.21236583590507507,
                    -0.8561094403266907
                ],
                [
                    0.0,
                    0.3992351293563843,
                    0.9168098568916321,
                    3.6959314346313477
                ],
                [
                    0.0,
                    0.0,
                    0.0,
                    1.0
                ]
            ]
        },
        {
            "file_path": "./train/r_4",
            "rotation": 0.06283185307179587,
            "transform_matrix": [
                [
                    -0.17012156546115875,
                    -0.645574152469635,
                    0.7444731593132019,
                    3.0011909008026123
                ],
                [
                    0.9853794574737549,
                    -0.11145562678575516,
                    0.1285301148891449,
                    0.5181427597999573
                ],
                [
                    7.450259964514316e-09,
                    0.7555141448974609,
                    0.65510094165802,
                    2.6409051418304443
                ],
                [
                    0.0,
                    0.0,
                    0.0,
                    1.0
                ]
            ]
        },
        {
            "file_path": "./train/r_5",
            "rotation": 0.06283185307179587,
            "transform_matrix": [
                [
                    -0.9813386797904968,
                    -0.06456665694713593,
                    0.18088722229003906,
                    0.729209840297699
                ],
                [
                    0.192064106464386,
                    -0.32989898324012756,
                    0.9242311120033264,
                    3.72584867477417
                ],
                [
                    -3.725131092480183e-09,
                    0.9418002367019653,
                    0.33614581823349,
                    1.3551030158996582
                ],
                [
                    0.0,
                    0.0,
                    0.0,
                    1.0
                ]
            ]
        },
        {
            "file_path": "./train/r_6",
            "rotation": 0.06283185307179587,
            "transform_matrix": [
                [
                    -0.862114429473877,
                    0.4238024055957794,
                    -0.2776297628879547,
                    -1.1192076206207275
                ],
                [
                    -0.5066289901733398,
                    -0.7211710214614868,
                    0.47243377566337585,
                    1.9045201539993286
                ],
                [
                    1.4900522593563892e-08,
                    0.5479906797409058,
                    0.836448073387146,
                    3.37196946144104
                ],
                [
                    0.0,
                    0.0,
                    0.0,
                    1.0
                ]
            ]
        },
        {
            "file_path": "./train/r_7",
            "rotation": 0.06283185307179587,
            "transform_matrix": [
                [
                    0.05264141038060188,
                    0.3234098553657532,
                    -0.9447539448738098,
                    -3.808582067489624
                ],
                [
                    -0.9985705018043518,
                    0.017049122601747513,
                    -0.04980437830090523,
                    -0.200776144862175
                ],
                [
                    -1.8625651021508816e-09,
                    0.946100115776062,
                    0.3238472044467926,
                    1.3055236339569092
                ],
                [
                    0.0,
                    0.0,
                    0.0,
                    1.0
                ]
            ]
        },
        {
            "file_path": "./train/r_8",
            "rotation": 0.06283185307179587,
            "transform_matrix": [
                [
                    -0.9847533702850342,
                    -0.05688689649105072,
                    0.164132222533226,
                    0.6616654396057129
                ],
                [
                    0.17371003329753876,
                    -0.322488933801651,
                    0.9304572343826294,
                    3.7509477138519287
                ],
                [
                    0.0,
                    0.9448569416999817,
                    0.3274560570716858,
                    1.320072054862976
                ],
                [
                    0.0,
                    0.0,
                    0.0,
                    1.0
                ]
            ]
        },
        {
            "file_path": "./train/r_9",
            "rotation": 0.06283185307179587,
            "transform_matrix": [
                [
                    -0.9167901873588562,
                    -0.10272330790758133,
                    0.38582271337509155,
                    1.5553653240203857
                ],
                [
                    0.39926180243492126,
                    -0.23587462306022644,
                    0.8859311938285828,
                    3.5714504718780518
                ],
                [
                    0.0,
                    0.9663337469100952,
                    0.2572627365589142,
                    1.0371021032333374
                ],
                [
                    0.0,
                    0.0,
                    0.0,
                    1.0
                ]
            ]
        },
        {
            "file_path": "./train/r_10",
            "rotation": 0.06283185307179587,
            "transform_matrix": [
                [
                    0.537178099155426,
                    -0.731510579586029,
                    0.41986575722694397,
                    1.6926028728485107
                ],
                [
                    0.8434180617332458,
                    0.4659035801887512,
                    -0.2674150764942169,
                    -1.0780292749404907
                ],
                [
                    0.0,
                    0.49781131744384766,
                    0.8672481179237366,
                    3.496133327484131
                ],
                [
                    0.0,
                    0.0,
                    0.0,
                    1.0
                ]
            ]
        },
        {
            "file_path": "./train/r_11",
            "rotation": 0.06283185307179587,
            "transform_matrix": [
                [
                    -0.9968308210372925,
                    -0.037983451038599014,
                    0.06928156316280365,
                    0.2792944610118866
                ],
                [
                    0.07900983095169067,
                    -0.47921982407569885,
                    0.8740937113761902,
                    3.5237300395965576
                ],
                [
                    0.0,
                    0.8768668174743652,
                    0.48070529103279114,
                    1.9378650188446045
                ],
                [
                    0.0,
                    0.0,
                    0.0,
                    1.0
                ]
            ]
        },
        {
            "file_path": "./train/r_12",
            "rotation": 0.06283185307179587,
            "transform_matrix": [
                [
                    0.7844150066375732,
                    0.6143699884414673,
                    -0.08476738631725311,
                    -0.34172236919403076
                ],
                [
                    -0.6201671957969666,
                    0.7770823240280151,
                    -0.10721753537654877,
                    -0.4322255551815033
                ],
                [
                    7.450261740871156e-09,
                    0.136683851480484,
                    0.9905737042427063,
                    3.993295192718506
                ],
                [
                    0.0,
                    0.0,
                    0.0,
                    1.0
                ]
            ]
        },
        {
            "file_path": "./train/r_13",
            "rotation": 0.06283185307179587,
            "transform_matrix": [
                [
                    0.7674365043640137,
                    0.4776041507720947,
                    -0.4276300370693207,
                    -1.7239030599594116
                ],
                [
                    -0.6410579681396484,
                    0.5717593431472778,
                    -0.5119333267211914,
                    -2.0637545585632324
                ],
                [
                    -1.4900520817207052e-08,
                    0.6670648455619812,
                    0.7449659109115601,
                    3.0031776428222656
                ],
                [
                    0.0,
                    0.0,
                    0.0,
                    1.0
                ]
            ]
        },
        {
            "file_path": "./train/r_14",
            "rotation": 0.06283185307179587,
            "transform_matrix": [
                [
                    0.42955639958381653,
                    0.7582367658615112,
                    -0.490425169467926,
                    -1.9770488739013672
                ],
                [
                    -0.9029926061630249,
                    0.36069560050964355,
                    -0.23329678177833557,
                    -0.940488338470459
                ],
                [
                    0.0,
                    0.5431073307991028,
                    0.839626669883728,
                    3.3847835063934326
                ],
                [
                    0.0,
                    0.0,
                    0.0,
                    1.0
                ]
            ]
        },
        {
            "file_path": "./train/r_15",
            "rotation": 0.06283185307179587,
            "transform_matrix": [
                [
                    0.7142512798309326,
                    -0.14652356505393982,
                    0.6843195557594299,
                    2.7586941719055176
                ],
                [
                    0.699828028678894,
                    0.1495433747768402,
                    -0.6984231472015381,
                    -2.8155500888824463
                ],
                [
                    0.0,
                    0.977833092212677,
                    0.2093542367219925,
                    0.8439687490463257
                ],
                [
                    0.0,
                    0.0,
                    0.0,
                    1.0
                ]
            ]
        },
        {
            "file_path": "./train/r_16",
            "rotation": 0.06283185307179587,
            "transform_matrix": [
                [
                    0.8941874504089355,
                    -0.09495896100997925,
                    0.4374096691608429,
                    1.7633274793624878
                ],
                [
                    0.44759702682495117,
                    0.18970435857772827,
                    -0.873835563659668,
                    -3.5226891040802
                ],
                [
                    0.0,
                    0.9772334098815918,
                    0.21213601529598236,
                    0.8551828861236572
                ],
                [
                    0.0,
                    0.0,
                    0.0,
                    1.0
                ]
            ]
        },
        {
            "file_path": "./train/r_17",
            "rotation": 0.06283185307179587,
            "transform_matrix": [
                [
                    0.1935720294713974,
                    0.6886427402496338,
                    -0.6987507939338684,
                    -2.816870927810669
                ],
                [
                    -0.9810423254966736,
                    0.13587790727615356,
                    -0.1378723382949829,
                    -0.5558041334152222
                ],
                [
                    0.0,
                    0.712248682975769,
                    0.7018945217132568,
                    2.8295440673828125
                ],
                [
                    0.0,
                    0.0,
                    0.0,
                    1.0
                ]
            ]
        },
        {
            "file_path": "./train/r_18",
            "rotation": 0.06283185307179587,
            "transform_matrix": [
                [
                    0.8809607625007629,
                    -0.41156846284866333,
                    0.23333822190761566,
                    0.9406553506851196
                ],
                [
                    0.47309866547584534,
                    0.7663848996162415,
                    -0.43450093269348145,
                    -1.7516015768051147
                ],
                [
                    -1.4900522593563892e-08,
                    0.49320927262306213,
                    0.8698732852935791,
                    3.506716251373291
                ],
                [
                    0.0,
                    0.0,
                    0.0,
                    1.0
                ]
            ]
        },
        {
            "file_path": "./train/r_19",
            "rotation": 0.06283185307179587,
            "transform_matrix": [
                [
                    -0.9958896636962891,
                    -0.03176824375987053,
                    0.08431448042392731,
                    0.339896559715271
                ],
                [
                    0.0901002436876297,
                    -0.35113850235939026,
                    0.9319388270378113,
                    3.75692081451416
                ],
                [
                    1.862565213173184e-09,
                    0.9357790350914001,
                    0.3525598645210266,
                    1.4212729930877686
                ],
                [
                    0.0,
                    0.0,
                    0.0,
                    1.0
                ]
            ]
        },
        {
            "file_path": "./train/r_20",
            "rotation": 0.06283185307179587,
            "transform_matrix": [
                [
                    -0.24583794176578522,
                    0.47746822237968445,
                    -0.8435173034667969,
                    -3.40046763420105
                ],
                [
                    -0.9692667722702026,
                    -0.12110164016485214,
                    0.2139437347650528,
                    0.8624703884124756
                ],
                [
                    7.4502626290495755e-09,
                    0.8702576160430908,
                    0.492568701505661,
                    1.9856899976730347
                ],
                [
                    0.0,
                    0.0,
                    0.0,
                    1.0
                ]
            ]
        },
        {
            "file_path": "./train/r_21",
            "rotation": 0.06283185307179587,
            "transform_matrix": [
                [
                    0.3409324884414673,
                    -0.31220149993896484,
                    0.886690080165863,
                    3.574509859085083
                ],
                [
                    0.9400421380996704,
                    0.11322858184576035,
                    -0.3215828835964203,
                    -1.2963956594467163
                ],
                [
                    0.0,
                    0.9432387948036194,
                    0.33208808302879333,
                    1.3387451171875
                ],
                [
                    0.0,
                    0.0,
                    0.0,
                    1.0
                ]
            ]
        },
        {
            "file_path": "./train/r_22",
            "rotation": 0.06283185307179587,
            "transform_matrix": [
                [
                    0.09907273203134537,
                    -0.5134885311126709,
                    0.8523207902908325,
                    3.4359564781188965
                ],
                [
                    0.9950370192527771,
                    0.051126446574926376,
                    -0.08486293256282806,
                    -0.34210750460624695
                ],
                [
                    7.4502595204251065e-09,
                    0.8565661907196045,
                    0.5160087943077087,
                    2.080183744430542
                ],
                [
                    0.0,
                    0.0,
                    0.0,
                    1.0
                ]
            ]
        },
        {
            "file_path": "./train/r_23",
            "rotation": 0.06283185307179587,
            "transform_matrix": [
                [
                    -0.5883818864822388,
                    -0.3384174704551697,
                    0.734305739402771,
                    2.9602034091949463
                ],
                [
                    0.8085300922393799,
                    -0.2462725043296814,
                    0.534367561340332,
                    2.15419340133667
                ],
                [
                    0.0,
                    0.9081923961639404,
                    0.41852572560310364,
                    1.687200903892517
                ],
                [
                    0.0,
                    0.0,
                    0.0,
                    1.0
                ]
            ]
        },
        {
            "file_path": "./train/r_24",
            "rotation": 0.06283185307179587,
            "transform_matrix": [
                [
                    -0.9944669604301453,
                    0.013359982520341873,
                    -0.10378421097993851,
                    -0.4183848202228546
                ],
                [
                    -0.10464034974575043,
                    -0.12696881592273712,
                    0.9863304495811462,
                    3.976189613342285
                ],
                [
                    9.31282606586592e-10,
                    0.9918116331100464,
                    0.12766513228416443,
                    0.5146558880805969
                ],
                [
                    0.0,
                    0.0,
                    0.0,
                    1.0
                ]
            ]
        },
        {
            "file_path": "./train/r_25",
            "rotation": 0.06283185307179587,
            "transform_matrix": [
                [
                    -0.20282042026519775,
                    0.9667240977287292,
                    -0.15586356818675995,
                    -0.6283320188522339
                ],
                [
                    -0.9791721701622009,
                    -0.20024198293685913,
                    0.03228473290801048,
                    0.13014927506446838
                ],
                [
                    0.0,
                    0.15917804837226868,
                    0.9872090220451355,
                    3.9797310829162598
                ],
                [
                    0.0,
                    0.0,
                    0.0,
                    1.0
                ]
            ]
        },
        {
            "file_path": "./train/r_26",
            "rotation": 0.06283185307179587,
            "transform_matrix": [
                [
                    0.5980474352836609,
                    -0.3420444130897522,
                    0.7247548699378967,
                    2.9217007160186768
                ],
                [
                    0.8014070987701416,
                    0.2552495300769806,
                    -0.5408459901809692,
                    -2.180309534072876
                ],
                [
                    0.0,
                    0.904346764087677,
                    0.4267710745334625,
                    1.7204400300979614
                ],
                [
                    0.0,
                    0.0,
                    0.0,
                    1.0
                ]
            ]
        },
        {
            "file_path": "./train/r_27",
            "rotation": 0.06283185307179587,
            "transform_matrix": [
                [
                    -0.466912180185318,
                    -0.7209362387657166,
                    0.5120530128479004,
                    2.064237117767334
                ],
                [
                    0.8842551112174988,
                    -0.3806751072406769,
                    0.2703787386417389,
                    1.0899766683578491
                ],
                [
                    0.0,
                    0.5790744423866272,
                    0.8152388334274292,
                    3.286468505859375
                ],
                [
                    0.0,
                    0.0,
                    0.0,
                    1.0
                ]
            ]
        },
        {
            "file_path": "./train/r_28",
            "rotation": 0.06283185307179587,
            "transform_matrix": [
                [
                    0.7906184196472168,
                    0.5265278816223145,
                    -0.312452107667923,
                    -1.2595868110656738
                ],
                [
                    -0.6122390627861023,
                    0.6799347996711731,
                    -0.40348681807518005,
                    -1.6265745162963867
                ],
                [
                    0.0,
                    0.5103399157524109,
                    0.8599357008934021,
                    3.4666547775268555
                ],
                [
                    0.0,
                    0.0,
                    0.0,
                    1.0
                ]
            ]
        },
        {
            "file_path": "./train/r_29",
            "rotation": 0.06283185307179587,
            "transform_matrix": [
                [
                    0.10716622322797775,
                    -0.7197965383529663,
                    0.6858304142951965,
                    2.764785051345825
                ],
                [
                    0.9941979050636292,
                    0.0775880441069603,
                    -0.07392677664756775,
                    -0.29802069067955017
                ],
                [
                    0.0,
                    0.6898282170295715,
                    0.7239397764205933,
                    2.9184153079986572
                ],
                [
                    0.0,
                    0.0,
                    0.0,
                    1.0
                ]
            ]
        },
        {
            "file_path": "./train/r_30",
            "rotation": 0.06283185307179587,
            "transform_matrix": [
                [
                    0.016868961974978447,
                    -0.6555269360542297,
                    0.7549493908882141,
                    3.043423652648926
                ],
                [
                    0.9998147487640381,
                    0.011060108430683613,
                    -0.012737571261823177,
                    -0.051348909735679626
                ],
                [
                    0.0,
                    0.755084216594696,
                    0.6555964350700378,
                    2.6429028511047363
                ],
                [
                    0.0,
                    0.0,
                    0.0,
                    1.0
                ]
            ]
        },
        {
            "file_path": "./train/r_31",
            "rotation": 0.06283185307179587,
            "transform_matrix": [
                [
                    -0.36753252148628235,
                    -0.22460375726222992,
                    0.902437686920166,
                    3.6379923820495605
                ],
                [
                    0.9299644827842712,
                    -0.088765949010849,
                    0.3566536009311676,
                    1.4377758502960205
                ],
                [
                    0.0,
                    0.9703935980796814,
                    0.24149951338768005,
                    0.9735557436943054
                ],
                [
                    0.0,
                    0.0,
                    0.0,
                    1.0
                ]
            ]
        },
        {
            "file_path": "./train/r_32",
            "rotation": 0.06283185307179587,
            "transform_matrix": [
                [
                    -0.19575075805187225,
                    -0.5764334201812744,
                    0.7933142185211182,
                    3.1980841159820557
                ],
                [
                    0.9806100130081177,
                    -0.1150684580206871,
                    0.1583625078201294,
                    0.6384060382843018
                ],
                [
                    0.0,
                    0.8089953660964966,
                    0.587785005569458,
                    2.369534969329834
                ],
                [
                    0.0,
                    0.0,
                    0.0,
                    1.0
                ]
            ]
        },
        {
            "file_path": "./train/r_33",
            "rotation": 0.06283185307179587,
            "transform_matrix": [
                [
                    0.9971345663070679,
                    0.039536986500024796,
                    -0.06382597982883453,
                    -0.25730136036872864
                ],
                [
                    -0.07507860660552979,
                    0.525098979473114,
                    -0.8476861119270325,
                    -3.4172730445861816
                ],
                [
                    0.0,
                    0.8501164317131042,
                    0.5265662670135498,
                    2.122744083404541
                ],
                [
                    0.0,
                    0.0,
                    0.0,
                    1.0
                ]
            ]
        },
        {
            "file_path": "./train/r_34",
            "rotation": 0.06283185307179587,
            "transform_matrix": [
                [
                    -0.9318035840988159,
                    -0.09884569048881531,
                    0.3491228520870209,
                    1.4074174165725708
                ],
                [
                    0.36284446716308594,
                    -0.25384092330932617,
                    0.896565854549408,
                    3.614321708679199
                ],
                [
                    -7.450260408603526e-09,
                    0.9621769189834595,
                    0.27239730954170227,
                    1.0981141328811646
                ],
                [
                    0.0,
                    0.0,
                    0.0,
                    1.0
                ]
            ]
        },
        {
            "file_path": "./train/r_35",
            "rotation": 0.06283185307179587,
            "transform_matrix": [
                [
                    0.8286062479019165,
                    -0.47320058941841125,
                    0.29903918504714966,
                    1.2055152654647827
                ],
                [
                    0.559755265712738,
                    0.7004792094230652,
                    -0.4426679313182831,
                    -1.7845252752304077
                ],
                [
                    -1.4900521705385472e-08,
                    0.5342285633087158,
                    0.845303475856781,
                    3.407668113708496
                ],
                [
                    0.0,
                    0.0,
                    0.0,
                    1.0
                ]
            ]
        },
        {
            "file_path": "./train/r_36",
            "rotation": 0.06283185307179587,
            "transform_matrix": [
                [
                    -0.918624758720398,
                    -0.36544615030288696,
                    0.1500064730644226,
                    0.604720413684845
                ],
                [
                    0.39502227306365967,
                    -0.8498454093933105,
                    0.34884020686149597,
                    1.4062780141830444
                ],
                [
                    0.0,
                    0.37973931431770325,
                    0.9250545501708984,
                    3.729168176651001
                ],
                [
                    0.0,
                    0.0,
                    0.0,
                    1.0
                ]
            ]
        },
        {
            "file_path": "./train/r_37",
            "rotation": 0.06283185307179587,
            "transform_matrix": [
                [
                    -0.9954879879951477,
                    -0.05007283762097359,
                    0.08006691932678223,
                    0.32277339696884155
                ],
                [
                    0.09443405270576477,
                    -0.5278488397598267,
                    0.8440351486206055,
                    3.402554988861084
                ],
                [
                    -3.725130204301763e-09,
                    0.8478550910949707,
                    0.5301993489265442,
                    2.13739013671875
                ],
                [
                    0.0,
                    0.0,
                    0.0,
                    1.0
                ]
            ]
        },
        {
            "file_path": "./train/r_38",
            "rotation": 0.06283185307179587,
            "transform_matrix": [
                [
                    -0.24200047552585602,
                    0.8713501691818237,
                    -0.42679837346076965,
                    -1.7205504179000854
                ],
                [
                    -0.9702318906784058,
                    -0.21733686327934265,
                    0.10645435750484467,
                    0.42914897203445435
                ],
                [
                    -7.450260852692736e-09,
                    0.4398903250694275,
                    0.8980133533477783,
                    3.62015700340271
                ],
                [
                    0.0,
                    0.0,
                    0.0,
                    1.0
                ]
            ]
        },
        {
            "file_path": "./train/r_39",
            "rotation": 0.06283185307179587,
            "transform_matrix": [
                [
                    -0.3914530277252197,
                    -0.14420385658740997,
                    0.9087839126586914,
                    3.663576364517212
                ],
                [
                    0.92015141248703,
                    -0.06134754791855812,
                    0.3866170346736908,
                    1.5585674047470093
                ],
                [
                    -3.725130426346368e-09,
                    0.9876394867897034,
                    0.1567050963640213,
                    0.6317245364189148
                ],
                [
                    0.0,
                    0.0,
                    0.0,
                    1.0
                ]
            ]
        },
        {
            "file_path": "./train/r_40",
            "rotation": 0.06283185307179587,
            "transform_matrix": [
                [
                    -0.3312293291091919,
                    -0.19087952375411987,
                    0.9239977598190308,
                    3.724907875061035
                ],
                [
                    0.9435048699378967,
                    -0.06701067835092545,
                    0.32438111305236816,
                    1.3076761960983276
                ],
                [
                    3.725130426346368e-09,
                    0.979318380355835,
                    0.20229299366474152,
                    0.8155028223991394
                ],
                [
                    0.0,
                    0.0,
                    0.0,
                    1.0
                ]
            ]
        },
        {
            "file_path": "./train/r_41",
            "rotation": 0.06283185307179587,
            "transform_matrix": [
                [
                    0.5377205014228821,
                    0.6067520380020142,
                    -0.5853647589683533,
                    -2.35977840423584
                ],
                [
                    -0.8430723547935486,
                    0.3869929015636444,
                    -0.37335190176963806,
                    -1.5050917863845825
                ],
                [
                    -1.4900521705385472e-08,
                    0.6943188309669495,
                    0.719634473323822,
                    2.901059150695801
                ],
                [
                    0.0,
                    0.0,
                    0.0,
                    1.0
                ]
            ]
        },
        {
            "file_path": "./train/r_42",
            "rotation": 0.06283185307179587,
            "transform_matrix": [
                [
                    0.8199767470359802,
                    -0.5434507727622986,
                    0.17954382300376892,
                    0.7237942218780518
                ],
                [
                    0.5723217725753784,
                    0.7786127328872681,
                    -0.25723597407341003,
                    -1.036994218826294
                ],
                [
                    0.0,
                    0.3137092590332031,
                    0.949479341506958,
                    3.827631711959839
                ],
                [
                    0.0,
                    0.0,
                    0.0,
                    1.0
                ]
            ]
        },
        {
            "file_path": "./train/r_43",
            "rotation": 0.06283185307179587,
            "transform_matrix": [
                [
                    -0.05387089401483536,
                    -0.8698497414588928,
                    0.49033820629119873,
                    1.9766982793807983
                ],
                [
                    0.9985049366950989,
                    -0.046929746866226196,
                    0.026454508304595947,
                    0.10664594173431396
                ],
                [
                    0.0,
                    0.49106913805007935,
                    0.8710831999778748,
                    3.511593818664551
                ],
                [
                    0.0,
                    0.0,
                    0.0,
                    1.0
                ]
            ]
        },
        {
            "file_path": "./train/r_44",
