{
    "camera_angle_x": 0.6911112070083618,
    "frames": [
        {
            "file_path": "./train/r_0",
            "rotation": 0.06283185307179587,
            "transform_matrix": [
                [
                    -0.9953599572181702,
                    -0.07963788509368896,
                    0.05320676043629646,
                    0.21449217200279236
                ],
                [
                    0.09577401727437973,
                    -0.8276604413986206,
                    0.5529671311378479,
                    2.2291738986968994
                ],
                [
                    -3.725130426346368e-09,
                    0.5555411577224731,
                    0.8314528465270996,
                    3.3518319129943848
                ],
                [
                    0.0,
                    0.0,
                    0.0,
                    1.0
                ]
            ]
        },
        {
            "file_path": "./train/r_1",
            "rotation": 0.06283185307179587,
            "transform_matrix": [
                [
                    -0.919202983379364,
                    0.17227882146835327,
                    -0.35398104786872864,
                    -1.4270020723342896
                ],
                [
                    -0.3936748802661896,
                    -0.40225890278816223,
                    0.8265207409858704,
                    3.33194899559021
                ],
                [
                    0.0,
                    0.8991649746894836,
                    0.437582403421402,
                    1.764023780822754
                ],
                [
                    0.0,
                    0.0,
                    0.0,
                    1.0
                ]
            ]
        },
        {
            "file_path": "./train/r_2",
            "rotation": 0.06283185307179587,
            "transform_matrix": [
                [
                    0.7387143969535828,
                    -0.4594462513923645,
                    0.49309349060058594,
                    1.9878054857254028
                ],
                [
                    0.673954963684082,
                    0.5035938024520874,
                    -0.5404741168022156,
                    -2.1788110733032227
                ],
                [
                    0.0,
                    0.7316367626190186,
                    0.6816626191139221,
                    2.74798321723938
                ],
                [
                    0.0,
                    0.0,
                    0.0,
                    1.0
                ]
            ]
        },
        {
            "file_path": "./train/r_3",
            "rotation": 0.06283185307179587,
            "transform_matrix": [
                [
                    0.2374967336654663,
                    -0.13505679368972778,
                    0.9619113802909851,
                    3.877748966217041
                ],
                [
                    0.9713442325592041,
                    0.03302181512117386,
                    -0.23519037663936615,
                    -0.9481219053268433
                ],
                [
                    -3.725130426346368e-09,
                    0.990282416343689,
                    0.1390301138162613,
                    0.5604714155197144
                ],
                [
                    0.0,
                    0.0,
                    0.0,
                    1.0
                ]
            ]
        },
        {
            "file_path": "./train/r_4",
            "rotation": 0.06283185307179587,
            "transform_matrix": [
                [
                    -0.09010084718465805,
                    0.2916274964809418,
                    -0.952238917350769,
                    -3.8387560844421387
                ],
                [
                    -0.9958896040916443,
                    -0.02638433501124382,
                    0.08615165203809738,
                    0.34730273485183716
                ],
                [
                    0.0,
                    0.9561627507209778,
                    0.29280802607536316,
                    1.1803956031799316
                ],
                [
                    0.0,
                    0.0,
                    0.0,
                    1.0
                ]
            ]
        },
        {
            "file_path": "./train/r_5",
            "rotation": 0.06283185307179587,
            "transform_matrix": [
                [
                    0.3032662868499756,
                    -0.5386291146278381,
                    0.7860320210456848,
                    3.168727397918701
                ],
                [
                    0.9528608322143555,
                    0.1714290976524353,
                    -0.2501698136329651,
                    -1.0085084438323975
                ],
                [
                    -1.4900521705385472e-08,
                    0.8249124884605408,
                    0.5652310252189636,
                    2.278613328933716
                ],
                [
                    0.0,
                    0.0,
                    0.0,
                    1.0
                ]
            ]
        },
        {
            "file_path": "./train/r_6",
            "rotation": 0.06283185307179587,
            "transform_matrix": [
                [
                    0.13009485602378845,
                    0.9914634227752686,
                    -0.008013243786990643,
                    -0.03230375051498413
                ],
                [
                    -0.9914582371711731,
                    0.13009554147720337,
                    -0.0010514630703255534,
                    -0.004238758236169815
                ],
                [
                    0.0,
                    0.008082677610218525,
                    0.9999260306358337,
                    4.030997276306152
                ],
                [
                    0.0,
                    0.0,
                    0.0,
                    1.0
                ]
            ]
        },
        {
            "file_path": "./train/r_7",
            "rotation": 0.06283185307179587,
            "transform_matrix": [
                [
                    0.2657538056373596,
                    0.6917416453361511,
                    -0.6714315414428711,
                    -2.7067389488220215
                ],
                [
                    -0.963996410369873,
                    0.19069883227348328,
                    -0.1850997358560562,
                    -0.7461917400360107
                ],
                [
                    1.4900521705385472e-08,
                    0.6965035796165466,
                    0.7175202369689941,
                    2.892535924911499
                ],
                [
                    0.0,
                    0.0,
                    0.0,
                    1.0
                ]
            ]
        },
        {
            "file_path": "./train/r_8",
            "rotation": 0.06283185307179587,
            "transform_matrix": [
                [
                    -0.10430621355772018,
                    -0.6867465376853943,
                    0.7193406224250793,
                    2.899874448776245
                ],
                [
                    0.9945021271705627,
                    -0.07202792912721634,
                    0.07544649392366409,
                    0.3041470944881439
                ],
                [
                    -3.725130648390973e-09,
                    0.7233126163482666,
                    0.6904884576797485,
                    2.7835628986358643
                ],
                [
                    0.0,
                    0.0,
                    0.0,
                    1.0
                ]
            ]
        },
        {
            "file_path": "./train/r_9",
            "rotation": 0.06283185307179587,
            "transform_matrix": [
                [
                    -0.994251549243927,
                    -0.10179459303617477,
                    0.031883616000413895,
                    0.1285322904586792
                ],
                [
                    0.10666731745004654,
                    -0.9488326907157898,
                    0.2971888780593872,
                    1.1980562210083008
                ],
                [
                    0.0,
                    0.29890504479408264,
                    0.9542429447174072,
                    3.846835136413574
                ],
                [
                    0.0,
                    0.0,
                    0.0,
                    1.0
                ]
            ]
        },
        {
            "file_path": "./train/r_10",
            "rotation": 0.06283185307179587,
            "transform_matrix": [
                [
                    -0.934994101524353,
                    -0.28114452958106995,
                    0.21601898968219757,
                    0.8708363771438599
                ],
                [
                    0.3545423746109009,
                    -0.7414302825927734,
                    0.5696821808815002,
                    2.2965571880340576
                ],
                [
                    -1.4900522593563892e-08,
                    0.6092856526374817,
                    0.7929156422615051,
                    3.1964774131774902
                ],
                [
                    0.0,
                    0.0,
                    0.0,
                    1.0
                ]
            ]
        },
        {
            "file_path": "./train/r_11",
            "rotation": 0.06283185307179587,
            "transform_matrix": [
                [
                    -0.21287497878074646,
                    0.3914777338504791,
                    -0.8951858878135681,
                    -3.6087586879730225
                ],
                [
                    -0.9770355224609375,
                    -0.08529455959796906,
                    0.195041686296463,
                    0.7862706780433655
                ],
                [
                    -7.450261296781946e-09,
                    0.9162203669548035,
                    0.40064746141433716,
                    1.6151282787322998
                ],
                [
                    0.0,
                    0.0,
                    0.0,
                    1.0
                ]
            ]
        },
        {
            "file_path": "./train/r_12",
            "rotation": 0.06283185307179587,
            "transform_matrix": [
                [
                    0.4275927245616913,
                    0.8157832622528076,
                    -0.38939324021339417,
                    -1.5697593688964844
                ],
                [
                    -0.9039239883422852,
                    0.385898619890213,
                    -0.18419882655143738,
                    -0.7425599098205566
                ],
                [
                    0.0,
                    0.4307781159877777,
                    0.9024194478988647,
                    3.6379196643829346
                ],
                [
                    0.0,
                    0.0,
                    0.0,
                    1.0
                ]
            ]
        },
        {
            "file_path": "./train/r_13",
            "rotation": 0.06283185307179587,
            "transform_matrix": [
                [
                    -0.9929619431495667,
                    -0.11580801755189896,
                    0.023028124123811722,
                    0.09283317625522614
                ],
                [
                    0.118071049451828,
                    -0.9739301204681396,
                    0.19366349279880524,
                    0.780714750289917
                ],
                [
                    0.0,
                    0.19503478705883026,
                    0.9807555675506592,
                    3.9537155628204346
                ],
                [
                    0.0,
                    0.0,
                    0.0,
                    1.0
                ]
            ]
        },
        {
            "file_path": "./train/r_14",
            "rotation": 0.06283185307179587,
            "transform_matrix": [
                [
                    0.9671165347099304,
                    -0.18882468342781067,
                    0.17014077305793762,
                    0.6858877539634705
                ],
                [
                    0.25416499376296997,
                    0.7184917330741882,
                    -0.6473981142044067,
                    -2.6098532676696777
                ],
                [
                    7.450261296781946e-09,
                    0.6694062352180481,
                    0.7428627610206604,
                    2.994699239730835
                ],
                [
                    0.0,
                    0.0,
                    0.0,
                    1.0
                ]
            ]
        },
        {
            "file_path": "./train/r_15",
            "rotation": 0.06283185307179587,
            "transform_matrix": [
                [
                    -0.3992091715335846,
                    0.21859687566757202,
                    -0.8903750777244568,
                    -3.589365005493164
                ],
                [
                    -0.91681307554245,
                    -0.09518393874168396,
                    0.3876972496509552,
                    1.5629221200942993
                ],
                [
                    -7.450260408603526e-09,
                    0.9711567163467407,
                    0.23841233551502228,
                    0.9611105918884277
                ],
                [
                    0.0,
                    0.0,
                    0.0,
                    1.0
                ]
            ]
        },
        {
            "file_path": "./train/r_16",
            "rotation": 0.06283185307179587,
            "transform_matrix": [
                [
                    0.17757228016853333,
                    0.4511617422103882,
                    -0.8745588660240173,
                    -3.5256052017211914
                ],
                [
                    -0.9840642213821411,
                    0.08141116052865982,
                    -0.15781226754188538,
                    -0.6361878514289856
                ],
                [
                    0.0,
                    0.8887155055999756,
                    0.45843151211738586,
                    1.8480727672576904
                ],
                [
                    0.0,
                    0.0,
                    0.0,
                    1.0
                ]
            ]
        },
        {
            "file_path": "./train/r_17",
            "rotation": 0.06283185307179587,
            "transform_matrix": [
                [
                    0.021737301722168922,
                    -0.5029885768890381,
                    0.8639824390411377,
                    3.48296856880188
                ],
                [
                    0.9997208714485168,
                    0.010936668142676353,
                    -0.01878589205443859,
                    -0.07573148608207703
                ],
                [
                    0.0,
                    0.86421799659729,
                    0.503089189529419,
                    2.0281012058258057
                ],
                [
                    0.0,
                    0.0,
                    0.0,
                    1.0
                ]
            ]
        },
        {
            "file_path": "./train/r_18",
            "rotation": 0.06283185307179587,
            "transform_matrix": [
                [
                    -0.9964666366577148,
                    0.01997562125325203,
                    -0.08105264604091644,
                    -0.3267471492290497
                ],
                [
                    -0.08347757160663605,
                    -0.23844774067401886,
                    0.9675202965736389,
                    3.900360345840454
                ],
                [
                    0.0,
                    0.9709447026252747,
                    0.2392743080854416,
                    0.9645854234695435
                ],
                [
                    0.0,
                    0.0,
                    0.0,
                    1.0
                ]
            ]
        },
        {
            "file_path": "./train/r_19",
            "rotation": 0.06283185307179587,
            "transform_matrix": [
                [
                    0.9311527609825134,
                    -0.29935160279273987,
                    0.2080008089542389,
                    0.8385127186775208
                ],
                [
                    0.36451175808906555,
                    0.7646998167037964,
                    -0.5313423871994019,
                    -2.141998052597046
                ],
                [
                    1.4900524369920731e-08,
                    0.5706246495246887,
                    0.8211749196052551,
                    3.310398817062378
                ],
                [
                    0.0,
                    0.0,
                    0.0,
                    1.0
                ]
            ]
        },
        {
            "file_path": "./train/r_20",
            "rotation": 0.06283185307179587,
            "transform_matrix": [
                [
                    0.9567403793334961,
                    0.2907915413379669,
                    -0.002972237067297101,
                    -0.011981964111328125
                ],
                [
                    -0.2907957136631012,
                    0.956726610660553,
                    -0.009778888896107674,
                    -0.03942158818244934
                ],
                [
                    0.0,
                    0.010216856375336647,
                    0.9999065399169922,
                    4.030918121337891
                ],
                [
                    0.0,
                    0.0,
                    0.0,
                    1.0
                ]
            ]
        },
        {
            "file_path": "./train/r_21",
            "rotation": 0.06283185307179587,
            "transform_matrix": [
                [
                    -0.7317800521850586,
                    -0.2057413011789322,
                    0.649682343006134,
                    2.6190614700317383
                ],
                [
                    0.6814778447151184,
                    -0.22092777490615845,
                    0.697637677192688,
                    2.8123834133148193
                ],
                [
                    -1.4900521705385472e-08,
                    0.9533370733261108,
                    0.3018806576728821,
                    1.2169700860977173
                ],
                [
                    0.0,
                    0.0,
                    0.0,
                    1.0
                ]
            ]
        },
        {
            "file_path": "./train/r_22",
            "rotation": 0.06283185307179587,
            "transform_matrix": [
                [
                    0.7400094866752625,
                    -0.5285130739212036,
                    0.4159274697303772,
                    1.6767264604568481
                ],
                [
                    0.6725325584411621,
                    0.5815402269363403,
                    -0.4576586186885834,
                    -1.8449569940567017
                ],
                [
                    0.0,
                    0.6184454560279846,
                    0.7857928276062012,
                    3.1677629947662354
                ],
                [
                    0.0,
                    0.0,
                    0.0,
                    1.0
                ]
            ]
        },
        {
            "file_path": "./train/r_23",
            "rotation": 0.06283185307179587,
            "transform_matrix": [
                [
                    0.6363938450813293,
                    0.617892324924469,
                    -0.46168795228004456,
                    -1.8612005710601807
                ],
                [
                    -0.7713087797164917,
                    0.5098125338554382,
                    -0.38093096017837524,
                    -1.5356452465057373
                ],
                [
                    -1.4900524369920731e-08,
                    0.5985734462738037,
                    0.801032543182373,
                    3.229198932647705
                ],
                [
                    0.0,
                    0.0,
                    0.0,
                    1.0
                ]
            ]
        },
        {
            "file_path": "./train/r_24",
            "rotation": 0.06283185307179587,
            "transform_matrix": [
                [
                    0.15912768244743347,
                    0.4217660427093506,
                    -0.8925927877426147,
                    -3.5983054637908936
                ],
                [
                    -0.9872145652770996,
                    0.06798386573791504,
                    -0.14387574791908264,
                    -0.5800056457519531
                ],
                [
                    0.0,
                    0.9041467905044556,
                    0.4271945357322693,
                    1.7221473455429077
                ],
                [
                    0.0,
                    0.0,
                    0.0,
                    1.0
                ]
            ]
        },
        {
            "file_path": "./train/r_25",
            "rotation": 0.06283185307179587,
            "transform_matrix": [
                [
                    0.8182627558708191,
                    0.29876041412353516,
                    -0.4910293519496918,
                    -1.9794844388961792
                ],
                [
                    -0.5747696161270142,
                    0.4253261983394623,
                    -0.6990472078323364,
                    -2.818065643310547
                ],
                [
                    1.4900520817207052e-08,
                    0.8543006777763367,
                    0.5197504758834839,
                    2.0952677726745605
                ],
                [
                    0.0,
                    0.0,
                    0.0,
                    1.0
                ]
            ]
        },
        {
            "file_path": "./train/r_26",
            "rotation": 0.06283185307179587,
            "transform_matrix": [
                [
                    -0.10923249274492264,
                    -0.7311957478523254,
                    0.6733328104019165,
                    2.7144036293029785
                ],
                [
                    0.9939731359481812,
                    -0.08035461604595184,
                    0.07399578392505646,
                    0.2982988655567169
                ],
                [
                    3.7251313145247877e-09,
                    0.6774110794067383,
                    0.7355710864067078,
                    2.965304374694824
                ],
                [
                    0.0,
                    0.0,
                    0.0,
                    1.0
                ]
            ]
        },
        {
            "file_path": "./train/r_27",
            "rotation": 0.06283185307179587,
            "transform_matrix": [
                [
                    0.49253198504447937,
                    0.44836315512657166,
                    -0.7458645701408386,
                    -3.006800413131714
                ],
                [
                    -0.8702450394630432,
                    0.2537597715854645,
                    -0.42213645577430725,
                    -1.7017567157745361
                ],
                [
                    -1.4900521705385472e-08,
                    0.8570684194564819,
                    0.5151740312576294,
                    2.0768187046051025
                ],
                [
                    0.0,
                    0.0,
                    0.0,
                    1.0
                ]
            ]
        },
        {
            "file_path": "./train/r_28",
            "rotation": 0.06283185307179587,
            "transform_matrix": [
                [
                    -0.5063909888267517,
                    0.6214420795440674,
                    -0.5977644920349121,
                    -2.4097654819488525
                ],
                [
                    -0.8622541427612305,
                    -0.3649651110172272,
                    0.35105955600738525,
                    1.4152247905731201
                ],
                [
                    0.0,
                    0.693253219127655,
                    0.7206608653068542,
                    2.9051969051361084
                ],
                [
                    0.0,
                    0.0,
                    0.0,
                    1.0
                ]
            ]
        },
        {
            "file_path": "./train/r_29",
            "rotation": 0.06283185307179587,
            "transform_matrix": [
                [
                    -0.8634753823280334,
                    -0.4670847952365875,
                    0.19019150733947754,
                    0.7667180895805359
                ],
                [
                    0.5043057799339294,
                    -0.7997454404830933,
                    0.3256470561027527,
                    1.312779426574707
                ],
                [
                    -1.4900519929028633e-08,
                    0.3771328628063202,
                    0.9261202216148376,
                    3.733464002609253
                ],
                [
                    0.0,
                    0.0,
                    0.0,
                    1.0
                ]
            ]
        },
        {
            "file_path": "./train/r_30",
            "rotation": 0.06283185307179587,
            "transform_matrix": [
                [
                    -0.7858707904815674,
                    0.18242715299129486,
                    -0.5908005833625793,
                    -2.3816912174224854
                ],
                [
                    -0.6183212995529175,
                    -0.23186029493808746,
                    0.7508926391601562,
                    3.027069568634033
                ],
                [
                    1.4900520817207052e-08,
                    0.9554847478866577,
                    0.29501283168792725,
                    1.1892836093902588
                ],
                [
                    0.0,
                    0.0,
                    0.0,
                    1.0
                ]
            ]
        },
        {
            "file_path": "./train/r_31",
            "rotation": 0.06283185307179587,
            "transform_matrix": [
                [
                    -0.9886212348937988,
                    -0.06855376809835434,
                    0.13357828557491302,
                    0.5384935140609741
                ],
                [
                    0.1501411646604538,
                    -0.45139992237091064,
                    0.8795611262321472,
                    3.5457708835601807
                ],
                [
                    -3.725130870435578e-09,
                    0.8896788358688354,
                    0.4565592408180237,
                    1.8405252695083618
                ],
                [
                    0.0,
                    0.0,
                    0.0,
                    1.0
                ]
            ]
        },
        {
            "file_path": "./train/r_32",
            "rotation": 0.06283185307179587,
            "transform_matrix": [
                [
                    0.9324202537536621,
                    0.30888962745666504,
                    -0.18735292553901672,
                    -0.7552750110626221
                ],
                [
                    -0.3612569272518158,
                    0.7972579002380371,
                    -0.4835662543773651,
                    -1.9493985176086426
                ],
                [
                    0.0,
                    0.5186106562614441,
                    0.854973554611206,
                    3.4466512203216553
                ],
                [
                    0.0,
                    0.0,
                    0.0,
                    1.0
                ]
            ]
        },
        {
            "file_path": "./train/r_33",
            "rotation": 0.06283185307179587,
            "transform_matrix": [
                [
                    -0.7692230343818665,
                    -0.6109585762023926,
                    0.18699760735034943,
                    0.7538425922393799
                ],
                [
                    0.6389131546020508,
                    -0.7355669140815735,
                    0.22513681650161743,
                    0.9075929522514343
                ],
                [
                    -1.4900520817207052e-08,
                    0.2926788628101349,
                    0.9561708569526672,
                    3.854607105255127
                ],
                [
                    0.0,
                    0.0,
                    0.0,
                    1.0
                ]
            ]
        },
        {
            "file_path": "./train/r_34",
            "rotation": 0.06283185307179587,
            "transform_matrix": [
                [
                    -0.9643158316612244,
                    0.20794513821601868,
                    -0.16362036764621735,
                    -0.6596020460128784
                ],
                [
                    -0.2645929753780365,
                    -0.7578612565994263,
                    0.5963185429573059,
                    2.4039361476898193
                ],
                [
                    -7.450261296781946e-09,
                    0.6183810234069824,
                    0.7858434915542603,
                    3.1679673194885254
                ],
                [
                    0.0,
                    0.0,
                    0.0,
                    1.0
                ]
            ]
        },
        {
            "file_path": "./train/r_35",
            "rotation": 0.06283185307179587,
            "transform_matrix": [
                [
                    0.7641125917434692,
                    0.5212224125862122,
                    -0.37999263405799866,
                    -1.5318626165390015
                ],
                [
                    -0.6450164318084717,
                    0.6174612045288086,
                    -0.45015469193458557,
                    -1.814706563949585
                ],
                [
                    0.0,
                    0.5891171097755432,
                    0.8080121874809265,
                    3.257335901260376
                ],
                [
                    0.0,
                    0.0,
                    0.0,
                    1.0
                ]
            ]
        },
        {
            "file_path": "./train/r_36",
            "rotation": 0.06283185307179587,
            "transform_matrix": [
                [
                    -0.29497480392456055,
                    -0.9103807806968689,
                    0.29012730717658997,
                    1.1695889234542847
                ],
                [
                    0.9554601907730103,
                    -0.2810576260089874,
                    0.08956964313983917,
                    0.36108171939849854
                ],
                [
                    1.4900523481742312e-08,
                    0.3036499619483948,
                    0.9527438282966614,
                    3.840791702270508
                ],
                [
                    0.0,
                    0.0,
                    0.0,
                    1.0
                ]
            ]
        },
        {
            "file_path": "./train/r_37",
            "rotation": 0.06283185307179587,
            "transform_matrix": [
                [
                    -0.7900424003601074,
                    -0.5633811950683594,
                    0.24160504341125488,
                    0.9739812612533569
                ],
                [
                    0.6129820942878723,
                    -0.7261142134666443,
                    0.31139281392097473,
                    1.2553163766860962
                ],
                [
                    0.0,
                    0.3941442668437958,
                    0.9190097451210022,
                    3.7047996520996094
                ],
                [
                    0.0,
                    0.0,
                    0.0,
                    1.0
                ]
            ]
        },
        {
            "file_path": "./train/r_38",
            "rotation": 0.06283185307179587,
            "transform_matrix": [
                [
                    0.607024610042572,
                    0.7652900218963623,
                    -0.21403512358665466,
                    -0.8628387451171875
                ],
                [
                    -0.7946290373802185,
                    0.5846123099327087,
                    -0.16350345313549042,
                    -0.6591306924819946
                ],
                [
                    0.0,
                    0.269350528717041,
                    0.9630021452903748,
                    3.882145881652832
                ],
                [
                    0.0,
                    0.0,
                    0.0,
                    1.0
                ]
            ]
        },
        {
            "file_path": "./train/r_39",
            "rotation": 0.06283185307179587,
            "transform_matrix": [
                [
                    0.7272182106971741,
                    -0.5135579705238342,
                    0.45535334944725037,
                    1.8356636762619019
                ],
                [
                    0.6863436698913574,
                    0.5441423654556274,
                    -0.48247140645980835,
                    -1.9449845552444458
                ],
                [
                    0.0,
                    0.663443386554718,
                    0.748192548751831,
                    3.0161850452423096
                ],
                [
                    0.0,
                    0.0,
                    0.0,
                    1.0
                ]
            ]
        },
        {
            "file_path": "./train/r_40",
            "rotation": 0.06283185307179587,
            "transform_matrix": [
                [
                    0.7452422380447388,
                    0.179343581199646,
                    -0.6421587467193604,
                    -2.588731288909912
                ],
                [
                    -0.6667294502258301,
                    0.20046275854110718,
                    -0.7177781462669373,
                    -2.893575668334961
                ],
                [
                    0.0,
                    0.9631409645080566,
                    0.26896876096725464,
                    1.0842924118041992
                ],
                [
                    0.0,
                    0.0,
                    0.0,
                    1.0
                ]
            ]
        },
        {
            "file_path": "./train/r_41",
            "rotation": 0.06283185307179587,
            "transform_matrix": [
                [
                    0.11015232652425766,
                    0.9271635413169861,
                    -0.35806959867477417,
                    -1.4434843063354492
                ],
                [
                    -0.9938715100288391,
                    0.1027589738368988,
                    -0.03968540579080582,
                    -0.1599835902452469
                ],
                [
                    0.0,
                    0.36027514934539795,
                    0.9328068494796753,
                    3.7604198455810547
                ],
                [
                    0.0,
                    0.0,
                    0.0,
                    1.0
                ]
            ]
        },
        {
            "file_path": "./train/r_42",
            "rotation": 0.06283185307179587,
            "transform_matrix": [
                [
                    0.8550644516944885,
                    -0.21878685057163239,
                    0.47001662850379944,
                    1.8947758674621582
                ],
                [
                    0.5184389352798462,
                    0.3608464300632477,
                    -0.775201141834259,
                    -3.1250648498535156
                ],
                [
                    0.0,
                    0.9065936207771301,
                    0.42197737097740173,
                    1.7011154890060425
                ],
                [
                    0.0,
                    0.0,
                    0.0,
                    1.0
                ]
            ]
        },
        {
            "file_path": "./train/r_43",
            "rotation": 0.06283185307179587,
            "transform_matrix": [
                [
                    0.9201226830482483,
                    0.23968052864074707,
                    -0.3095906972885132,
                    -1.248051404953003
                ],
                [
                    -0.3915207087993622,
                    0.5632792711257935,
                    -0.7275767922401428,
                    -2.933076858520508
                ],
                [
                    0.0,
                    0.7907337546348572,
                    0.6121299266815186,
                    2.4676766395568848
                ],
                [
                    0.0,
                    0.0,
                    0.0,
                    1.0
                ]
            ]
        },
