{
    "camera_angle_x": 0.6911112070083618,
    "frames": [
        {
            "file_path": "./train/r_0",
            "rotation": 0.06283185307179587,
            "transform_matrix": [
                [
                    0.8792253732681274,
                    0.47455745935440063,
                    -0.04109944775700569,
                    -0.16568399965763092
                ],
                [
                    -0.4763159155845642,
                    0.875979483127594,
                    -0.07586493343114853,
                    -0.30583393573760986
                ],
                [
                    0.0,
                    0.08628562092781067,
                    0.996229350566864,
                    4.016094207763672
                ],
                [
                    0.0,
                    0.0,
                    0.0,
                    1.0
                ]
            ]
        },
        {
            "file_path": "./train/r_1",
            "rotation": 0.06283185307179587,
            "transform_matrix": [
                [
                    0.49159517884254456,
                    0.2852866053581238,
                    -0.8227201104164124,
                    -3.3166275024414062
                ],
                [
                    -0.8707746267318726,
                    0.16105833649635315,
                    -0.46446600556373596,
                    -1.8723995685577393
                ],
                [
                    0.0,
                    0.9448078870773315,
                    0.327597975730896,
                    1.3206441402435303
                ],
                [
                    0.0,
                    0.0,
                    0.0,
                    1.0
                ]
            ]
        },
        {
            "file_path": "./train/r_2",
            "rotation": 0.06283185307179587,
            "transform_matrix": [
                [
                    0.24801655113697052,
                    -0.3384348154067993,
                    0.9076756834983826,
                    3.659108877182007
                ],
                [
                    0.9687116146087646,
                    0.08664853125810623,
                    -0.2323896735906601,
                    -0.9368314146995544
                ],
                [
                    -7.450262184960366e-09,
                    0.93698650598526,
                    0.3493383228778839,
                    1.4082859754562378
                ],
                [
                    0.0,
                    0.0,
                    0.0,
                    1.0
                ]
            ]
        },
        {
            "file_path": "./train/r_3",
            "rotation": 0.06283185307179587,
            "transform_matrix": [
                [
                    0.03554871678352356,
                    -0.7254225015640259,
                    0.6873529553413391,
                    2.7709226608276367
                ],
                [
                    0.9993249773979187,
                    0.025805260986089706,
                    -0.02445102110505104,
                    -0.09856928139925003
                ],
                [
                    0.0,
                    0.6878125667572021,
                    0.7258549928665161,
                    2.926135778427124
                ],
                [
                    0.0,
                    0.0,
                    0.0,
                    1.0
                ]
            ]
        },
        {
            "file_path": "./train/r_4",
            "rotation": 0.06283185307179587,
            "transform_matrix": [
                [
                    -0.3056407570838928,
                    -0.702029824256897,
                    0.6431878805160522,
                    2.5928804874420166
                ],
                [
                    0.9521018266677856,
                    -0.22536341845989227,
                    0.2064741849899292,
                    0.8323584198951721
                ],
                [
                    -1.4900522593563892e-08,
                    0.6755408048629761,
                    0.7372890114784241,
                    2.9722299575805664
                ],
                [
                    0.0,
                    0.0,
                    0.0,
                    1.0
                ]
            ]
        },
        {
            "file_path": "./train/r_5",
            "rotation": 0.06283185307179587,
            "transform_matrix": [
                [
                    -0.9112420678138733,
                    0.41140514612197876,
                    -0.017626969143748283,
                    -0.07105952501296997
                ],
                [
                    -0.41176703572273254,
                    -0.9104412794113159,
                    0.039008550345897675,
                    0.15725499391555786
                ],
                [
                    0.0,
                    0.04280820116400719,
                    0.9990419745445251,
                    4.027433395385742
                ],
                [
                    0.0,
                    0.0,
                    0.0,
                    1.0
                ]
            ]
        },
        {
            "file_path": "./train/r_6",
            "rotation": 0.06283185307179587,
            "transform_matrix": [
                [
                    0.4200209677219391,
                    0.506783664226532,
                    -0.7527868747711182,
                    -3.0347063541412354
                ],
                [
                    -0.9074671268463135,
                    0.23456472158432007,
                    -0.34842726588249207,
                    -1.4046132564544678
                ],
                [
                    -1.4900521705385472e-08,
                    0.8295418620109558,
                    0.5584152936935425,
                    2.2511370182037354
                ],
                [
                    0.0,
                    0.0,
                    0.0,
                    1.0
                ]
            ]
        },
        {
            "file_path": "./train/r_7",
            "rotation": 0.06283185307179587,
            "transform_matrix": [
                [
                    0.08126282691955566,
                    -0.9859719276428223,
                    0.14575183391571045,
                    0.5875686407089233
                ],
                [
                    0.9966496825218201,
                    0.08039220422506332,
                    -0.011884021572768688,
                    -0.0479079969227314
                ],
                [
                    0.0,
                    0.14624062180519104,
                    0.9892080426216125,
                    3.9877898693084717
                ],
                [
                    0.0,
                    0.0,
                    0.0,
                    1.0
                ]
            ]
        },
        {
            "file_path": "./train/r_8",
            "rotation": 0.06283185307179587,
            "transform_matrix": [
                [
                    0.8583768606185913,
                    -0.3850627541542053,
                    0.3388829231262207,
                    1.3661372661590576
                ],
                [
                    0.5129361152648926,
                    0.6443862318992615,
                    -0.5671062469482422,
                    -2.286172866821289
                ],
                [
                    0.0,
                    0.6606683731079102,
                    0.7506438493728638,
                    3.026067018508911
                ],
                [
                    0.0,
                    0.0,
                    0.0,
                    1.0
                ]
            ]
        },
        {
            "file_path": "./train/r_9",
            "rotation": 0.06283185307179587,
            "transform_matrix": [
                [
                    0.4460279047489166,
                    -0.8912143707275391,
                    0.08228380978107452,
                    0.3317103385925293
                ],
                [
                    0.8949710130691528,
                    0.4441557228565216,
                    -0.04100789502263069,
                    -0.1653149425983429
                ],
                [
                    3.7251297602125533e-09,
                    0.09193938225507736,
                    0.9957234263420105,
                    4.014055252075195
                ],
                [
                    0.0,
                    0.0,
                    0.0,
                    1.0
                ]
            ]
        },
        {
            "file_path": "./train/r_10",
            "rotation": 0.06283185307179587,
            "transform_matrix": [
                [
                    -0.18155527114868164,
                    -0.5308459401130676,
                    0.8277547359466553,
                    3.3369240760803223
                ],
                [
                    0.9833371043205261,
                    -0.09801103174686432,
                    0.1528298258781433,
                    0.6161022186279297
                ],
                [
                    0.0,
                    0.8417757153511047,
                    0.5397985577583313,
                    2.1760873794555664
                ],
                [
                    0.0,
                    0.0,
                    0.0,
                    1.0
                ]
            ]
        },
        {
            "file_path": "./train/r_11",
            "rotation": 0.06283185307179587,
            "transform_matrix": [
                [
                    -0.8911938667297363,
                    -0.13626666367053986,
                    0.4325747787952423,
                    1.743836760520935
                ],
                [
                    0.4535278379917145,
                    -0.2677674889564514,
                    0.8500205874443054,
                    3.4266841411590576
                ],
                [
                    7.450260408603526e-09,
                    0.9537933468818665,
                    0.30043551325798035,
                    1.211144208908081
                ],
                [
                    0.0,
                    0.0,
                    0.0,
                    1.0
                ]
            ]
        },
        {
            "file_path": "./train/r_12",
            "rotation": 0.06283185307179587,
            "transform_matrix": [
                [
                    0.13969732820987701,
                    0.7424800395965576,
                    -0.6551072001457214,
                    -2.640930652618408
                ],
                [
                    -0.9901508688926697,
                    0.10475422441959381,
                    -0.09242706000804901,
                    -0.3726007640361786
                ],
                [
                    0.0,
                    0.6616191864013672,
                    0.7498060464859009,
                    3.0226898193359375
                ],
                [
                    0.0,
                    0.0,
                    0.0,
                    1.0
                ]
            ]
        },
        {
            "file_path": "./train/r_13",
            "rotation": 0.06283185307179587,
            "transform_matrix": [
                [
                    -0.5239531397819519,
                    0.41560098528862,
                    -0.7434231638908386,
                    -2.9969582557678223
                ],
                [
                    -0.8516967296600342,
                    -0.25567251443862915,
                    0.45734456181526184,
                    1.843691110610962
                ],
                [
                    0.0,
                    0.872867226600647,
                    0.48792970180511475,
                    1.9669888019561768
                ],
                [
                    0.0,
                    0.0,
                    0.0,
                    1.0
                ]
            ]
        },
        {
            "file_path": "./train/r_14",
            "rotation": 0.06283185307179587,
            "transform_matrix": [
                [
                    -0.3216106593608856,
                    -0.941760778427124,
                    0.09815667569637299,
                    0.39569851756095886
                ],
                [
                    0.9468266367912292,
                    -0.3198898732662201,
                    0.03334108740091324,
                    0.13440775871276855
                ],
                [
                    -3.725129982257158e-09,
                    0.10366847366094589,
                    0.9945708513259888,
                    4.009408473968506
                ],
                [
                    0.0,
                    0.0,
                    0.0,
                    1.0
                ]
            ]
        },
        {
            "file_path": "./train/r_15",
            "rotation": 0.06283185307179587,
            "transform_matrix": [
                [
                    0.7082160115242004,
                    -0.6438493728637695,
                    0.28954052925109863,
                    1.167223334312439
                ],
                [
                    0.7059348821640015,
                    0.6459299325942993,
                    -0.2904761731624603,
                    -1.1709953546524048
                ],
                [
                    1.4900522593563892e-08,
                    0.41014915704727173,
                    0.9119798541069031,
                    3.6764602661132812
                ],
                [
                    0.0,
                    0.0,
                    0.0,
                    1.0
                ]
            ]
        },
        {
            "file_path": "./train/r_16",
            "rotation": 0.06283185307179587,
            "transform_matrix": [
                [
                    0.4941990375518799,
                    -0.41762232780456543,
                    0.7624225616455078,
                    3.0735504627227783
                ],
                [
                    0.8692992925643921,
                    0.23741942644119263,
                    -0.4334392845630646,
                    -1.7473218441009521
                ],
                [
                    0.0,
                    0.8770481944084167,
                    0.4803744852542877,
                    1.9365315437316895
                ],
                [
                    0.0,
                    0.0,
                    0.0,
                    1.0
                ]
            ]
        },
        {
            "file_path": "./train/r_17",
            "rotation": 0.06283185307179587,
            "transform_matrix": [
                [
                    -0.3947736918926239,
                    -0.29232966899871826,
                    0.8709880113601685,
                    3.5112102031707764
                ],
                [
                    0.9187317490577698,
                    -0.12561234831809998,
                    0.37425848841667175,
                    1.50874662399292
                ],
                [
                    -7.450261296781946e-09,
                    0.9480267763137817,
                    0.31816306710243225,
                    1.2826093435287476
                ],
                [
                    0.0,
                    0.0,
                    0.0,
                    1.0
                ]
            ]
        },
        {
            "file_path": "./train/r_18",
            "rotation": 0.06283185307179587,
            "transform_matrix": [
                [
                    -0.800851583480835,
                    -0.5709334015846252,
                    0.1805841624736786,
                    0.7279881238937378
                ],
                [
                    0.5987911224365234,
                    -0.7635933756828308,
                    0.24152180552482605,
                    0.973645806312561
                ],
                [
                    0.0,
                    0.3015792965888977,
                    0.9534012079238892,
                    3.843441963195801
                ],
                [
                    0.0,
                    0.0,
                    0.0,
                    1.0
                ]
            ]
        },
        {
            "file_path": "./train/r_19",
            "rotation": 0.06283185307179587,
            "transform_matrix": [
                [
                    -0.6232336163520813,
                    -0.5056530237197876,
                    0.5965145826339722,
                    2.404726505279541
                ],
                [
                    0.7819808721542358,
                    -0.4030021131038666,
                    0.47541818022727966,
                    1.916551113128662
                ],
                [
                    -1.4900521705385472e-08,
                    0.7628199458122253,
                    0.6465796828269958,
                    2.606553792953491
                ],
                [
                    0.0,
                    0.0,
                    0.0,
                    1.0
                ]
            ]
        },
        {
            "file_path": "./train/r_20",
            "rotation": 0.06283185307179587,
            "transform_matrix": [
                [
                    -0.8986188769340515,
                    -0.4069543480873108,
                    0.16370408236980438,
                    0.6599395275115967
                ],
                [
                    0.43863219022750854,
                    -0.8337209224700928,
                    0.335377961397171,
                    1.3520076274871826
                ],
                [
                    0.0,
                    0.37321239709854126,
                    0.9277068376541138,
                    3.7398602962493896
                ],
                [
                    0.0,
                    0.0,
                    0.0,
                    1.0
                ]
            ]
        },
        {
            "file_path": "./train/r_21",
            "rotation": 0.06283185307179587,
            "transform_matrix": [
                [
                    -0.9765931963920593,
                    -0.030125340446829796,
                    0.21277371048927307,
                    0.8577537536621094
                ],
                [
                    0.2148953080177307,
                    -0.13690482079982758,
                    0.9669516682624817,
                    3.8980681896209717
                ],
                [
                    -1.8625653241954865e-09,
                    0.9901210069656372,
                    0.1401750147342682,
                    0.5650869011878967
                ],
                [
                    0.0,
                    0.0,
                    0.0,
                    1.0
                ]
            ]
        },
        {
            "file_path": "./train/r_22",
            "rotation": 0.06283185307179587,
            "transform_matrix": [
                [
                    -0.977374792098999,
                    -0.16007085144519806,
                    0.1379566341638565,
                    0.5561438798904419
                ],
                [
                    0.21131186187267303,
                    -0.7403712272644043,
                    0.6380869150161743,
                    2.5723164081573486
                ],
                [
                    0.0,
                    0.6528536677360535,
                    0.7574501037597656,
                    3.053504705429077
                ],
                [
                    0.0,
                    0.0,
                    0.0,
                    1.0
                ]
            ]
        },
        {
            "file_path": "./train/r_23",
            "rotation": 0.06283185307179587,
            "transform_matrix": [
                [
                    0.13989517092704773,
                    0.261780321598053,
                    -0.9548941254615784,
                    -3.8494598865509033
                ],
                [
                    -0.9901230335235596,
                    0.036987125873565674,
                    -0.13491766154766083,
                    -0.5438928604125977
                ],
                [
                    0.0,
                    0.9644132256507874,
                    0.2643708288669586,
                    1.0657567977905273
                ],
                [
                    0.0,
                    0.0,
                    0.0,
                    1.0
                ]
            ]
        },
        {
            "file_path": "./train/r_24",
            "rotation": 0.06283185307179587,
            "transform_matrix": [
                [
                    -0.6371080875396729,
                    -0.38100889325141907,
                    0.6699643135070801,
                    2.700824022293091
                ],
                [
                    0.7707188725471497,
                    -0.3149576783180237,
                    0.5538201928138733,
                    2.2326128482818604
                ],
                [
                    -2.9801045187127784e-08,
                    0.8692662119865417,
                    0.49431610107421875,
                    1.9927341938018799
                ],
                [
                    0.0,
                    0.0,
                    0.0,
                    1.0
                ]
            ]
        },
        {
            "file_path": "./train/r_25",
            "rotation": 0.06283185307179587,
            "transform_matrix": [
                [
                    0.9235448241233826,
                    -0.1285306066274643,
                    0.36119338870048523,
                    1.4560773372650146
                ],
                [
                    0.3833785951137543,
                    0.3096254765987396,
                    -0.8701015710830688,
                    -3.507636547088623
                ],
                [
                    7.450261740871156e-09,
                    0.9421260952949524,
                    0.3352311849594116,
                    1.351415991783142
                ],
                [
                    0.0,
                    0.0,
                    0.0,
                    1.0
                ]
            ]
        },
        {
            "file_path": "./train/r_26",
            "rotation": 0.06283185307179587,
            "transform_matrix": [
                [
                    0.991064727306366,
                    0.069538414478302,
                    -0.11344429850578308,
                    -0.4573274850845337
                ],
                [
                    -0.13305935263633728,
                    0.5179423093795776,
                    -0.8449660539627075,
                    -3.4063079357147217
                ],
                [
                    3.725130648390973e-09,
                    0.8525784015655518,
                    0.5225706100463867,
                    2.1066365242004395
                ],
                [
                    0.0,
                    0.0,
                    0.0,
                    1.0
                ]
            ]
        },
        {
            "file_path": "./train/r_27",
            "rotation": 0.06283185307179587,
            "transform_matrix": [
                [
                    0.6221546530723572,
                    -0.1954909861087799,
                    0.7580407857894897,
                    3.0558862686157227
                ],
                [
                    0.7828395962715149,
                    0.15536469221115112,
                    -0.6024460196495056,
                    -2.428637981414795
                ],
                [
                    7.450260852692736e-09,
                    0.9683156609535217,
                    0.24970059096813202,
                    1.0066168308258057
                ],
                [
                    0.0,
                    0.0,
                    0.0,
                    1.0
                ]
            ]
        },
        {
            "file_path": "./train/r_28",
            "rotation": 0.06283185307179587,
            "transform_matrix": [
                [
                    0.9277521967887878,
                    0.20724698901176453,
                    -0.31022924184799194,
                    -1.250625729560852
                ],
                [
                    -0.37308162450790405,
                    0.5153667330741882,
                    -0.7714554071426392,
                    -3.1099648475646973
                ],
                [
                    1.4900520817207052e-08,
                    0.8315261602401733,
                    0.5554563403129578,
                    2.239208698272705
                ],
                [
                    0.0,
                    0.0,
                    0.0,
                    1.0
                ]
            ]
        },
        {
            "file_path": "./train/r_29",
            "rotation": 0.06283185307179587,
            "transform_matrix": [
                [
                    0.5246886610984802,
                    -0.16563518345355988,
                    0.8349761366844177,
                    3.3660356998443604
                ],
                [
                    0.851243793964386,
                    0.10209403932094574,
                    -0.5146616697311401,
                    -2.0747532844543457
                ],
                [
                    -7.450260852692736e-09,
                    0.9808832406997681,
                    0.1945647895336151,
                    0.7843481302261353
                ],
                [
                    0.0,
                    0.0,
                    0.0,
                    1.0
                ]
            ]
        },
        {
            "file_path": "./train/r_30",
            "rotation": 0.06283185307179587,
            "transform_matrix": [
                [
                    -0.7099608778953552,
                    -0.3724563419818878,
                    0.5976266264915466,
                    2.4092094898223877
                ],
                [
                    0.704180121421814,
                    -0.3755139112472534,
                    0.602532684803009,
                    2.4289872646331787
                ],
                [
                    -1.4900520817207052e-08,
                    0.848678708076477,
                    0.5288800597190857,
                    2.1320719718933105
                ],
                [
                    0.0,
                    0.0,
                    0.0,
                    1.0
                ]
            ]
        },
        {
            "file_path": "./train/r_31",
            "rotation": 0.06283185307179587,
            "transform_matrix": [
                [
                    0.6704428791999817,
                    0.6452124118804932,
                    -0.36626961827278137,
                    -1.4765409231185913
                ],
                [
                    -0.7419032454490662,
                    0.5830653309822083,
                    -0.33099040389060974,
                    -1.334320068359375
                ],
                [
                    1.4900522593563892e-08,
                    0.493685781955719,
                    0.8696029782295227,
                    3.5056264400482178
                ],
                [
                    0.0,
                    0.0,
                    0.0,
                    1.0
                ]
            ]
        },
        {
            "file_path": "./train/r_32",
            "rotation": 0.06283185307179587,
            "transform_matrix": [
                [
                    0.5236818194389343,
                    0.16893865168094635,
                    -0.8349464535713196,
                    -3.3659160137176514
                ],
                [
                    -0.8518636226654053,
                    0.10385477542877197,
                    -0.513282060623169,
                    -2.0691916942596436
                ],
                [
                    0.0,
                    0.9801345467567444,
                    0.19830085337162018,
                    0.7994093298912048
                ],
                [
                    0.0,
                    0.0,
                    0.0,
                    1.0
                ]
            ]
        },
        {
            "file_path": "./train/r_33",
            "rotation": 0.06283185307179587,
            "transform_matrix": [
                [
                    -0.23303021490573883,
                    -0.7761165499687195,
                    0.5859189033508301,
                    2.3620121479034424
                ],
                [
                    0.9724254608154297,
                    -0.18598711490631104,
                    0.14040851593017578,
                    0.5660281777381897
                ],
                [
                    -7.450261740871156e-09,
                    0.6025295257568359,
                    0.7980613112449646,
                    3.2172210216522217
                ],
                [
                    0.0,
                    0.0,
                    0.0,
                    1.0
                ]
            ]
        },
        {
            "file_path": "./train/r_34",
            "rotation": 0.06283185307179587,
            "transform_matrix": [
                [
                    0.8785466551780701,
                    -0.1796952784061432,
                    0.44247347116470337,
                    1.7837412357330322
                ],
                [
                    0.47756680846214294,
                    0.3305729031562805,
                    -0.8139877319335938,
                    -3.2814249992370605
                ],
                [
                    0.0,
                    0.9265101552009583,
                    0.37624266743659973,
                    1.5167453289031982
                ],
                [
                    0.0,
                    0.0,
                    0.0,
                    1.0
                ]
            ]
        },
        {
            "file_path": "./train/r_35",
            "rotation": 0.06283185307179587,
            "transform_matrix": [
                [
                    0.9339054226875305,
                    0.24190357327461243,
                    -0.26310116052627563,
                    -1.060638427734375
                ],
                [
                    -0.35740017890930176,
                    0.6321066617965698,
                    -0.687497079372406,
                    -2.7715036869049072
                ],
                [
                    0.0,
                    0.7361477613449097,
                    0.6767888069152832,
                    2.728335380554199
                ],
                [
                    0.0,
                    0.0,
                    0.0,
                    1.0
                ]
            ]
        },
        {
            "file_path": "./train/r_36",
            "rotation": 0.06283185307179587,
            "transform_matrix": [
                [
                    -0.9557698369026184,
                    -0.04391419142484665,
                    0.2906719744205475,
                    1.171784520149231
                ],
                [
                    0.2939697504043579,
                    -0.14277611672878265,
                    0.9450477957725525,
                    3.8097667694091797
                ],
                [
                    3.725130870435578e-09,
                    0.9887751936912537,
                    0.14937154948711395,
                    0.6021608114242554
                ],
                [
                    0.0,
                    0.0,
                    0.0,
                    1.0
                ]
            ]
        },
        {
            "file_path": "./train/r_37",
            "rotation": 0.06283185307179587,
            "transform_matrix": [
                [
                    0.5958631038665771,
                    -0.11718565225601196,
                    0.7944380640983582,
                    3.2026145458221436
                ],
                [
                    0.8030325174331665,
                    0.08695364743471146,
                    -0.5894858837127686,
                    -2.376391887664795
                ],
                [
                    7.450260408603526e-09,
                    0.9892909526824951,
                    0.14591732621192932,
                    0.5882358551025391
                ],
                [
                    0.0,
                    0.0,
                    0.0,
                    1.0
                ]
            ]
        },
        {
            "file_path": "./train/r_38",
            "rotation": 0.06283185307179587,
            "transform_matrix": [
                [
                    0.9998871684074402,
                    -0.009425999596714973,
                    0.007137603592127562,
                    0.02877378836274147
                ],
                [
                    0.011823195964097977,
                    0.7971563935279846,
                    -0.6036268472671509,
                    -2.4333980083465576
                ],
                [
                    -4.656413310488716e-10,
                    0.6036909222602844,
                    0.7971832156181335,
                    3.2136809825897217
                ],
                [
                    0.0,
                    0.0,
                    0.0,
                    1.0
                ]
            ]
        },
        {
            "file_path": "./train/r_39",
            "rotation": 0.06283185307179587,
            "transform_matrix": [
                [
                    0.05431240797042847,
                    0.7227677702903748,
                    -0.6889210939407349,
                    -2.7772443294525146
                ],
                [
                    -0.998481035232544,
                    0.03931497409939766,
                    -0.037473879754543304,
                    -0.1510682851076126
                ],
                [
                    0.0,
                    0.6899645924568176,
                    0.7238098978996277,
                    2.91789174079895
                ],
                [
                    0.0,
                    0.0,
                    0.0,
                    1.0
                ]
            ]
        },
        {
            "file_path": "./train/r_40",
            "rotation": 0.06283185307179587,
            "transform_matrix": [
                [
                    0.8813701272010803,
                    0.15587183833122253,
                    -0.44587811827659607,
                    -1.7974663972854614
                ],
                [
                    -0.472335547208786,
                    0.290854275226593,
                    -0.8320010304450989,
                    -3.3540420532226562
                ],
                [
                    2.9801043410770944e-08,
                    0.9439797401428223,
                    0.32997623085975647,
                    1.3302316665649414
                ],
                [
                    0.0,
                    0.0,
                    0.0,
                    1.0
                ]
            ]
        },
        {
            "file_path": "./train/r_41",
            "rotation": 0.06283185307179587,
            "transform_matrix": [
                [
                    0.742255687713623,
                    -0.517126739025116,
                    0.42611193656921387,
                    1.7177832126617432
                ],
                [
                    0.6700527667999268,
                    0.5728508234024048,
                    -0.47202855348587036,
                    -1.9028865098953247
                ],
                [
                    -1.4900521705385472e-08,
                    0.6359337568283081,
                    0.771709144115448,
                    3.110987663269043
                ],
                [
                    0.0,
                    0.0,
                    0.0,
                    1.0
                ]
            ]
        },
        {
            "file_path": "./train/r_42",
            "rotation": 0.06283185307179587,
            "transform_matrix": [
                [
                    0.6821950078010559,
                    0.2766325771808624,
                    -0.6767613887786865,
                    -2.728224754333496
                ],
                [
                    -0.7311116456985474,
                    0.25812387466430664,
                    -0.6314811706542969,
                    -2.545686960220337
                ],
                [
                    0.0,
                    0.9256545305252075,
                    0.3783426284790039,
                    1.5252108573913574
                ],
                [
                    0.0,
                    0.0,
                    0.0,
                    1.0
                ]
            ]
        },
        {
            "file_path": "./train/r_43",
            "rotation": 0.06283185307179587,
            "transform_matrix": [
                [
                    0.9774276614189148,
                    -0.15570753812789917,
                    0.14250025153160095,
                    0.5744606852531433
                ],
                [
                    0.21106691658496857,
                    0.7210643887519836,
                    -0.6599029302597046,
                    -2.660263776779175
                ],
                [
                    -7.450260408603526e-09,
                    0.6751379370689392,
                    0.7376578450202942,
                    2.973716974258423
                ],
                [
                    0.0,
                    0.0,
                    0.0,
                    1.0
