{
    "camera_angle_x": 0.6911112070083618,
    "frames": [
        {
            "file_path": "./train/r_0",
            "rotation": 0.06283185307179587,
            "transform_matrix": [
                [
                    -0.4662145674228668,
                    0.7557023167610168,
                    -0.45990893244743347,
                    -1.8540287017822266
                ],
                [
                    -0.8846232295036316,
                    -0.3982706069946289,
                    0.24238145351409912,
                    0.9771112203598022
                ],
                [
                    0.0,
                    0.5198889374732971,
                    0.8541970252990723,
                    3.4435203075408936
                ],
                [
                    0.0,
                    0.0,
                    0.0,
                    1.0
                ]
            ]
        },
        {
            "file_path": "./train/r_1",
            "rotation": 0.06283185307179587,
            "transform_matrix": [
                [
                    0.20653118193149567,
                    0.43052104115486145,
                    -0.878593921661377,
                    -3.5418717861175537
                ],
                [
                    -0.9783962368965149,
                    0.09087935835123062,
                    -0.18546375632286072,
                    -0.7476592063903809
                ],
                [
                    7.450260852692736e-09,
                    0.8979881405830383,
                    0.43999242782592773,
                    1.7737394571304321
                ],
                [
                    0.0,
                    0.0,
                    0.0,
                    1.0
                ]
            ]
        },
        {
            "file_path": "./train/r_2",
            "rotation": 0.06283185307179587,
            "transform_matrix": [
                [
                    -0.9991140961647034,
                    0.038004837930202484,
                    -0.015523063950240612,
                    -0.06257805973291397
                ],
                [
                    -0.0410514660179615,
                    -0.9249649047851562,
                    0.3778016269207001,
                    1.5230300426483154
                ],
                [
                    0.0,
                    0.3781340420246124,
                    0.9257117509841919,
                    3.7318177223205566
                ],
                [
                    0.0,
                    0.0,
                    0.0,
                    1.0
                ]
            ]
        },
        {
            "file_path": "./train/r_3",
            "rotation": 0.06283185307179587,
            "transform_matrix": [
                [
                    0.268700510263443,
                    -0.16418041288852692,
                    0.9490858316421509,
                    3.826045513153076
                ],
                [
                    0.9631792902946472,
                    0.04580181837081909,
                    -0.2647688090801239,
                    -1.0673613548278809
                ],
                [
                    -3.725130870435578e-09,
                    0.9853612780570984,
                    0.17044328153133392,
                    0.6871072053909302
                ],
                [
                    0.0,
                    0.0,
                    0.0,
                    1.0
                ]
            ]
        },
        {
            "file_path": "./train/r_4",
            "rotation": 0.06283185307179587,
            "transform_matrix": [
                [
                    -0.29754602909088135,
                    0.3786735236644745,
                    -0.8763562440872192,
                    -3.532850980758667
                ],
                [
                    -0.954662561416626,
                    -0.11802367866039276,
                    0.27313974499702454,
                    1.101107120513916
                ],
                [
                    7.450260852692736e-09,
                    0.9179688096046448,
                    0.39662545919418335,
                    1.598914384841919
                ],
                [
                    0.0,
                    0.0,
                    0.0,
                    1.0
                ]
            ]
        },
        {
            "file_path": "./train/r_5",
            "rotation": 0.06283185307179587,
            "transform_matrix": [
                [
                    -0.029995864257216454,
                    -0.1429184377193451,
                    0.9892387390136719,
                    3.9879138469696045
                ],
                [
                    0.9995070695877075,
                    -0.004289076663553715,
                    0.029687706381082535,
                    0.11967991292476654
                ],
                [
                    4.656413310488716e-10,
                    0.9897201061248779,
                    0.14297759532928467,
                    0.5763849020004272
                ],
                [
                    0.0,
                    0.0,
                    0.0,
                    1.0
                ]
            ]
        },
        {
            "file_path": "./train/r_6",
            "rotation": 0.06283185307179587,
            "transform_matrix": [
                [
                    -0.1186147928237915,
                    -0.7195066809654236,
                    0.6842482089996338,
                    2.758406639099121
                ],
                [
                    0.992897093296051,
                    -0.08595465868711472,
                    0.08174256235361099,
                    0.32952842116355896
                ],
                [
                    0.0,
                    0.6891384720802307,
                    0.7245964407920837,
                    2.9210622310638428
                ],
                [
                    0.0,
                    0.0,
                    0.0,
                    1.0
                ]
            ]
        },
        {
            "file_path": "./train/r_7",
            "rotation": 0.06283185307179587,
            "transform_matrix": [
                [
                    -0.9852396249771118,
                    -0.10412077605724335,
                    0.13556164503097534,
                    0.5464890003204346
                ],
                [
                    0.17093044519424438,
                    -0.6001500487327576,
                    0.7813745737075806,
                    3.149951457977295
                ],
                [
                    -7.450260852692736e-09,
                    0.7930755019187927,
                    0.6090930104255676,
                    2.4554336071014404
                ],
                [
                    0.0,
                    0.0,
                    0.0,
                    1.0
                ]
            ]
        },
        {
            "file_path": "./train/r_8",
            "rotation": 0.06283185307179587,
            "transform_matrix": [
                [
                    -0.9803252220153809,
                    0.11884283274412155,
                    -0.1573348194360733,
                    -0.6342631578445435
                ],
                [
                    -0.19717179238796234,
                    -0.5908787250518799,
                    0.7822583913803101,
                    3.1535146236419678
                ],
                [
                    7.450260852692736e-09,
                    0.7979528307914734,
                    0.6026897430419922,
                    2.4296205043792725
                ],
                [
                    0.0,
                    0.0,
                    0.0,
                    1.0
                ]
            ]
        },
        {
            "file_path": "./train/r_9",
            "rotation": 0.06283185307179587,
            "transform_matrix": [
                [
                    -0.9323848485946655,
                    -0.3267398476600647,
                    0.15434348583221436,
                    0.6222041845321655
                ],
                [
                    0.3613484501838684,
                    -0.8430845141410828,
                    0.39825138449668884,
                    1.605468988418579
                ],
                [
                    1.4900522593563892e-08,
                    0.42712917923927307,
                    0.9041522145271301,
                    3.644904851913452
                ],
                [
                    0.0,
                    0.0,
                    0.0,
                    1.0
                ]
            ]
        },
        {
            "file_path": "./train/r_10",
            "rotation": 0.06283185307179587,
            "transform_matrix": [
                [
                    0.9475797414779663,
                    0.19133545458316803,
                    -0.25573572516441345,
                    -1.0309462547302246
                ],
                [
                    -0.31938543915748596,
                    0.5676701664924622,
                    -0.7587383389472961,
                    -3.0586984157562256
                ],
                [
                    -1.4900525258099151e-08,
                    0.800706684589386,
                    0.5990264415740967,
                    2.4148526191711426
                ],
                [
                    0.0,
                    0.0,
                    0.0,
                    1.0
                ]
            ]
        },
        {
            "file_path": "./train/r_11",
            "rotation": 0.06283185307179587,
            "transform_matrix": [
                [
                    0.41154810786247253,
                    -0.2997147738933563,
                    0.8606523275375366,
                    3.469543933868408
                ],
                [
                    0.9113408923149109,
                    0.13534677028656006,
                    -0.38865789771080017,
                    -1.5667948722839355
                ],
                [
                    0.0,
                    0.9443740248680115,
                    0.3288462162017822,
                    1.3256763219833374
                ],
                [
                    0.0,
                    0.0,
                    0.0,
                    1.0
                ]
            ]
        },
        {
            "file_path": "./train/r_12",
            "rotation": 0.06283185307179587,
            "transform_matrix": [
                [
                    -0.8616284728050232,
                    0.15497228503227234,
                    -0.48321497440338135,
                    -1.9479820728302002
                ],
                [
                    -0.5074549317359924,
                    -0.26313379406929016,
                    0.8204704523086548,
                    3.307558536529541
                ],
                [
                    0.0,
                    0.9522258639335632,
                    0.30536705255508423,
                    1.2310246229171753
                ],
                [
                    0.0,
                    0.0,
                    0.0,
                    1.0
                ]
            ]
        },
        {
            "file_path": "./train/r_13",
            "rotation": 0.06283185307179587,
            "transform_matrix": [
                [
                    -0.6828209161758423,
                    -0.5755698680877686,
                    0.44990527629852295,
                    1.8137010335922241
                ],
                [
                    0.7305269837379456,
                    -0.5379830598831177,
                    0.42052480578422546,
                    1.695259690284729
                ],
                [
                    2.9801041634414105e-08,
                    0.615859866142273,
                    0.7878208160400391,
                    3.175938129425049
                ],
                [
                    0.0,
                    0.0,
                    0.0,
                    1.0
                ]
            ]
        },
        {
            "file_path": "./train/r_14",
            "rotation": 0.06283185307179587,
            "transform_matrix": [
                [
                    -0.9408563375473022,
                    -0.3200504183769226,
                    0.110811747610569,
                    0.4467148780822754
                ],
                [
                    0.33867937326431274,
                    -0.8891046047210693,
                    0.3078366219997406,
                    1.2409803867340088
                ],
                [
                    -7.450261740871156e-09,
                    0.32718557119369507,
                    0.9449204802513123,
                    3.809253692626953
                ],
                [
                    0.0,
                    0.0,
                    0.0,
                    1.0
                ]
            ]
        },
        {
            "file_path": "./train/r_15",
            "rotation": 0.06283185307179587,
            "transform_matrix": [
                [
                    -0.23775053024291992,
                    0.40649402141571045,
                    -0.8821375370025635,
                    -3.556156873703003
                ],
                [
                    -0.9712821245193481,
                    -0.09950164705514908,
                    0.21592970192432404,
                    0.8704764246940613
                ],
                [
                    -7.450260408603526e-09,
                    0.9082136750221252,
                    0.41847971081733704,
                    1.6870152950286865
                ],
                [
                    0.0,
                    0.0,
                    0.0,
                    1.0
                ]
            ]
        },
        {
            "file_path": "./train/r_16",
            "rotation": 0.06283185307179587,
            "transform_matrix": [
                [
                    -0.547069251537323,
                    0.11974788457155228,
                    -0.8284281492233276,
                    -3.3396387100219727
                ],
                [
                    -0.8370361924171448,
                    -0.07826469838619232,
                    0.5414432287216187,
                    2.1827175617218018
                ],
                [
                    0.0,
                    0.9897094964981079,
                    0.14305046200752258,
                    0.5766786932945251
                ],
                [
                    0.0,
                    0.0,
                    0.0,
                    1.0
                ]
            ]
        },
        {
            "file_path": "./train/r_17",
            "rotation": 0.06283185307179587,
            "transform_matrix": [
                [
                    -0.9812463521957397,
                    0.06014096736907959,
                    -0.18290238082408905,
                    -0.7373335957527161
                ],
                [
                    -0.19253532588481903,
                    -0.30650538206100464,
                    0.9321526288986206,
                    3.7577829360961914
                ],
                [
                    -3.725130870435578e-09,
                    0.94996178150177,
                    0.31233856081962585,
                    1.2591291666030884
                ],
                [
                    0.0,
                    0.0,
                    0.0,
                    1.0
                ]
            ]
        },
        {
            "file_path": "./train/r_18",
            "rotation": 0.06283185307179587,
            "transform_matrix": [
                [
                    -0.38649728894233704,
                    -0.19083617627620697,
                    0.9022865295410156,
                    3.637383460998535
                ],
                [
                    0.9222440123558044,
                    -0.07997631281614304,
                    0.3781334459781647,
                    1.5243675708770752
                ],
                [
                    7.450260852692736e-09,
                    0.9783532619476318,
                    0.20690953731536865,
                    0.8341134786605835
                ],
                [
                    0.0,
                    0.0,
                    0.0,
                    1.0
                ]
            ]
        },
        {
            "file_path": "./train/r_19",
            "rotation": 0.06283185307179587,
            "transform_matrix": [
                [
                    0.9404948949813843,
                    0.14344748854637146,
                    -0.30790942907333374,
                    -1.2412738800048828
                ],
                [
                    -0.3396815061569214,
                    0.39717093110084534,
                    -0.8525257706642151,
                    -3.4367833137512207
                ],
                [
                    0.0,
                    0.9064591526985168,
                    0.4222664535045624,
                    1.7022807598114014
                ],
                [
                    0.0,
                    0.0,
                    0.0,
                    1.0
                ]
            ]
        },
        {
            "file_path": "./train/r_20",
            "rotation": 0.06283185307179587,
            "transform_matrix": [
                [
                    -0.5976153016090393,
                    0.3048798441886902,
                    -0.7415034174919128,
                    -2.9892189502716064
                ],
                [
                    -0.8017294406890869,
                    -0.2272597849369049,
                    0.5527223348617554,
                    2.228186845779419
                ],
                [
                    0.0,
                    0.9248736500740051,
                    0.3802476227283478,
                    1.5328903198242188
                ],
                [
                    0.0,
                    0.0,
                    0.0,
                    1.0
                ]
            ]
        },
        {
            "file_path": "./train/r_21",
            "rotation": 0.06283185307179587,
            "transform_matrix": [
                [
                    -0.3207983076572418,
                    0.42301541566848755,
                    -0.8473939299583435,
                    -3.416095018386841
                ],
                [
                    -0.9471021294593811,
                    -0.143281951546669,
                    0.2870256006717682,
                    1.1570849418640137
                ],
                [
                    -7.450260408603526e-09,
                    0.8947167992591858,
                    0.44660645723342896,
                    1.8004024028778076
                ],
                [
                    0.0,
                    0.0,
                    0.0,
                    1.0
                ]
            ]
        },
        {
            "file_path": "./train/r_22",
            "rotation": 0.06283185307179587,
            "transform_matrix": [
                [
                    0.8911325335502625,
                    -0.15491808950901031,
                    0.4263797104358673,
                    1.7188624143600464
                ],
                [
                    0.45364832878112793,
                    0.3043162226676941,
                    -0.8375669717788696,
                    -3.376479387283325
                ],
                [
                    1.4900519040850213e-08,
                    0.9398840069770813,
                    0.3414667248725891,
                    1.3765530586242676
                ],
                [
                    0.0,
                    0.0,
                    0.0,
                    1.0
                ]
            ]
        },
        {
            "file_path": "./train/r_23",
            "rotation": 0.06283185307179587,
            "transform_matrix": [
                [
                    -0.8285045027732849,
                    -0.24602852761745453,
                    0.5029610991477966,
                    2.0275845527648926
                ],
                [
                    0.5599057078361511,
                    -0.3640536963939667,
                    0.744242250919342,
                    3.0002601146698
                ],
                [
                    1.4900520817207052e-08,
                    0.8982899188995361,
                    0.4393758773803711,
                    1.7712538242340088
                ],
                [
                    0.0,
                    0.0,
                    0.0,
                    1.0
                ]
            ]
        },
        {
            "file_path": "./train/r_24",
            "rotation": 0.06283185307179587,
            "transform_matrix": [
                [
                    0.45151469111442566,
                    -0.42556342482566833,
                    0.7841938734054565,
                    3.1613173484802246
                ],
                [
                    0.8922155499458313,
                    0.21536067128181458,
                    -0.39684921503067017,
                    -1.5998165607452393
                ],
                [
                    0.0,
                    0.8789228796958923,
                    0.4769359529018402,
                    1.9226698875427246
                ],
                [
                    0.0,
                    0.0,
                    0.0,
                    1.0
                ]
            ]
        },
        {
            "file_path": "./train/r_25",
            "rotation": 0.06283185307179587,
            "transform_matrix": [
                [
                    0.9038976430892944,
                    -0.13513636589050293,
                    0.4057379961013794,
                    1.6356498003005981
                ],
                [
                    0.42764854431152344,
                    0.2856304347515106,
                    -0.8575865030288696,
                    -3.4571847915649414
                ],
                [
                    0.0,
                    0.9487588405609131,
                    0.31597357988357544,
                    1.2737829685211182
                ],
                [
                    0.0,
                    0.0,
                    0.0,
                    1.0
                ]
            ]
        },
        {
            "file_path": "./train/r_26",
            "rotation": 0.06283185307179587,
            "transform_matrix": [
                [
                    0.9677044153213501,
                    -0.22452646493911743,
                    0.114254429936409,
                    0.4605933427810669
                ],
                [
                    0.2519173324108124,
                    0.8624863624572754,
                    -0.43889206647872925,
                    -1.769303560256958
                ],
                [
                    0.0,
                    0.45353642106056213,
                    0.8911997675895691,
                    3.5926897525787354
                ],
                [
                    0.0,
                    0.0,
                    0.0,
                    1.0
                ]
            ]
        },
        {
            "file_path": "./train/r_27",
            "rotation": 0.06283185307179587,
            "transform_matrix": [
                [
                    0.004246028605848551,
                    -0.825637698173523,
                    0.5641552805900574,
                    2.2742767333984375
                ],
                [
                    0.9999480843544006,
                    0.0035058632493019104,
                    -0.002395543735474348,
                    -0.009657144546508789
                ],
                [
                    0.0,
                    0.564180850982666,
                    0.8256152272224426,
                    3.328298807144165
                ],
                [
                    0.0,
                    0.0,
                    0.0,
                    1.0
                ]
            ]
        },
        {
            "file_path": "./train/r_28",
            "rotation": 0.06283185307179587,
            "transform_matrix": [
                [
                    -0.9243524074554443,
                    0.2974701523780823,
                    -0.23875759541988373,
                    -0.9625024199485779
                ],
                [
                    -0.3814273178577423,
                    -0.7208902835845947,
                    0.5786060690879822,
                    2.3325319290161133
                ],
                [
                    0.0,
                    0.6259541511535645,
                    0.7798252105712891,
                    3.1437056064605713
                ],
                [
                    0.0,
                    0.0,
                    0.0,
                    1.0
                ]
            ]
        },
        {
            "file_path": "./train/r_29",
            "rotation": 0.06283185307179587,
            "transform_matrix": [
                [
                    0.7405333518981934,
                    -0.43671050667762756,
                    0.5107089877128601,
                    2.058818817138672
                ],
                [
                    0.6719556450843811,
                    0.48127982020378113,
                    -0.56283038854599,
                    -2.2689356803894043
                ],
                [
                    0.0,
                    0.7600287199020386,
                    0.6498581767082214,
                    2.6197702884674072
                ],
                [
                    0.0,
                    0.0,
                    0.0,
                    1.0
                ]
            ]
        },
        {
            "file_path": "./train/r_30",
            "rotation": 0.06283185307179587,
            "transform_matrix": [
                [
                    -0.5797176957130432,
                    0.30193614959716797,
                    -0.756759524345398,
                    -3.0507211685180664
                ],
                [
                    -0.8147648572921753,
                    -0.21483220160007477,
                    0.5384460091590881,
                    2.1706349849700928
                ],
                [
                    0.0,
                    0.9288011789321899,
                    0.3705514073371887,
                    1.4938023090362549
                ],
                [
                    0.0,
                    0.0,
                    0.0,
                    1.0
                ]
            ]
        },
        {
            "file_path": "./train/r_31",
            "rotation": 0.06283185307179587,
            "transform_matrix": [
                [
                    0.44237619638442993,
                    -0.5966981053352356,
                    0.6694753766059875,
                    2.698852777481079
                ],
                [
                    0.8967817425727844,
                    0.29434701800346375,
                    -0.33024752140045166,
                    -1.3313252925872803
                ],
                [
                    0.0,
                    0.7465259432792664,
                    0.6653246283531189,
                    2.682119846343994
                ],
                [
                    0.0,
                    0.0,
                    0.0,
                    1.0
                ]
            ]
        },
        {
            "file_path": "./train/r_32",
            "rotation": 0.06283185307179587,
            "transform_matrix": [
                [
                    0.8235272765159607,
                    0.31348443031311035,
                    -0.4727078378200531,
                    -1.9056249856948853
                ],
                [
                    -0.5672010779380798,
                    0.4551524817943573,
                    -0.6863312125205994,
                    -2.7668039798736572
                ],
                [
                    -1.4900521705385472e-08,
                    0.8333988785743713,
                    0.552642822265625,
                    2.2278664112091064
                ],
                [
                    0.0,
                    0.0,
                    0.0,
                    1.0
                ]
            ]
        },
        {
            "file_path": "./train/r_33",
            "rotation": 0.06283185307179587,
            "transform_matrix": [
                [
                    0.5018483996391296,
                    0.3473774790763855,
                    -0.7920873165130615,
                    -3.1931381225585938
                ],
                [
                    -0.8649058938026428,
                    0.20156045258045197,
                    -0.45959654450416565,
                    -1.8527694940567017
                ],
                [
                    0.0,
                    0.915801465511322,
                    0.40160423517227173,
                    1.6189854145050049
                ],
                [
                    0.0,
                    0.0,
                    0.0,
                    1.0
                ]
            ]
        },
        {
            "file_path": "./train/r_34",
            "rotation": 0.06283185307179587,
            "transform_matrix": [
                [
                    -0.17658554017543793,
                    -0.9079943299293518,
                    0.379922479391098,
                    1.531579852104187
                ],
                [
                    0.9842416644096375,
                    -0.16290579736232758,
                    0.0681629553437233,
                    0.27478501200675964
                ],
                [
                    0.0,
                    0.38600262999534607,
                    0.9224587082862854,
                    3.718703508377075
                ],
                [
                    0.0,
                    0.0,
                    0.0,
                    1.0
                ]
            ]
        },
        {
            "file_path": "./train/r_35",
            "rotation": 0.06283185307179587,
            "transform_matrix": [
                [
                    -0.8757664561271667,
                    -0.38891157507896423,
                    0.285844087600708,
                    1.1523220539093018
                ],
                [
                    0.4826461970806122,
                    -0.7056840062141418,
                    0.5186670422554016,
                    2.090900182723999
                ],
                [
                    0.0,
                    0.5922396183013916,
                    0.8057263493537903,
                    3.2481210231781006
                ],
                [
                    0.0,
                    0.0,
                    0.0,
                    1.0
                ]
            ]
        },
        {
            "file_path": "./train/r_36",
            "rotation": 0.06283185307179587,
            "transform_matrix": [
                [
                    -0.5637422800064087,
                    -0.5437905192375183,
                    0.6216304302215576,
                    2.5059757232666016
                ],
                [
                    0.8258988857269287,
                    -0.3711807131767273,
                    0.42431268095970154,
                    1.7105296850204468
                ],
                [
                    0.0,
                    0.7526663541793823,
                    0.6583706140518188,
                    2.6540863513946533
                ],
                [
                    0.0,
                    0.0,
                    0.0,
                    1.0
                ]
            ]
        },
        {
            "file_path": "./train/r_37",
            "rotation": 0.06283185307179587,
            "transform_matrix": [
                [
                    0.8710166811943054,
                    0.1009339988231659,
                    -0.48068496584892273,
                    -1.937783122062683
                ],
                [
                    -0.4911661744117737,
                    0.17899277806282043,
                    -0.8524296879768372,
                    -3.4363958835601807
                ],
                [
                    -7.450260852692736e-09,
                    0.9786540865898132,
                    0.20548243820667267,
                    0.8283604383468628
                ],
                [
                    0.0,
                    0.0,
                    0.0,
                    1.0
                ]
            ]
        },
        {
            "file_path": "./train/r_38",
            "rotation": 0.06283185307179587,
            "transform_matrix": [
                [
                    -0.7647957801818848,
                    -0.18607203662395477,
                    0.6167516112327576,
                    2.4863080978393555
                ],
                [
                    0.6442061066627502,
                    -0.22090306878089905,
                    0.7322020530700684,
                    2.9517228603363037
                ],
                [
                    0.0,
                    0.9573760628700256,
                    0.2888163924217224,
                    1.164304256439209
                ],
                [
                    0.0,
                    0.0,
                    0.0,
                    1.0
                ]
            ]
        },
        {
            "file_path": "./train/r_39",
            "rotation": 0.06283185307179587,
            "transform_matrix": [
                [
                    -0.5651906132698059,
                    0.6867823600769043,
                    -0.45699039101600647,
                    -1.8422632217407227
                ],
                [
                    -0.8249083757400513,
                    -0.4705527722835541,
                    0.31310951709747314,
                    1.2622369527816772
                ],
                [
                    1.4900523481742312e-08,
                    0.5539855360984802,
                    0.8324899673461914,
                    3.356013059616089
                ],
                [
                    0.0,
                    0.0,
                    0.0,
                    1.0
                ]
            ]
        },
        {
            "file_path": "./train/r_40",
            "rotation": 0.06283185307179587,
            "transform_matrix": [
                [
                    -0.8589845299720764,
                    0.4210580587387085,
                    -0.29117634892463684,
                    -1.1738179922103882
                ],
                [
                    -0.5119178891181946,
                    -0.7065242528915405,
                    0.4885861873626709,
                    1.969635248184204
                ],
                [
                    -1.4900522593563892e-08,
                    0.5687912702560425,
                    0.8224459290504456,
                    3.3155224323272705
                ],
                [
                    0.0,
                    0.0,
                    0.0,
                    1.0
                ]
            ]
        },
        {
            "file_path": "./train/r_41",
            "rotation": 0.06283185307179587,
            "transform_matrix": [
                [
                    0.5483987331390381,
                    -0.6498317122459412,
                    0.5262362957000732,
                    2.1214139461517334
                ],
                [
                    0.8361656665802002,
                    0.4261917173862457,
                    -0.3451317846775055,
                    -1.3913280963897705
                ],
                [
                    1.4900521705385472e-08,
                    0.6293403506278992,
                    0.7770950794219971,
                    3.132699966430664
                ],
                [
                    0.0,
                    0.0,
                    0.0,
                    1.0
                ]
            ]
        },
        {
            "file_path": "./train/r_42",
            "rotation": 0.06283185307179587,
            "transform_matrix": [
                [
                    0.9993920922279358,
                    -0.014109736308455467,
                    0.03050706349313259,
                    0.12298298627138138
                ],
                [
                    0.0336117222905159,
                    0.419530987739563,
                    -0.9070799350738525,
                    -3.656707286834717
                ],
                [
                    9.312827176088945e-10,
                    0.907625675201416,
                    0.4197530150413513,
                    1.6921484470367432
                ],
                [
                    0.0,
                    0.0,
                    0.0,
                    1.0
                ]
            ]
        },
        {
            "file_path": "./train/r_43",
            "rotation": 0.06283185307179587,
            "transform_matrix": [
                [
                    -0.52069091796875,
                    -0.22187763452529907,
                    0.8243612051010132,
                    3.3232436180114746
                ],
                [
                    0.8536951541900635,
                    -0.1353289633989334,
                    0.502799391746521,
                    2.026932716369629
                ],
                [
                    0.0,
                    0.9656326174736023,
                    0.2598821222782135,
                    1.047661542892456
                ],
                [
                    0.0,
                    0.0,
                    0.0,
                    1.0
                ]
            ]
        },
