{
    "camera_angle_x": 0.6911112070083618,
    "frames": [
        {
            "file_path": "./train/r_0",
            "rotation": 0.06283185307179587,
            "transform_matrix": [
                [
                    -0.14421890676021576,
                    0.7353543043136597,
                    -0.6621266007423401,
                    -2.6692278385162354
                ],
                [
                    -0.9895026087760925,
                    -0.10717707872390747,
                    0.09650421887636185,
                    0.38903698325157166
                ],
                [
                    0.0,
                    0.6691465377807617,
                    0.7430967688560486,
                    2.9956424236297607
                ],
                [
                    0.0,
                    0.0,
                    0.0,
                    1.0
                ]
            ]
        },
        {
            "file_path": "./train/r_1",
            "rotation": 0.06283185307179587,
            "transform_matrix": [
                [
                    -0.9978099465370178,
                    0.023525673896074295,
                    -0.0611250177025795,
                    -0.24641300737857819
                ],
                [
                    -0.0654955804347992,
                    -0.358408123254776,
                    0.9312253594398499,
                    3.754044532775879
                ],
                [
                    0.0,
                    0.9332631826400757,
                    0.35916635394096375,
                    1.4479056596755981
                ],
                [
                    0.0,
                    0.0,
                    0.0,
                    1.0
                ]
            ]
        },
        {
            "file_path": "./train/r_2",
            "rotation": 0.06283185307179587,
            "transform_matrix": [
                [
                    0.9998846650123596,
                    -0.009156471118330956,
                    0.007820431143045425,
                    0.031526464968919754
                ],
                [
                    0.012041328474879265,
                    0.7603327035903931,
                    -0.6493909358978271,
                    -2.617886543273926
                ],
                [
                    -4.6564138656002285e-10,
                    0.6494614481925964,
                    0.7603603005409241,
                    3.065236806869507
                ],
                [
                    0.0,
                    0.0,
                    0.0,
                    1.0
                ]
            ]
        },
        {
            "file_path": "./train/r_3",
            "rotation": 0.06283185307179587,
            "transform_matrix": [
                [
                    -0.08942608535289764,
                    -0.5618847608566284,
                    0.822331428527832,
                    3.3150603771209717
                ],
                [
                    0.9959504008293152,
                    -0.05045146122574806,
                    0.07383688539266586,
                    0.2976582646369934
                ],
                [
                    3.725130426346368e-09,
                    0.825669527053833,
                    0.5641248226165771,
                    2.274153232574463
                ],
                [
                    0.0,
                    0.0,
                    0.0,
                    1.0
                ]
            ]
        },
        {
            "file_path": "./train/r_4",
            "rotation": 0.06283185307179587,
            "transform_matrix": [
                [
                    0.7439530491828918,
                    -0.4279007315635681,
                    0.5131897330284119,
                    2.068819522857666
                ],
                [
                    0.6681677103042603,
                    0.4764343798160553,
                    -0.5713971257209778,
                    -2.3034706115722656
                ],
                [
                    1.4900523481742312e-08,
                    0.7680502533912659,
                    0.6403584480285645,
                    2.5814740657806396
                ],
                [
                    0.0,
                    0.0,
                    0.0,
                    1.0
                ]
            ]
        },
        {
            "file_path": "./train/r_5",
            "rotation": 0.06283185307179587,
            "transform_matrix": [
                [
                    0.3313296139240265,
                    -0.27699002623558044,
                    0.9018979072570801,
                    3.635816812515259
                ],
                [
                    0.9434695243835449,
                    0.09727393835783005,
                    -0.31673040986061096,
                    -1.2768338918685913
                ],
                [
                    7.4502595204251065e-09,
                    0.9559311270713806,
                    0.2935633361339569,
                    1.1834405660629272
                ],
                [
                    0.0,
                    0.0,
                    0.0,
                    1.0
                ]
            ]
        },
        {
            "file_path": "./train/r_6",
            "rotation": 0.06283185307179587,
            "transform_matrix": [
                [
                    0.507314920425415,
                    0.3576167821884155,
                    -0.7840074300765991,
                    -3.1605656147003174
                ],
                [
                    -0.8617110252380371,
                    0.21053963899612427,
                    -0.4615685045719147,
                    -1.8607189655303955
                ],
                [
                    1.4900523481742312e-08,
                    0.9098204374313354,
                    0.41497495770454407,
                    1.6728864908218384
                ],
                [
                    0.0,
                    0.0,
                    0.0,
                    1.0
                ]
            ]
        },
        {
            "file_path": "./train/r_7",
            "rotation": 0.06283185307179587,
            "transform_matrix": [
                [
                    -0.6581234335899353,
                    0.5465139746665955,
                    -0.5178162455558777,
                    -2.087470293045044
                ],
                [
                    -0.7528530359268188,
                    -0.47774752974510193,
                    0.45266076922416687,
                    1.824809193611145
                ],
                [
                    0.0,
                    0.6878005862236023,
                    0.7258663773536682,
                    2.9261817932128906
                ],
                [
                    0.0,
                    0.0,
                    0.0,
                    1.0
                ]
            ]
        },
        {
            "file_path": "./train/r_8",
            "rotation": 0.06283185307179587,
            "transform_matrix": [
                [
                    0.7637447714805603,
                    -0.26509523391723633,
                    0.588505744934082,
                    2.3724405765533447
                ],
                [
                    0.6454518437385559,
                    0.31367966532707214,
                    -0.6963620781898499,
                    -2.807241439819336
                ],
                [
                    -1.4900520817207052e-08,
                    0.9117672443389893,
                    0.4106801152229309,
                    1.6555730104446411
                ],
                [
                    0.0,
                    0.0,
                    0.0,
                    1.0
                ]
            ]
        },
        {
            "file_path": "./train/r_9",
            "rotation": 0.06283185307179587,
            "transform_matrix": [
                [
                    -0.9854990243911743,
                    -0.07128729671239853,
                    0.15370221436023712,
                    0.6196190118789673
                ],
                [
                    0.16942784190177917,
                    -0.4146518409252167,
                    0.8940289616584778,
                    3.604094982147217
                ],
                [
                    -7.450260852692736e-09,
                    0.9071780443191528,
                    0.42071980237960815,
                    1.6960457563400269
                ],
                [
                    0.0,
                    0.0,
                    0.0,
                    1.0
                ]
            ]
        },
        {
            "file_path": "./train/r_10",
            "rotation": 0.06283185307179587,
            "transform_matrix": [
                [
                    -0.5277665853500366,
                    0.5467738509178162,
                    -0.6499531865119934,
                    -2.6201531887054443
                ],
                [
                    -0.849338948726654,
                    -0.33975711464881897,
                    0.40387120842933655,
                    1.6281242370605469
                ],
                [
                    1.4900521705385472e-08,
                    0.7652409076690674,
                    0.6437129378318787,
                    2.594996929168701
                ],
                [
                    0.0,
                    0.0,
                    0.0,
                    1.0
                ]
            ]
        },
        {
            "file_path": "./train/r_11",
            "rotation": 0.06283185307179587,
            "transform_matrix": [
                [
                    0.7299597263336182,
                    -0.2929898798465729,
                    0.6174443364143372,
                    2.489100456237793
                ],
                [
                    0.6834272742271423,
                    0.3129386901855469,
                    -0.6594842672348022,
                    -2.658576011657715
                ],
                [
                    0.0,
                    0.9034467935562134,
                    0.42867282032966614,
                    1.7281067371368408
                ],
                [
                    0.0,
                    0.0,
                    0.0,
                    1.0
                ]
            ]
        },
        {
            "file_path": "./train/r_12",
            "rotation": 0.06283185307179587,
            "transform_matrix": [
                [
                    0.9789950251579285,
                    -0.13663806021213531,
                    0.15104475617408752,
                    0.6089060306549072
                ],
                [
                    0.20367376506328583,
                    0.656775712966919,
                    -0.7260241508483887,
                    -2.9268178939819336
                ],
                [
                    -7.450261740871156e-09,
                    0.7415965795516968,
                    0.6708142161369324,
                    2.7042503356933594
                ],
                [
                    0.0,
                    0.0,
                    0.0,
                    1.0
                ]
            ]
        },
        {
            "file_path": "./train/r_13",
            "rotation": 0.06283185307179587,
            "transform_matrix": [
                [
                    -0.26423296332359314,
                    -0.5259186029434204,
                    0.80841064453125,
                    3.258942127227783
                ],
                [
                    0.9644143581390381,
                    -0.14409267902374268,
                    0.22149063646793365,
                    0.8928942084312439
                ],
                [
                    7.450260408603526e-09,
                    0.8382344841957092,
                    0.5452810525894165,
                    2.1981890201568604
                ],
                [
                    0.0,
                    0.0,
                    0.0,
                    1.0
                ]
            ]
        },
        {
            "file_path": "./train/r_14",
            "rotation": 0.06283185307179587,
            "transform_matrix": [
                [
                    0.9028177857398987,
                    -0.24286557734012604,
                    0.3547608256340027,
                    1.4301456212997437
                ],
                [
                    0.42992332577705383,
                    0.5100058317184448,
                    -0.7449802756309509,
                    -3.0032355785369873
                ],
                [
                    -1.4900521705385472e-08,
                    0.8251668214797974,
                    0.5648596882820129,
                    2.277116298675537
                ],
                [
                    0.0,
                    0.0,
                    0.0,
                    1.0
                ]
            ]
        },
        {
            "file_path": "./train/r_15",
            "rotation": 0.06283185307179587,
            "transform_matrix": [
                [
                    -0.07254568487405777,
                    0.19897909462451935,
                    -0.9772742390632629,
                    -3.939680814743042
                ],
                [
                    -0.997322142124176,
                    -0.014473834075033665,
                    0.07108739018440247,
                    0.28657427430152893
                ],
                [
                    0.0,
                    0.979891836643219,
                    0.19949759542942047,
                    0.8042336702346802
                ],
                [
                    0.0,
                    0.0,
                    0.0,
                    1.0
                ]
            ]
        },
        {
            "file_path": "./train/r_16",
            "rotation": 0.06283185307179587,
            "transform_matrix": [
                [
                    -0.9995580911636353,
                    -0.023033760488033295,
                    0.016343483701348305,
                    0.06588540226221085
                ],
                [
                    0.028242209926247597,
                    -0.8152188658714294,
                    0.5784342288970947,
                    2.331838846206665
                ],
                [
                    9.312824955642895e-10,
                    0.5786860585212708,
                    0.8155148029327393,
                    3.2875804901123047
                ],
                [
                    0.0,
                    0.0,
                    0.0,
                    1.0
                ]
            ]
        },
        {
            "file_path": "./train/r_17",
            "rotation": 0.06283185307179587,
            "transform_matrix": [
                [
                    0.5549768805503845,
                    -0.8315290808677673,
                    0.02294410578906536,
                    0.09249445796012878
                ],
                [
                    0.8318142294883728,
                    0.5547866821289062,
                    -0.015308042988181114,
                    -0.06171123683452606
                ],
                [
                    -9.312827176088945e-10,
                    0.02758166939020157,
                    0.9995782375335693,
                    4.029594898223877
                ],
                [
                    0.0,
                    0.0,
                    0.0,
                    1.0
                ]
            ]
        },
        {
            "file_path": "./train/r_18",
            "rotation": 0.06283185307179587,
            "transform_matrix": [
                [
                    0.7856830358505249,
                    0.14669674634933472,
                    -0.6009153723716736,
                    -2.4224674701690674
                ],
                [
                    -0.6185600161552429,
                    0.1863313615322113,
                    -0.7632710337638855,
                    -3.0769712924957275
                ],
                [
                    7.450261740871156e-09,
                    0.9714682698249817,
                    0.23713965713977814,
                    0.9559800624847412
                ],
                [
                    0.0,
                    0.0,
                    0.0,
                    1.0
                ]
            ]
        },
        {
            "file_path": "./train/r_19",
            "rotation": 0.06283185307179587,
            "transform_matrix": [
                [
                    0.9361078143119812,
                    -0.04707422852516174,
                    0.34842634201049805,
                    1.4046096801757812
                ],
                [
                    0.35159116983413696,
                    0.12533462047576904,
                    -0.9276814460754395,
                    -3.739758253097534
                ],
                [
                    3.725130648390973e-09,
                    0.9909919500350952,
                    0.13387848436832428,
                    0.5397037863731384
                ],
                [
                    0.0,
                    0.0,
                    0.0,
                    1.0
                ]
            ]
        },
        {
            "file_path": "./train/r_20",
            "rotation": 0.06283185307179587,
            "transform_matrix": [
                [
                    -0.8767707347869873,
                    -0.45001137256622314,
                    0.16938833892345428,
                    0.6828544735908508
                ],
                [
                    0.48081934452056885,
                    -0.8205925822257996,
                    0.30887842178344727,
                    1.2451802492141724
                ],
                [
                    1.4900522593563892e-08,
                    0.3522886037826538,
                    0.9358519315719604,
                    3.772696018218994
                ],
                [
                    0.0,
                    0.0,
                    0.0,
                    1.0
                ]
            ]
        },
        {
            "file_path": "./train/r_21",
            "rotation": 0.06283185307179587,
            "transform_matrix": [
                [
                    0.4758602976799011,
                    0.6604112386703491,
                    -0.5808289051055908,
                    -2.3414931297302246
                ],
                [
                    -0.879472017288208,
                    0.3573319911956787,
                    -0.3142719566822052,
                    -1.266923189163208
                ],
                [
                    2.9801041634414105e-08,
                    0.6604245901107788,
                    0.7508584260940552,
                    3.0269320011138916
                ],
                [
                    0.0,
                    0.0,
                    0.0,
                    1.0
                ]
            ]
        },
        {
            "file_path": "./train/r_22",
            "rotation": 0.06283185307179587,
            "transform_matrix": [
                [
                    0.9815858602523804,
                    -0.13438159227371216,
                    0.13544966280460358,
                    0.5460375547409058
                ],
                [
                    0.19079725444316864,
                    0.6913467645645142,
                    -0.6968415379524231,
                    -2.809174060821533
                ],
                [
                    -7.450261296781946e-09,
                    0.7099093198776245,
                    0.7042603492736816,
                    2.8390815258026123
                ],
                [
                    0.0,
                    0.0,
                    0.0,
                    1.0
                ]
            ]
        },
        {
            "file_path": "./train/r_23",
            "rotation": 0.06283185307179587,
            "transform_matrix": [
                [
                    -0.0038682410959154367,
                    0.5292373299598694,
                    -0.8484283089637756,
                    -3.4202651977539062
                ],
                [
                    -0.99994957447052,
                    -0.002047320595011115,
                    0.0032820908818393946,
                    0.013231078162789345
                ],
                [
                    1.16410325823324e-10,
                    0.8484653830528259,
                    0.5292220115661621,
                    2.1334502696990967
                ],
                [
                    0.0,
                    0.0,
                    0.0,
                    1.0
                ]
            ]
        },
        {
            "file_path": "./train/r_24",
            "rotation": 0.06283185307179587,
            "transform_matrix": [
                [
                    0.7777959704399109,
                    0.3912072479724884,
                    -0.49185049533843994,
                    -1.9827946424484253
                ],
                [
                    -0.6284486651420593,
                    0.48417550325393677,
                    -0.6087360382080078,
                    -2.4539947509765625
                ],
                [
                    1.4900522593563892e-08,
                    0.7826372385025024,
                    0.6224474906921387,
                    2.5092697143554688
                ],
                [
                    0.0,
                    0.0,
                    0.0,
                    1.0
                ]
            ]
        },
        {
            "file_path": "./train/r_25",
            "rotation": 0.06283185307179587,
            "transform_matrix": [
                [
                    0.6966313719749451,
                    0.25768277049064636,
                    -0.6694959998130798,
                    -2.6989362239837646
                ],
                [
                    -0.7173693776130676,
                    0.25023356080055237,
                    -0.6501419544219971,
                    -2.6209144592285156
                ],
                [
                    -1.4900523481742312e-08,
                    0.9332591891288757,
                    0.3591766655445099,
                    1.4479472637176514
                ],
                [
                    0.0,
                    0.0,
                    0.0,
                    1.0
                ]
            ]
        },
        {
            "file_path": "./train/r_26",
            "rotation": 0.06283185307179587,
            "transform_matrix": [
                [
                    0.8542808890342712,
                    0.4189901649951935,
                    -0.3075374364852905,
                    -1.239774227142334
                ],
                [
                    -0.5197291970252991,
                    0.6886957287788391,
                    -0.5055004954338074,
                    -2.0378217697143555
                ],
                [
                    0.0,
                    0.5917224884033203,
                    0.8061062693595886,
                    3.249652624130249
                ],
                [
                    0.0,
                    0.0,
                    0.0,
                    1.0
                ]
            ]
        },
        {
            "file_path": "./train/r_27",
            "rotation": 0.06283185307179587,
            "transform_matrix": [
                [
                    -0.9888213872909546,
                    -0.09881356358528137,
                    0.11127815395593643,
                    0.4485950767993927
                ],
                [
                    0.14881587028503418,
                    -0.6565762162208557,
                    0.7393984198570251,
                    2.9807333946228027
                ],
                [
                    0.0,
                    0.7477521300315857,
                    0.663946270942688,
                    2.676563262939453
                ],
                [
                    0.0,
                    0.0,
                    0.0,
                    1.0
                ]
            ]
        },
        {
            "file_path": "./train/r_28",
            "rotation": 0.06283185307179587,
            "transform_matrix": [
                [
                    0.8177488446235657,
                    -0.34233951568603516,
                    0.46261686086654663,
                    1.8649451732635498
                ],
                [
                    0.5755008459091187,
                    0.486441969871521,
                    -0.657348096370697,
                    -2.6499645709991455
                ],
                [
                    -1.4900523481742312e-08,
                    0.8038457036018372,
                    0.5948079228401184,
                    2.3978464603424072
                ],
                [
                    0.0,
                    0.0,
                    0.0,
                    1.0
                ]
            ]
        },
        {
            "file_path": "./train/r_29",
            "rotation": 0.06283185307179587,
            "transform_matrix": [
                [
                    0.637417733669281,
                    -0.2385449856519699,
                    0.7326083779335022,
                    2.9533607959747314
                ],
                [
                    0.7704626321792603,
                    0.19735261797904968,
                    -0.6061002612113953,
                    -2.443369150161743
                ],
                [
                    0.0,
                    0.9508618116378784,
                    0.30958813428878784,
                    1.2480412721633911
                ],
                [
                    0.0,
                    0.0,
                    0.0,
                    1.0
                ]
            ]
        },
        {
            "file_path": "./train/r_30",
            "rotation": 0.06283185307179587,
            "transform_matrix": [
                [
                    -0.829102098941803,
                    -0.21252867579460144,
                    0.5170491337776184,
                    2.0843777656555176
                ],
                [
                    0.5590205788612366,
                    -0.315208375453949,
                    0.766852855682373,
                    3.0914103984832764
                ],
                [
                    0.0,
                    0.9249135851860046,
                    0.38015028834342957,
                    1.5324981212615967
                ],
                [
                    0.0,
                    0.0,
                    0.0,
                    1.0
                ]
            ]
        },
        {
            "file_path": "./train/r_31",
            "rotation": 0.06283185307179587,
            "transform_matrix": [
                [
                    0.8723573684692383,
                    0.140004962682724,
                    -0.4683031439781189,
                    -1.8878681659698486
                ],
                [
                    -0.4887811541557312,
                    0.24987532198429108,
                    -0.8358089923858643,
                    -3.3693926334381104
                ],
                [
                    0.0,
                    0.958097517490387,
                    0.2864142954349518,
                    1.1546205282211304
                ],
                [
                    0.0,
                    0.0,
                    0.0,
                    1.0
                ]
            ]
        },
        {
            "file_path": "./train/r_32",
            "rotation": 0.06283185307179587,
            "transform_matrix": [
                [
                    -0.7636524438858032,
                    0.293664813041687,
                    -0.5749066472053528,
                    -2.3176186084747314
                ],
                [
                    -0.6455610990524292,
                    -0.34738442301750183,
                    0.6800733208656311,
                    2.741576671600342
                ],
                [
                    0.0,
                    0.8905475735664368,
                    0.454862505197525,
                    1.8336851596832275
                ],
                [
                    0.0,
                    0.0,
                    0.0,
                    1.0
                ]
            ]
        },
        {
            "file_path": "./train/r_33",
            "rotation": 0.06283185307179587,
            "transform_matrix": [
                [
                    -0.9459704160690308,
                    0.32348352670669556,
                    -0.020511610433459282,
                    -0.0826883614063263
                ],
                [
                    -0.32412096858024597,
                    -0.9441099762916565,
                    0.05986461043357849,
                    0.24133193492889404
                ],
                [
                    -1.8625655462400914e-09,
                    0.0632835105061531,
                    0.9979543089866638,
                    4.0230488777160645
                ],
                [
                    0.0,
                    0.0,
                    0.0,
                    1.0
                ]
            ]
        },
        {
            "file_path": "./train/r_34",
            "rotation": 0.06283185307179587,
            "transform_matrix": [
                [
                    -0.8032606840133667,
                    -0.31484636664390564,
                    0.5055359601974487,
                    2.0379645824432373
                ],
                [
                    0.5955556035041809,
                    -0.42465177178382874,
                    0.6818459630012512,
                    2.7487220764160156
                ],
                [
                    0.0,
                    0.8488419055938721,
                    0.5286181569099426,
                    2.1310155391693115
                ],
                [
                    0.0,
                    0.0,
                    0.0,
                    1.0
                ]
            ]
        },
        {
            "file_path": "./train/r_35",
            "rotation": 0.06283185307179587,
            "transform_matrix": [
                [
                    -0.47345319390296936,
                    0.795676052570343,
                    -0.3777622878551483,
                    -1.522871494293213
                ],
                [
                    -0.8807703256607056,
                    -0.42771127820014954,
                    0.20306403934955597,
                    0.818611204624176
                ],
                [
                    1.4900523481742312e-08,
                    0.4288969933986664,
                    0.9033148884773254,
                    3.6415295600891113
                ],
                [
                    0.0,
                    0.0,
                    0.0,
                    1.0
                ]
            ]
        },
        {
            "file_path": "./train/r_36",
            "rotation": 0.06283185307179587,
            "transform_matrix": [
                [
                    0.3141832947731018,
                    0.17252829670906067,
                    -0.9335106015205383,
                    -3.7632570266723633
                ],
                [
                    -0.9493171572685242,
                    0.05709947645664215,
                    -0.3089520335197449,
                    -1.2454769611358643
                ],
                [
                    0.0,
                    0.9833429455757141,
                    0.18172498047351837,
                    0.7325870990753174
                ],
                [
                    0.0,
                    0.0,
                    0.0,
                    1.0
                ]
            ]
        },
        {
            "file_path": "./train/r_37",
            "rotation": 0.06283185307179587,
            "transform_matrix": [
                [
                    -0.3967655897140503,
                    -0.6347602009773254,
                    0.6630253791809082,
                    2.672851085662842
                ],
                [
                    0.917873203754425,
                    -0.27438539266586304,
                    0.28660348057746887,
                    1.1553832292556763
                ],
                [
                    0.0,
                    0.7223448157310486,
                    0.6915006637573242,
                    2.7876434326171875
                ],
                [
                    0.0,
                    0.0,
                    0.0,
                    1.0
                ]
            ]
        },
        {
            "file_path": "./train/r_38",
            "rotation": 0.06283185307179587,
            "transform_matrix": [
                [
                    -0.6138070225715637,
                    -0.3541787266731262,
                    0.7054953575134277,
                    2.844060182571411
                ],
                [
                    0.7894018888473511,
                    -0.27539509534835815,
                    0.5485647320747375,
                    2.2114264965057373
                ],
                [
                    -1.4900523481742312e-08,
                    0.8937029242515564,
                    0.44863173365592957,
                    1.8085670471191406
                ],
                [
                    0.0,
                    0.0,
                    0.0,
                    1.0
                ]
            ]
        },
        {
            "file_path": "./train/r_39",
            "rotation": 0.06283185307179587,
            "transform_matrix": [
                [
                    -0.17744490504264832,
                    0.14001400768756866,
                    -0.9740780591964722,
                    -3.9267964363098145
                ],
                [
                    -0.9840871691703796,
                    -0.025246512144804,
                    0.17564010620117188,
                    0.708057165145874
                ],
                [
                    0.0,
                    0.9898226261138916,
                    0.14226676523685455,
                    0.5735193490982056
                ],
                [
                    0.0,
                    0.0,
                    0.0,
                    1.0
                ]
            ]
        },
        {
            "file_path": "./train/r_40",
            "rotation": 0.06283185307179587,
            "transform_matrix": [
                [
                    0.4759247601032257,
                    -0.8344854116439819,
                    0.277662992477417,
                    1.119341492652893
                ],
                [
                    0.879437267780304,
                    0.451598197221756,
                    -0.15026278793811798,
                    -0.6057536602020264
                ],
                [
                    1.4900523481742312e-08,
                    0.3157259225845337,
                    0.9488106966018677,
                    3.8249361515045166
                ],
                [
                    0.0,
                    0.0,
                    0.0,
                    1.0
                ]
            ]
        },
        {
            "file_path": "./train/r_41",
            "rotation": 0.06283185307179587,
            "transform_matrix": [
                [
                    -0.9896097183227539,
                    -0.06937093287706375,
                    0.12559865415096283,
                    0.5063252449035645
                ],
                [
                    0.14348149299621582,
                    -0.47846004366874695,
                    0.8662696480751038,
                    3.4921886920928955
                ],
                [
                    0.0,
                    0.8753591179847717,
                    0.48344528675079346,
                    1.9489108324050903
                ],
                [
                    0.0,
                    0.0,
                    0.0,
                    1.0
                ]
            ]
        },
        {
            "file_path": "./train/r_42",
            "rotation": 0.06283185307179587,
            "transform_matrix": [
                [
                    0.2534804046154022,
                    0.6477860808372498,
                    -0.7183790802955627,
                    -2.895998239517212
                ],
                [
                    -0.9672961831092834,
                    0.16975265741348267,
                    -0.1882515847682953,
                    -0.7588977813720703
                ],
                [
                    0.0,
                    0.7426621913909912,
                    0.6696344017982483,
                    2.6994941234588623
                ],
                [
                    0.0,
                    0.0,
                    0.0,
                    1.0
                ]
            ]
        },
        {
            "file_path": "./train/r_43",
            "rotation": 0.06283185307179587,
            "transform_matrix": [
                [
                    0.9277810454368591,
                    -0.32049551606178284,
                    0.19085891544818878,
                    0.7694087028503418
                ],
                [
                    0.37301018834114075,
                    0.7971622943878174,
                    -0.47471970319747925,
                    -1.9137353897094727
                ],
                [
                    0.0,
                    0.5116686820983887,
                    0.8591458201408386,
                    3.463470458984375
                ],
                [
                    0.0,
                    0.0,
