{
    "camera_angle_x": 0.6911112070083618,
    "frames": [
        {
            "file_path": "./train/r_0",
            "rotation": 0.06283185307179587,
            "transform_matrix": [
                [
                    -0.9937765598297119,
                    -0.090020552277565,
                    0.06495610624551773,
                    0.2618572413921356
                ],
                [
                    0.11100617051124573,
                    -0.8059040307998657,
                    0.5815159678459167,
                    2.3442623615264893
                ],
                [
                    0.0,
                    0.5851536393165588,
                    0.8108868598937988,
                    3.2689242362976074
                ],
                [
                    0.0,
                    0.0,
                    0.0,
                    1.0
                ]
            ]
        },
        {
            "file_path": "./train/r_1",
            "rotation": 0.06283185307179587,
            "transform_matrix": [
                [
                    0.6166892051696777,
                    -0.5746922492980957,
                    0.5379250049591064,
                    2.168534755706787
                ],
                [
                    0.7871521711349487,
                    0.4502388834953308,
                    -0.42143386602401733,
                    -1.6989244222640991
                ],
                [
                    0.0,
                    0.6833767294883728,
                    0.7300325632095337,
                    2.942976951599121
                ],
                [
                    0.0,
                    0.0,
                    0.0,
                    1.0
                ]
            ]
        },
        {
            "file_path": "./train/r_2",
            "rotation": 0.06283185307179587,
            "transform_matrix": [
                [
                    -0.545977771282196,
                    -0.4828355610370636,
                    0.684624969959259,
                    2.759925365447998
                ],
                [
                    0.8377484083175659,
                    -0.31467384099960327,
                    0.4461841583251953,
                    1.7987000942230225
                ],
                [
                    -1.4900522593563892e-08,
                    0.8172147870063782,
                    0.5763035416603088,
                    2.3232498168945312
                ],
                [
                    0.0,
                    0.0,
                    0.0,
                    1.0
                ]
            ]
        },
        {
            "file_path": "./train/r_3",
            "rotation": 0.06283185307179587,
            "transform_matrix": [
                [
                    0.9412882924079895,
                    -0.3087044656276703,
                    0.13637973368167877,
                    0.5497869849205017
                ],
                [
                    0.33747681975364685,
                    0.8610365986824036,
                    -0.380389541387558,
                    -1.5334625244140625
                ],
                [
                    0.0,
                    0.40411314368247986,
                    0.9146703481674194,
                    3.6873061656951904
                ],
                [
                    0.0,
                    0.0,
                    0.0,
                    1.0
                ]
            ]
        },
        {
            "file_path": "./train/r_4",
            "rotation": 0.06283185307179587,
            "transform_matrix": [
                [
                    -0.7126332521438599,
                    -0.698077917098999,
                    0.0692254900932312,
                    0.27906838059425354
                ],
                [
                    0.7014756202697754,
                    -0.709181547164917,
                    0.07032658904790878,
                    0.28350722789764404
                ],
                [
                    3.725130426346368e-09,
                    0.0986848995089531,
                    0.9950776100158691,
                    4.011451721191406
                ],
                [
                    0.0,
                    0.0,
                    0.0,
                    1.0
                ]
            ]
        },
        {
            "file_path": "./train/r_5",
            "rotation": 0.06283185307179587,
            "transform_matrix": [
                [
                    -0.7011392712593079,
                    -0.6477084755897522,
                    0.2980330288410187,
                    1.2014591693878174
                ],
                [
                    0.7129642367362976,
                    -0.6369658708572388,
                    0.29308995604515076,
                    1.1815321445465088
                ],
                [
                    1.4900523481742312e-08,
                    0.41801682114601135,
                    0.9084007143974304,
                    3.662031888961792
                ],
                [
                    0.0,
                    0.0,
                    0.0,
                    1.0
                ]
            ]
        },
        {
            "file_path": "./train/r_6",
            "rotation": 0.06283185307179587,
            "transform_matrix": [
                [
                    -0.15781265497207642,
                    0.3036400079727173,
                    -0.9395860433578491,
                    -3.7877488136291504
                ],
                [
                    -0.9874256253242493,
                    -0.048528458923101425,
                    0.1501668393611908,
                    0.6053668856620789
                ],
                [
                    0.0,
                    0.9515448212623596,
                    0.30748242139816284,
                    1.2395524978637695
                ],
                [
                    0.0,
                    0.0,
                    0.0,
                    1.0
                ]
            ]
        },
        {
            "file_path": "./train/r_7",
            "rotation": 0.06283185307179587,
            "transform_matrix": [
                [
                    -0.8886451721191406,
                    -0.12053374946117401,
                    0.44237664341926575,
                    1.7833510637283325
                ],
                [
                    0.4585016071796417,
                    -0.2336125671863556,
                    0.8573926091194153,
                    3.4564030170440674
                ],
                [
                    -7.4502595204251065e-09,
                    0.9648247361183167,
                    0.2628653645515442,
                    1.0596879720687866
                ],
                [
                    0.0,
                    0.0,
                    0.0,
                    1.0
                ]
            ]
        },
        {
            "file_path": "./train/r_8",
            "rotation": 0.06283185307179587,
            "transform_matrix": [
                [
                    0.17992515861988068,
                    -0.9317254424095154,
                    0.3154281973838806,
                    1.2715842723846436
                ],
                [
                    0.983636736869812,
                    0.17042963206768036,
                    -0.057697586715221405,
                    -0.2325960248708725
                ],
                [
                    0.0,
                    0.3206733167171478,
                    0.9471501708030701,
                    3.818242073059082
                ],
                [
                    0.0,
                    0.0,
                    0.0,
                    1.0
                ]
            ]
        },
        {
            "file_path": "./train/r_9",
            "rotation": 0.06283185307179587,
            "transform_matrix": [
                [
                    0.33814331889152527,
                    -0.26981160044670105,
                    0.9015448093414307,
                    3.6343934535980225
                ],
                [
                    0.9410489201545715,
                    0.09695030748844147,
                    -0.323948472738266,
                    -1.3059320449829102
                ],
                [
                    7.450260408603526e-09,
                    0.958014726638794,
                    0.28669095039367676,
                    1.1557358503341675
                ],
                [
                    0.0,
                    0.0,
                    0.0,
                    1.0
                ]
            ]
        },
        {
            "file_path": "./train/r_10",
            "rotation": 0.06283185307179587,
            "transform_matrix": [
                [
                    -0.13901236653327942,
                    0.7856711745262146,
                    -0.6027923226356506,
                    -2.4300336837768555
                ],
                [
                    -0.9902473092079163,
                    -0.1102936714887619,
                    0.0846208706498146,
                    0.34113168716430664
                ],
                [
                    0.0,
                    0.6087250709533691,
                    0.7933462858200073,
                    3.1982131004333496
                ],
                [
                    0.0,
                    0.0,
                    0.0,
                    1.0
                ]
            ]
        },
        {
            "file_path": "./train/r_11",
            "rotation": 0.06283185307179587,
            "transform_matrix": [
                [
                    -0.9899953007698059,
                    -0.1361754834651947,
                    0.035793088376522064,
                    0.14429251849651337
                ],
                [
                    0.14079594612121582,
                    -0.9575068950653076,
                    0.25167620182037354,
                    1.0145812034606934
                ],
                [
                    0.0,
                    0.2542179524898529,
                    0.9671066403388977,
                    3.8986926078796387
                ],
                [
                    0.0,
                    0.0,
                    0.0,
                    1.0
                ]
            ]
        },
        {
            "file_path": "./train/r_12",
            "rotation": 0.06283185307179587,
            "transform_matrix": [
                [
                    0.498691201210022,
                    0.4148121178150177,
                    -0.7610303163528442,
                    -3.0679378509521484
                ],
                [
                    -0.8667303323745728,
                    0.2386707365512848,
                    -0.43787452578544617,
                    -1.765201449394226
                ],
                [
                    0.0,
                    0.8780416250228882,
                    0.47855642437934875,
                    1.9292021989822388
                ],
                [
                    0.0,
                    0.0,
                    0.0,
                    1.0
                ]
            ]
        },
        {
            "file_path": "./train/r_13",
            "rotation": 0.06283185307179587,
            "transform_matrix": [
                [
                    -0.8037412762641907,
                    -0.4398971199989319,
                    0.4005244970321655,
                    1.6146326065063477
                ],
                [
                    0.5949068665504456,
                    -0.5943173170089722,
                    0.5411234498023987,
                    2.1814284324645996
                ],
                [
                    0.0,
                    0.6732513308525085,
                    0.7393801212310791,
                    2.9806597232818604
                ],
                [
                    0.0,
                    0.0,
                    0.0,
                    1.0
                ]
            ]
        },
        {
            "file_path": "./train/r_14",
            "rotation": 0.06283185307179587,
            "transform_matrix": [
                [
                    0.9622126817703247,
                    0.09826979041099548,
                    -0.2537810802459717,
                    -1.023066520690918
                ],
                [
                    -0.2721412479877472,
                    0.3474535346031189,
                    -0.8972964286804199,
                    -3.617267370223999
                ],
                [
                    0.0,
                    0.9325283765792847,
                    0.36106982827186584,
                    1.4555792808532715
                ],
                [
                    0.0,
                    0.0,
                    0.0,
                    1.0
                ]
            ]
        },
        {
            "file_path": "./train/r_15",
            "rotation": 0.06283185307179587,
            "transform_matrix": [
                [
                    -0.7619180679321289,
                    0.4245542883872986,
                    -0.4890429973602295,
                    -1.9714767932891846
                ],
                [
                    -0.6476070880889893,
                    -0.4994935691356659,
                    0.5753653645515442,
                    2.319467782974243
                ],
                [
                    0.0,
                    0.7551487684249878,
                    0.6555219888687134,
                    2.6426026821136475
                ],
                [
                    0.0,
                    0.0,
                    0.0,
                    1.0
                ]
            ]
        },
        {
            "file_path": "./train/r_16",
            "rotation": 0.06283185307179587,
            "transform_matrix": [
                [
                    -0.9614741206169128,
                    0.14034081995487213,
                    -0.23619455099105835,
                    -0.9521699547767639
                ],
                [
                    -0.27473941445350647,
                    -0.49113473296165466,
                    0.8265831470489502,
                    3.332200765609741
                ],
                [
                    0.0,
                    0.8596982955932617,
                    0.5107738375663757,
                    2.059080123901367
                ],
                [
                    0.0,
                    0.0,
                    0.0,
                    1.0
                ]
            ]
        },
        {
            "file_path": "./train/r_17",
            "rotation": 0.06283185307179587,
            "transform_matrix": [
                [
                    0.4692762792110443,
                    0.686345100402832,
                    -0.5555727481842041,
                    -2.239677906036377
                ],
                [
                    -0.8830028176307678,
                    0.3647615611553192,
                    -0.295261949300766,
                    -1.1902880668640137
                ],
                [
                    -1.4900522593563892e-08,
                    0.6291815042495728,
                    0.7772236466407776,
                    3.133218288421631
                ],
                [
                    0.0,
                    0.0,
                    0.0,
                    1.0
                ]
            ]
        },
        {
            "file_path": "./train/r_18",
            "rotation": 0.06283185307179587,
            "transform_matrix": [
                [
                    0.2905121147632599,
                    -0.3465622365474701,
                    0.8918649554252625,
                    3.5953710079193115
                ],
                [
                    0.9568264484405518,
                    0.1052234023809433,
                    -0.2707884907722473,
                    -1.0916283130645752
                ],
                [
                    -7.450261296781946e-09,
                    0.9321010708808899,
                    0.3621710538864136,
                    1.460018515586853
                ],
                [
                    0.0,
                    0.0,
                    0.0,
                    1.0
                ]
            ]
        },
        {
            "file_path": "./train/r_19",
            "rotation": 0.06283185307179587,
            "transform_matrix": [
                [
                    0.591115415096283,
                    -0.46624755859375,
                    0.6581243872642517,
                    2.6530940532684326
                ],
                [
                    0.8065338134765625,
                    0.34171679615974426,
                    -0.48234495520591736,
                    -1.9444751739501953
                ],
                [
                    0.0,
                    0.8159857392311096,
                    0.5780422687530518,
                    2.330259323120117
                ],
                [
                    0.0,
                    0.0,
                    0.0,
                    1.0
                ]
            ]
        },
        {
            "file_path": "./train/r_20",
            "rotation": 0.06283185307179587,
            "transform_matrix": [
                [
                    -0.046370964497327805,
                    -0.6992612481117249,
                    0.7133277058601379,
                    2.8756346702575684
                ],
                [
                    0.9988813400268555,
                    -0.032461732625961304,
                    0.03311473876237869,
                    0.1334952861070633
                ],
                [
                    0.0,
                    0.7141217589378357,
                    0.6999889016151428,
                    2.821861743927002
                ],
                [
                    0.0,
                    0.0,
                    0.0,
                    1.0
                ]
            ]
        },
        {
            "file_path": "./train/r_21",
            "rotation": 0.06283185307179587,
            "transform_matrix": [
                [
                    0.6461090445518494,
                    0.4683930277824402,
                    -0.602563738822937,
                    -2.429112434387207
                ],
                [
                    -0.7631889581680298,
                    0.3965374529361725,
                    -0.5101251602172852,
                    -2.0564651489257812
                ],
                [
                    1.4900524369920731e-08,
                    0.7895288467407227,
                    0.6136828660964966,
                    2.4739367961883545
                ],
                [
                    0.0,
                    0.0,
                    0.0,
                    1.0
                ]
            ]
        },
        {
            "file_path": "./train/r_22",
            "rotation": 0.06283185307179587,
            "transform_matrix": [
                [
                    0.9891718626022339,
                    0.10299158096313477,
                    -0.10414814203977585,
                    -0.4198519289493561
                ],
                [
                    -0.1464693248271942,
                    0.6955475211143494,
                    -0.7033582925796509,
                    -2.835444927215576
                ],
                [
                    0.0,
                    0.7110529541969299,
                    0.7031058073043823,
                    2.8344271183013916
                ],
                [
                    0.0,
                    0.0,
                    0.0,
                    1.0
                ]
            ]
        },
        {
            "file_path": "./train/r_23",
            "rotation": 0.06283185307179587,
            "transform_matrix": [
                [
                    -0.4142753779888153,
                    0.2777440845966339,
                    -0.866692841053009,
                    -3.4938950538635254
                ],
                [
                    -0.9101044535636902,
                    -0.12642784416675568,
                    0.39451465010643005,
                    1.5904051065444946
                ],
                [
                    0.0,
                    0.952294111251831,
                    0.30515408515930176,
                    1.2301663160324097
                ],
                [
                    0.0,
                    0.0,
                    0.0,
                    1.0
                ]
            ]
        },
        {
            "file_path": "./train/r_24",
            "rotation": 0.06283185307179587,
            "transform_matrix": [
                [
                    -0.6259872317314148,
                    0.6400468349456787,
                    -0.4454502463340759,
                    -1.7957415580749512
                ],
                [
                    -0.779778242111206,
                    -0.5138142108917236,
                    0.3575966954231262,
                    1.4415780305862427
                ],
                [
                    -1.4900520817207052e-08,
                    0.5712486505508423,
                    0.8207411170005798,
                    3.308650016784668
                ],
                [
                    0.0,
                    0.0,
                    0.0,
                    1.0
                ]
            ]
        },
        {
            "file_path": "./train/r_25",
            "rotation": 0.06283185307179587,
            "transform_matrix": [
                [
                    -0.05334239825606346,
                    -0.9845576882362366,
                    0.16669829189777374,
                    0.672010064125061
                ],
                [
                    0.998533308506012,
                    -0.05259580910205841,
                    0.008905147202312946,
                    0.03589927777647972
                ],
                [
                    9.31282606586592e-10,
                    0.16694211959838867,
                    0.9859258532524109,
                    3.974558115005493
                ],
                [
                    0.0,
                    0.0,
                    0.0,
                    1.0
                ]
            ]
        },
        {
            "file_path": "./train/r_26",
            "rotation": 0.06283185307179587,
            "transform_matrix": [
                [
                    -0.9825037717819214,
                    0.05188700184226036,
                    -0.17862972617149353,
                    -0.7201091647148132
                ],
                [
                    -0.18601219356060028,
                    -0.2740636169910431,
                    0.9435100555419922,
                    3.803567886352539
                ],
                [
                    0.0,
                    0.9603056311607361,
                    0.2789219617843628,
                    1.1244168281555176
                ],
                [
                    0.0,
                    0.0,
                    0.0,
                    1.0
                ]
            ]
        },
        {
            "file_path": "./train/r_27",
            "rotation": 0.06283185307179587,
            "transform_matrix": [
                [
                    0.8101802468299866,
                    -0.1699671596288681,
                    0.5609247088432312,
                    2.2612533569335938
                ],
                [
                    0.5861076712608337,
                    0.23494665324687958,
                    -0.7753697037696838,
                    -3.125744342803955
                ],
                [
                    0.0,
                    0.9570273160934448,
                    0.2899700999259949,
                    1.1689552068710327
                ],
                [
                    0.0,
                    0.0,
                    0.0,
                    1.0
                ]
            ]
        },
        {
            "file_path": "./train/r_28",
            "rotation": 0.06283185307179587,
            "transform_matrix": [
                [
                    -0.4626917541027069,
                    -0.38761571049690247,
                    0.7972440123558044,
                    3.213926315307617
                ],
                [
                    0.8864709734916687,
                    -0.20231524109840393,
                    0.41611993312835693,
                    1.6775023937225342
                ],
                [
                    0.0,
                    0.899340033531189,
                    0.43722254037857056,
                    1.7625732421875
                ],
                [
                    0.0,
                    0.0,
                    0.0,
                    1.0
                ]
            ]
        },
        {
            "file_path": "./train/r_29",
            "rotation": 0.06283185307179587,
            "transform_matrix": [
                [
                    0.9759520888328552,
                    0.20451214909553528,
                    -0.07489822804927826,
                    -0.3019368648529053
                ],
                [
                    -0.21778836846351624,
                    0.916458785533905,
                    -0.3356335163116455,
                    -1.3530378341674805
                ],
                [
                    7.450260852692736e-09,
                    0.34390130639076233,
                    0.9389663338661194,
                    3.785250663757324
                ],
                [
                    0.0,
                    0.0,
                    0.0,
                    1.0
                ]
            ]
        },
        {
            "file_path": "./train/r_30",
            "rotation": 0.06283185307179587,
            "transform_matrix": [
                [
                    -0.5713630318641663,
                    0.6191205978393555,
                    -0.5386819243431091,
                    -2.17158579826355
                ],
                [
                    -0.820645272731781,
                    -0.4310542345046997,
                    0.3750499188899994,
                    1.511936902999878
                ],
                [
                    1.4900521705385472e-08,
                    0.6564083099365234,
                    0.7543718218803406,
                    3.041095495223999
                ],
                [
                    0.0,
                    0.0,
                    0.0,
                    1.0
                ]
            ]
        },
        {
            "file_path": "./train/r_31",
            "rotation": 0.06283185307179587,
            "transform_matrix": [
                [
                    0.5178265571594238,
                    -0.2886652946472168,
                    0.8052642941474915,
                    3.24625825881958
                ],
                [
                    0.8554354906082153,
                    0.17473973333835602,
                    -0.4874561131000519,
                    -1.965079665184021
                ],
                [
                    0.0,
                    0.9413438439369202,
                    0.33742162585258484,
                    1.3602463006973267
                ],
                [
                    0.0,
                    0.0,
                    0.0,
                    1.0
                ]
            ]
        },
        {
            "file_path": "./train/r_32",
            "rotation": 0.06283185307179587,
            "transform_matrix": [
                [
                    -0.36776936054229736,
                    0.5980168581008911,
                    -0.7120846509933472,
                    -2.8706235885620117
                ],
                [
                    -0.9298709034919739,
                    -0.23651915788650513,
                    0.2816336154937744,
                    1.1353483200073242
                ],
                [
                    -1.4900521705385472e-08,
                    0.7657836675643921,
                    0.6430672407150269,
                    2.5923938751220703
                ],
                [
                    0.0,
                    0.0,
                    0.0,
                    1.0
                ]
            ]
        },
        {
            "file_path": "./train/r_33",
            "rotation": 0.06283185307179587,
            "transform_matrix": [
                [
                    0.9048623442649841,
                    -0.23155100643634796,
                    0.357109010219574,
                    1.4396119117736816
                ],
                [
                    0.4256034195423126,
                    0.4922935366630554,
                    -0.759238600730896,
                    -3.0607151985168457
                ],
                [
                    0.0,
                    0.8390597105026245,
                    0.54401034116745,
                    2.193066358566284
                ],
                [
                    0.0,
                    0.0,
                    0.0,
                    1.0
                ]
            ]
        },
        {
            "file_path": "./train/r_34",
            "rotation": 0.06283185307179587,
            "transform_matrix": [
                [
                    -0.09918522089719772,
                    -0.6731055378913879,
                    0.7328310608863831,
                    2.954258441925049
                ],
                [
                    0.9950258731842041,
                    -0.06709586083889008,
                    0.07304936647415161,
                    0.29448357224464417
                ],
                [
                    3.725130426346368e-09,
                    0.7364895343780518,
                    0.6764168739318848,
                    2.7268364429473877
                ],
                [
                    0.0,
                    0.0,
                    0.0,
                    1.0
                ]
            ]
        },
        {
            "file_path": "./train/r_35",
            "rotation": 0.06283185307179587,
            "transform_matrix": [
                [
                    -0.9456843137741089,
                    0.31574881076812744,
                    -0.0768493115901947,
                    -0.30980223417282104
                ],
                [
                    -0.32495471835136414,
                    -0.9188932180404663,
                    0.2236471027135849,
                    0.9015874862670898
                ],
                [
                    0.0,
                    0.23649084568023682,
                    0.9715933799743652,
                    3.9167797565460205
                ],
                [
                    0.0,
                    0.0,
                    0.0,
                    1.0
                ]
            ]
        },
        {
            "file_path": "./train/r_36",
            "rotation": 0.06283185307179587,
            "transform_matrix": [
                [
                    -0.6202735900878906,
                    0.3312520384788513,
                    -0.7109548449516296,
                    -2.8660690784454346
                ],
                [
                    -0.7843307852745056,
                    -0.2619645595550537,
                    0.5622456073760986,
                    2.266578197479248
                ],
                [
                    1.4900521705385472e-08,
                    0.9064416885375977,
                    0.422303706407547,
                    1.7024309635162354
                ],
                [
                    0.0,
                    0.0,
                    0.0,
                    1.0
                ]
            ]
        },
        {
            "file_path": "./train/r_37",
            "rotation": 0.06283185307179587,
            "transform_matrix": [
                [
                    -0.9927287697792053,
                    -0.018157484009861946,
                    0.11863375455141068,
                    0.47824767231941223
                ],
                [
                    0.12001495063304901,
                    -0.15019343793392181,
                    0.9813039898872375,
                    3.955925703048706
                ],
                [
                    1.8625648801062766e-09,
                    0.9884847402572632,
                    0.15128155052661896,
                    0.6098605394363403
                ],
                [
                    0.0,
                    0.0,
                    0.0,
                    1.0
                ]
            ]
        },
        {
            "file_path": "./train/r_38",
            "rotation": 0.06283185307179587,
            "transform_matrix": [
                [
                    0.037441905587911606,
                    0.9073256850242615,
                    -0.418730765581131,
                    -1.6880273818969727
                ],
                [
                    -0.9992558360099792,
                    0.0339973010122776,
                    -0.015689752995967865,
                    -0.06325002759695053
                ],
                [
                    9.312825510754408e-10,
                    0.4190398156642914,
                    0.9079293608665466,
                    3.6601314544677734
                ],
                [
                    0.0,
                    0.0,
                    0.0,
                    1.0
                ]
            ]
        },
        {
            "file_path": "./train/r_39",
            "rotation": 0.06283185307179587,
            "transform_matrix": [
                [
                    -0.5238176584243774,
                    0.5147444605827332,
                    -0.6786670088768005,
                    -2.7359070777893066
                ],
                [
                    -0.8517800569534302,
                    -0.31655147671699524,
                    0.4173586666584015,
                    1.6824960708618164
                ],
                [
                    1.4900522593563892e-08,
                    0.7967579960823059,
                    0.6042683720588684,
                    2.4359841346740723
                ],
                [
                    0.0,
                    0.0,
                    0.0,
                    1.0
                ]
            ]
        },
        {
            "file_path": "./train/r_40",
            "rotation": 0.06283185307179587,
            "transform_matrix": [
                [
                    0.5689690709114075,
                    -0.5174112319946289,
                    0.6391366124153137,
                    2.5765485763549805
                ],
                [
                    0.8223068118095398,
                    0.35800620913505554,
                    -0.4422302842140198,
                    -1.7827609777450562
                ],
                [
                    2.9801045187127784e-08,
                    0.7772433161735535,
                    0.6291693449020386,
                    2.536367416381836
                ],
                [
                    0.0,
                    0.0,
                    0.0,
                    1.0
                ]
            ]
        },
        {
            "file_path": "./train/r_41",
            "rotation": 0.06283185307179587,
            "transform_matrix": [
                [
                    0.9493235945701599,
                    0.28166958689689636,
                    -0.13916581869125366,
                    -0.5610185265541077
                ],
                [
                    -0.3141636550426483,
                    0.851134717464447,
                    -0.42052412033081055,
                    -1.6952569484710693
                ],
                [
                    0.0,
                    0.44296935200691223,
                    0.8964986205101013,
                    3.6140506267547607
                ],
                [
                    0.0,
                    0.0,
                    0.0,
                    1.0
                ]
            ]
        },
        {
            "file_path": "./train/r_42",
            "rotation": 0.06283185307179587,
            "transform_matrix": [
                [
                    -0.7743269801139832,
                    -0.1621137261390686,
                    0.6115995645523071,
                    2.465538263320923
                ],
                [
                    0.6327176094055176,
                    -0.19839662313461304,
                    0.7484825253486633,
                    3.0173540115356445
                ],
                [
                    7.450259076335897e-09,
                    0.9666167497634888,
                    0.25619781017303467,
                    1.0328090190887451
                ],
                [
                    0.0,
                    0.0,
                    0.0,
                    1.0
                ]
            ]
        },
        {
            "file_path": "./train/r_43",
            "rotation": 0.06283185307179587,
            "transform_matrix": [
                [
                    -0.532143235206604,
                    0.2895924150943756,
                    -0.7955390810966492,
                    -3.2070529460906982
                ],
                [
                    -0.8466036915779114,
                    -0.18202689290046692,
                    0.5000459551811218,
                    2.0158329010009766
                ],
                [
                    1.4900521705385472e-08,
                    0.9396767616271973,
                    0.3420366644859314,
                    1.3788506984710693
                ],
                [
                    0.0,
                    0.0,
                    0.0,
                    1.0
                ]
            ]
        },
        {
