{
    "camera_angle_x": 0.6911112070083618,
    "frames": [
        {
            "file_path": "./train/r_0",
            "rotation": 0.06283185307179587,
            "transform_matrix": [
                [
                    0.35621264576911926,
                    0.4170762598514557,
                    -0.8361157774925232,
                    -3.3706295490264893
                ],
                [
                    -0.9343590140342712,
                    0.15900512039661407,
                    -0.31875866651535034,
                    -1.2850103378295898
                ],
                [
                    1.4900522593563892e-08,
                    0.8948488831520081,
                    0.4463415741920471,
                    1.7993347644805908
                ],
                [
                    0.0,
                    0.0,
                    0.0,
                    1.0
                ]
            ]
        },
        {
            "file_path": "./train/r_1",
            "rotation": 0.06283185307179587,
            "transform_matrix": [
                [
                    -0.1515125036239624,
                    0.9228363633155823,
                    -0.35411331057548523,
                    -1.4275354146957397
                ],
                [
                    -0.9884119629859924,
                    -0.14146047830581665,
                    0.054281607270240784,
                    0.21882519125938416
                ],
                [
                    3.725130648390973e-09,
                    0.35826244950294495,
                    0.9335816502571106,
                    3.7635433673858643
                ],
                [
                    0.0,
                    0.0,
                    0.0,
                    1.0
                ]
            ]
        },
        {
            "file_path": "./train/r_2",
            "rotation": 0.06283185307179587,
            "transform_matrix": [
                [
                    -0.3714665472507477,
                    -0.8948047161102295,
                    0.24761278927326202,
                    0.9982002973556519
                ],
                [
                    0.9284001588821411,
                    -0.358024537563324,
                    0.09907352179288864,
                    0.3993946313858032
                ],
                [
                    0.0,
                    0.2667074501514435,
                    0.9637373685836792,
                    3.8851101398468018
                ],
                [
                    0.0,
                    0.0,
                    0.0,
                    1.0
                ]
            ]
        },
        {
            "file_path": "./train/r_3",
            "rotation": 0.06283185307179587,
            "transform_matrix": [
                [
                    0.7251816987991333,
                    0.16071046888828278,
                    -0.6694782972335815,
                    -2.6988649368286133
                ],
                [
                    -0.6884952187538147,
                    0.16927392780780792,
                    -0.7051514387130737,
                    -2.8426737785339355
                ],
                [
                    0.0,
                    0.9723725914955139,
                    0.233404278755188,
                    0.9409216046333313
                ],
                [
                    0.0,
                    0.0,
                    0.0,
                    1.0
                ]
            ]
        },
        {
            "file_path": "./train/r_4",
            "rotation": 0.06283185307179587,
            "transform_matrix": [
                [
                    0.3244679868221283,
                    0.5354800224304199,
                    -0.7796919345855713,
                    -3.1431684494018555
                ],
                [
                    -0.9458513259887695,
                    0.18369287252426147,
                    -0.26746809482574463,
                    -1.0782428979873657
                ],
                [
                    1.4900522593563892e-08,
                    0.8243227005004883,
                    0.5660907626152039,
                    2.282078981399536
                ],
                [
                    0.0,
                    0.0,
                    0.0,
                    1.0
                ]
            ]
        },
        {
            "file_path": "./train/r_5",
            "rotation": 0.06283185307179587,
            "transform_matrix": [
                [
                    -0.4441305100917816,
                    0.7415862083435059,
                    -0.502747118473053,
                    -2.0267221927642822
                ],
                [
                    -0.8959141969680786,
                    -0.3676256835460663,
                    0.24922622740268707,
                    1.0047045946121216
                ],
                [
                    0.0,
                    0.5611515641212463,
                    0.8276768922805786,
                    3.3366100788116455
                ],
                [
                    0.0,
                    0.0,
                    0.0,
                    1.0
                ]
            ]
        },
        {
            "file_path": "./train/r_6",
            "rotation": 0.06283185307179587,
            "transform_matrix": [
                [
                    0.9754231572151184,
                    0.06620451807975769,
                    -0.20995521545410156,
                    -0.8463913798332214
                ],
                [
                    -0.2201448231935501,
                    0.2933405935764313,
                    -0.9302747249603271,
                    -3.7502119541168213
                ],
                [
                    0.0,
                    0.9537076354026794,
                    0.3007078170776367,
                    1.2122418880462646
                ],
                [
                    0.0,
                    0.0,
                    0.0,
                    1.0
                ]
            ]
        },
        {
            "file_path": "./train/r_7",
            "rotation": 0.06283185307179587,
            "transform_matrix": [
                [
                    -0.9901651740074158,
                    -0.06884003430604935,
                    0.12144377082586288,
                    0.48957571387290955
                ],
                [
                    0.13959632813930511,
                    -0.4882865250110626,
                    0.861407995223999,
                    3.472590208053589
                ],
                [
                    0.0,
                    0.8699581623077393,
                    0.4930974245071411,
                    1.987821340560913
                ],
                [
                    0.0,
                    0.0,
                    0.0,
                    1.0
                ]
            ]
        },
        {
            "file_path": "./train/r_8",
            "rotation": 0.06283185307179587,
            "transform_matrix": [
                [
                    0.8900113105773926,
                    0.410541832447052,
                    -0.19814728200435638,
                    -0.7987901568412781
                ],
                [
                    -0.45584428310394287,
                    0.8015607595443726,
                    -0.3868718445301056,
                    -1.5595945119857788
                ],
                [
                    1.4900520817207052e-08,
                    0.4346790015697479,
                    0.9005472660064697,
                    3.6303718090057373
                ],
                [
                    0.0,
                    0.0,
                    0.0,
                    1.0
                ]
            ]
        },
        {
            "file_path": "./train/r_9",
            "rotation": 0.06283185307179587,
            "transform_matrix": [
                [
                    0.3271203637123108,
                    -0.7173893451690674,
                    0.6150603294372559,
                    2.479489803314209
                ],
                [
                    0.9449372291564941,
                    0.24834735691547394,
                    -0.21292288601398468,
                    -0.8583550453186035
                ],
                [
                    0.0,
                    0.6508963704109192,
                    0.759132444858551,
                    3.0602872371673584
                ],
                [
                    0.0,
                    0.0,
                    0.0,
                    1.0
                ]
            ]
        },
        {
            "file_path": "./train/r_10",
            "rotation": 0.06283185307179587,
            "transform_matrix": [
                [
                    -0.9797941446304321,
                    0.17627252638339996,
                    -0.09406374394893646,
                    -0.37919872999191284
                ],
                [
                    -0.19979390501976013,
                    -0.8644446730613708,
                    0.4612908661365509,
                    1.8595995903015137
                ],
                [
                    7.450260408603526e-09,
                    0.4708007276058197,
                    0.8822019100189209,
                    3.5564165115356445
                ],
                [
                    0.0,
                    0.0,
                    0.0,
                    1.0
                ]
            ]
        },
        {
            "file_path": "./train/r_11",
            "rotation": 0.06283185307179587,
            "transform_matrix": [
                [
                    -0.11483912169933319,
                    -0.520591139793396,
                    0.8460106253623962,
                    3.4105186462402344
                ],
                [
                    0.9933409690856934,
                    -0.06018500030040741,
                    0.097806416451931,
                    0.39428654313087463
                ],
                [
                    -7.450260852692736e-09,
                    0.851676344871521,
                    0.5240395069122314,
                    2.112558126449585
                ],
                [
                    0.0,
                    0.0,
                    0.0,
                    1.0
                ]
            ]
        },
        {
            "file_path": "./train/r_12",
            "rotation": 0.06283185307179587,
            "transform_matrix": [
                [
                    -0.5960868000984192,
                    0.38684168457984924,
                    -0.703534722328186,
                    -2.8361563682556152
                ],
                [
                    -0.802866518497467,
                    -0.2872099280357361,
                    0.5223380923271179,
                    2.105699062347412
                ],
                [
                    -1.4900520817207052e-08,
                    0.8762727379798889,
                    0.4817875325679779,
                    1.9422279596328735
                ],
                [
                    0.0,
                    0.0,
                    0.0,
                    1.0
                ]
            ]
        },
        {
            "file_path": "./train/r_13",
            "rotation": 0.06283185307179587,
            "transform_matrix": [
                [
                    -0.9914025664329529,
                    0.08431529998779297,
                    -0.09963282197713852,
                    -0.4016493260860443
                ],
                [
                    -0.13051895797252655,
                    -0.6404464244842529,
                    0.7567960619926453,
                    3.050868511199951
                ],
                [
                    0.0,
                    0.7633538246154785,
                    0.6459492444992065,
                    2.6040122509002686
                ],
                [
                    0.0,
                    0.0,
                    0.0,
                    1.0
                ]
            ]
        },
        {
            "file_path": "./train/r_14",
            "rotation": 0.06283185307179587,
            "transform_matrix": [
                [
                    -0.9778066277503967,
                    -0.1103285551071167,
                    0.1778680831193924,
                    0.7170388102531433
                ],
                [
                    0.20930461585521698,
                    -0.5154210329055786,
                    0.830944836139679,
                    3.3497841358184814
                ],
                [
                    0.0,
                    0.8497992157936096,
                    0.527077853679657,
                    2.1248064041137695
                ],
                [
                    0.0,
                    0.0,
                    0.0,
                    1.0
                ]
            ]
        },
        {
            "file_path": "./train/r_15",
            "rotation": 0.06283185307179587,
            "transform_matrix": [
                [
                    -0.8595874905586243,
                    -0.15731239318847656,
                    0.4860853850841522,
                    1.959553837776184
                ],
                [
                    0.5109046697616577,
                    -0.264675110578537,
                    0.8178294897079468,
                    3.296912431716919
                ],
                [
                    0.0,
                    0.9514147043228149,
                    0.307885080575943,
                    1.2411757707595825
                ],
                [
                    0.0,
                    0.0,
                    0.0,
                    1.0
                ]
            ]
        },
        {
            "file_path": "./train/r_16",
            "rotation": 0.06283185307179587,
            "transform_matrix": [
                [
                    -0.15939758718013763,
                    0.9033810496330261,
                    -0.39808499813079834,
                    -1.6047983169555664
                ],
                [
                    -0.9871710538864136,
                    -0.14586809277534485,
                    0.06427841633558273,
                    0.2591252624988556
                ],
                [
                    0.0,
                    0.4032556414604187,
                    0.9150485992431641,
                    3.688831329345703
                ],
                [
                    0.0,
                    0.0,
                    0.0,
                    1.0
                ]
            ]
        },
        {
            "file_path": "./train/r_17",
            "rotation": 0.06283185307179587,
            "transform_matrix": [
                [
                    -0.33257150650024414,
                    -0.1531010866165161,
                    0.9305241107940674,
                    3.7512171268463135
                ],
                [
                    0.9430325627326965,
                    -0.053992897272109985,
                    0.32816025614738464,
                    1.3229107856750488
                ],
                [
                    0.0,
                    0.9867292642593384,
                    0.16233691573143005,
                    0.6544280052185059
                ],
                [
                    0.0,
                    0.0,
                    0.0,
                    1.0
                ]
            ]
        },
        {
            "file_path": "./train/r_18",
            "rotation": 0.06283185307179587,
            "transform_matrix": [
                [
                    -0.9085224866867065,
                    0.09184259921312332,
                    -0.4075135886669159,
                    -1.6428077220916748
                ],
                [
                    -0.41773349046707153,
                    -0.19974713027477264,
                    0.8862954378128052,
                    3.572918653488159
                ],
                [
                    7.450261740871156e-09,
                    0.9755285978317261,
                    0.21984192728996277,
                    0.8862477540969849
                ],
                [
                    0.0,
                    0.0,
                    0.0,
                    1.0
                ]
            ]
        },
        {
            "file_path": "./train/r_19",
            "rotation": 0.06283185307179587,
            "transform_matrix": [
                [
                    -0.08591162413358688,
                    0.5481390357017517,
                    -0.831926703453064,
                    -3.3537423610687256
                ],
                [
                    -0.9962596297264099,
                    -0.047268323600292206,
                    0.0717405155301094,
                    0.28920722007751465
                ],
                [
                    -3.7251297602125533e-09,
                    0.8350444436073303,
                    0.550153374671936,
                    2.2178306579589844
                ],
                [
                    0.0,
                    0.0,
                    0.0,
                    1.0
                ]
            ]
        },
        {
            "file_path": "./train/r_20",
            "rotation": 0.06283185307179587,
            "transform_matrix": [
                [
                    0.5679391622543335,
                    0.18620923161506653,
                    -0.8016794323921204,
                    -3.231806755065918
                ],
                [
                    -0.8230183720588684,
                    0.1284971833229065,
                    -0.5532139539718628,
                    -2.2301688194274902
                ],
                [
                    7.450261296781946e-09,
                    0.9740659594535828,
                    0.22623369097709656,
                    0.9120148420333862
                ],
                [
                    0.0,
                    0.0,
                    0.0,
                    1.0
                ]
            ]
        },
        {
            "file_path": "./train/r_21",
            "rotation": 0.06283185307179587,
            "transform_matrix": [
                [
                    -0.35980579257011414,
                    -0.7754306793212891,
                    0.5188522338867188,
                    2.091646671295166
                ],
                [
                    0.9329812526702881,
                    -0.2990461587905884,
                    0.2000962644815445,
                    0.8066471815109253
                ],
                [
                    -1.4900523481742312e-08,
                    0.5561191439628601,
                    0.8310663104057312,
                    3.350273847579956
                ],
                [
                    0.0,
                    0.0,
                    0.0,
                    1.0
                ]
            ]
        },
        {
            "file_path": "./train/r_22",
            "rotation": 0.06283185307179587,
            "transform_matrix": [
                [
                    0.6809178590774536,
                    -0.12196064740419388,
                    0.7220758199691772,
                    2.910900831222534
                ],
                [
                    0.7323011755943298,
                    0.11340304464101791,
                    -0.6714099645614624,
                    -2.7066519260406494
                ],
                [
                    0.0,
                    0.9860300421714783,
                    0.16653119027614594,
                    0.6713364720344543
                ],
                [
                    0.0,
                    0.0,
                    0.0,
                    1.0
                ]
            ]
        },
        {
            "file_path": "./train/r_23",
            "rotation": 0.06283185307179587,
            "transform_matrix": [
                [
                    -0.7422276139259338,
                    -0.46508997678756714,
                    0.4824114739894867,
                    1.944743275642395
                ],
                [
                    0.6700838804244995,
                    -0.5151633024215698,
                    0.5343496799468994,
                    2.1541213989257812
                ],
                [
                    2.9801045187127784e-08,
                    0.7199221849441528,
                    0.6940223574638367,
                    2.79780912399292
                ],
                [
                    0.0,
                    0.0,
                    0.0,
                    1.0
                ]
            ]
        },
        {
            "file_path": "./train/r_24",
            "rotation": 0.06283185307179587,
            "transform_matrix": [
                [
                    0.35193222761154175,
                    0.8271879553794861,
                    -0.4380301535129547,
                    -1.7658289670944214
                ],
                [
                    -0.9359795451164246,
                    0.3110261559486389,
                    -0.1647011786699295,
                    -0.6639591455459595
                ],
                [
                    0.0,
                    0.4679880142211914,
                    0.8836970925331116,
                    3.562443971633911
                ],
                [
                    0.0,
                    0.0,
                    0.0,
                    1.0
                ]
            ]
        },
        {
            "file_path": "./train/r_25",
            "rotation": 0.06283185307179587,
            "transform_matrix": [
                [
                    -0.412901371717453,
                    -0.5939026474952698,
                    0.6904596090316772,
                    2.783446788787842
                ],
                [
                    0.9107286930084229,
                    -0.269260436296463,
                    0.3130369484424591,
                    1.2619444131851196
                ],
                [
                    0.0,
                    0.7581347823143005,
                    0.6520664691925049,
                    2.6286725997924805
                ],
                [
                    0.0,
                    0.0,
                    0.0,
                    1.0
                ]
            ]
        },
        {
            "file_path": "./train/r_26",
            "rotation": 0.06283185307179587,
            "transform_matrix": [
                [
                    0.9947091937065125,
                    0.02437719888985157,
                    -0.09936641901731491,
                    -0.4005753695964813
                ],
                [
                    -0.10231254249811172,
                    0.23700149357318878,
                    -0.9660661816596985,
                    -3.894498109817505
                ],
                [
                    0.0,
                    0.9711982607841492,
                    0.2382432520389557,
                    0.9604288339614868
                ],
                [
                    0.0,
                    0.0,
                    0.0,
                    1.0
                ]
            ]
        },
        {
            "file_path": "./train/r_27",
            "rotation": 0.06283185307179587,
            "transform_matrix": [
                [
                    0.1958209127187729,
                    0.30987489223480225,
                    -0.930352509021759,
                    -3.750525951385498
                ],
                [
                    -0.9805958271026611,
                    0.06188073381781578,
                    -0.18578752875328064,
                    -0.7489644289016724
                ],
                [
                    3.725130204301763e-09,
                    0.9487561583518982,
                    0.3159817159175873,
                    1.273815631866455
                ],
                [
                    0.0,
                    0.0,
                    0.0,
                    1.0
                ]
            ]
        },
        {
            "file_path": "./train/r_28",
            "rotation": 0.06283185307179587,
            "transform_matrix": [
                [
                    0.7039114832878113,
                    0.6384983062744141,
                    -0.3110851049423218,
                    -1.2540760040283203
                ],
                [
                    -0.7102271914482117,
                    0.6328204274177551,
                    -0.3083187937736511,
                    -1.2429240942001343
                ],
                [
                    -1.4900522593563892e-08,
                    0.43800491094589233,
                    0.8989343047142029,
                    3.6238698959350586
                ],
                [
                    0.0,
                    0.0,
                    0.0,
                    1.0
                ]
            ]
        },
        {
            "file_path": "./train/r_29",
            "rotation": 0.06283185307179587,
            "transform_matrix": [
                [
                    0.7693352103233337,
                    -0.438132107257843,
                    0.46485787630081177,
                    1.8739795684814453
                ],
                [
                    0.638778030872345,
                    0.5276800990104675,
                    -0.5598682165145874,
                    -2.2569944858551025
                ],
                [
                    0.0,
                    0.727725088596344,
                    0.685836672782898,
                    2.76481032371521
                ],
                [
                    0.0,
                    0.0,
                    0.0,
                    1.0
                ]
            ]
        },
        {
            "file_path": "./train/r_30",
            "rotation": 0.06283185307179587,
            "transform_matrix": [
                [
                    0.9991946220397949,
                    -0.033611953258514404,
                    0.019861627370119095,
                    0.08006808161735535
                ],
                [
                    0.039040494710206985,
                    0.8602575659751892,
                    -0.5083345174789429,
                    -2.0492465496063232
                ],
                [
                    0.0,
                    0.5087408423423767,
                    0.8608826398849487,
                    3.4704723358154297
                ],
                [
                    0.0,
                    0.0,
                    0.0,
                    1.0
                ]
            ]
        },
        {
            "file_path": "./train/r_31",
            "rotation": 0.06283185307179587,
            "transform_matrix": [
                [
                    -0.594789445400238,
                    -0.7889531254768372,
                    0.15407806634902954,
                    0.6211342215538025
                ],
                [
                    0.803828239440918,
                    -0.5837826728820801,
                    0.11400943994522095,
                    0.45960572361946106
                ],
                [
                    0.0,
                    0.1916791945695877,
                    0.9814169406890869,
                    3.9563815593719482
                ],
                [
                    0.0,
                    0.0,
                    0.0,
                    1.0
                ]
            ]
        },
        {
            "file_path": "./train/r_32",
            "rotation": 0.06283185307179587,
            "transform_matrix": [
                [
                    0.1240871250629425,
                    0.8362616300582886,
                    -0.5340758562088013,
                    -2.153017520904541
                ],
                [
                    -0.992228090763092,
                    0.10458210855722427,
                    -0.06679103523492813,
                    -0.2692543864250183
                ],
                [
                    0.0,
                    0.538255512714386,
                    0.8427451252937317,
                    3.3973546028137207
                ],
                [
                    0.0,
                    0.0,
                    0.0,
                    1.0
                ]
            ]
        },
        {
            "file_path": "./train/r_33",
            "rotation": 0.06283185307179587,
            "transform_matrix": [
                [
                    -0.4832855463027954,
                    -0.7427824139595032,
                    0.46332070231437683,
                    1.867782711982727
                ],
                [
                    0.8754138946533203,
                    -0.41006433963775635,
                    0.2557832598686218,
                    1.0311379432678223
                ],
                [
                    -1.4900523481742312e-08,
                    0.5292555093765259,
                    0.8484256267547607,
                    3.420254707336426
                ],
                [
                    0.0,
                    0.0,
                    0.0,
                    1.0
                ]
            ]
        },
        {
            "file_path": "./train/r_34",
            "rotation": 0.06283185307179587,
            "transform_matrix": [
                [
                    -0.3763381242752075,
                    -0.34726691246032715,
                    0.8588951230049133,
                    3.4624602794647217
                ],
                [
                    0.9264361262321472,
                    -0.141067236661911,
                    0.34890154004096985,
                    1.4065252542495728
                ],
                [
                    7.450261740871156e-09,
                    0.9270898699760437,
                    0.3748120367527008,
                    1.510978102684021
                ],
                [
                    0.0,
                    0.0,
                    0.0,
                    1.0
                ]
            ]
        },
        {
            "file_path": "./train/r_35",
            "rotation": 0.06283185307179587,
            "transform_matrix": [
                [
                    0.9973996877670288,
                    -0.015073453076183796,
                    0.06986304372549057,
                    0.28163856267929077
                ],
                [
                    0.07147041708230972,
                    0.21035635471343994,
                    -0.9749680757522583,
                    -3.930384397506714
                ],
                [
                    0.0,
                    0.9775034189224243,
                    0.21088807284832,
                    0.8501521348953247
                ],
                [
                    0.0,
                    0.0,
                    0.0,
                    1.0
                ]
            ]
        },
        {
            "file_path": "./train/r_36",
            "rotation": 0.06283185307179587,
            "transform_matrix": [
                [
                    0.8170962333679199,
                    0.31865569949150085,
                    -0.4803488254547119,
                    -1.9364278316497803
                ],
                [
                    -0.5764269232749939,
                    0.4517005681991577,
                    -0.6809036731719971,
                    -2.7449235916137695
                ],
                [
                    -1.4900521705385472e-08,
                    0.8333157300949097,
                    0.5527681708335876,
                    2.2283716201782227
                ],
                [
                    0.0,
                    0.0,
                    0.0,
                    1.0
                ]
            ]
        },
        {
            "file_path": "./train/r_37",
            "rotation": 0.06283185307179587,
            "transform_matrix": [
                [
                    -0.9950675368309021,
                    0.05052051320672035,
                    -0.08486828207969666,
                    -0.3421291410923004
                ],
                [
                    -0.098766028881073,
                    -0.5089939832687378,
                    0.8550477027893066,
                    3.4469499588012695
                ],
                [
                    0.0,
                    0.8592804074287415,
                    0.5114765763282776,
                    2.061913013458252
                ],
                [
                    0.0,
                    0.0,
                    0.0,
                    1.0
                ]
            ]
        },
        {
            "file_path": "./train/r_38",
            "rotation": 0.06283185307179587,
            "transform_matrix": [
                [
                    -0.7309382557868958,
                    -0.6549515724182129,
                    0.19161029160022736,
                    0.7724376916885376
                ],
                [
                    0.6823807954788208,
                    -0.7015571594238281,
                    0.20524506270885468,
                    0.8274034857749939
                ],
                [
                    0.0,
                    0.2807947099208832,
                    0.9597277641296387,
                    3.868946075439453
                ],
                [
                    0.0,
                    0.0,
                    0.0,
                    1.0
                ]
            ]
        },
        {
            "file_path": "./train/r_39",
            "rotation": 0.06283185307179587,
            "transform_matrix": [
                [
                    -0.9046508073806763,
                    -0.06182286515831947,
                    0.4215448200702667,
                    1.699371576309204
                ],
                [
                    0.4260530471801758,
                    -0.13127025961875916,
                    0.8950782418251038,
                    3.6083245277404785
                ],
                [
                    -3.725130426346368e-09,
                    0.9894120097160339,
                    0.14509451389312744,
                    0.5849188566207886
                ],
                [
                    0.0,
                    0.0,
                    0.0,
                    1.0
                ]
            ]
        },
        {
            "file_path": "./train/r_40",
            "rotation": 0.06283185307179587,
            "transform_matrix": [
                [
                    -0.7896333336830139,
                    -0.4677563011646271,
                    0.39700689911842346,
                    1.6004520654678345
                ],
                [
                    0.6135090589523315,
                    -0.6020383834838867,
                    0.5109784603118896,
                    2.0599050521850586
                ],
                [
                    0.0,
                    0.6471042037010193,
                    0.7623673677444458,
                    3.0733280181884766
                ],
                [
                    0.0,
                    0.0,
                    0.0,
                    1.0
                ]
            ]
        },
        {
            "file_path": "./train/r_41",
            "rotation": 0.06283185307179587,
            "transform_matrix": [
                [
                    0.8460260033607483,
                    0.23103775084018707,
                    -0.48039618134498596,
                    -1.9366189241409302
                ],
                [
                    -0.533061146736145,
                    0.3666820526123047,
                    -0.7624410390853882,
                    -3.073625087738037
                ],
                [
                    0.0,
                    0.9011968374252319,
                    0.43338266015052795,
                    1.7470935583114624
                ],
                [
                    0.0,
                    0.0,
                    0.0,
                    1.0
                ]
            ]
        },
        {
            "file_path": "./train/r_42",
            "rotation": 0.06283185307179587,
            "transform_matrix": [
                [
                    -0.5073418617248535,
                    -0.5011089444160461,
                    0.7010198831558228,
                    2.8260183334350586
                ],
                [
                    0.8616951107978821,
                    -0.2950388491153717,
                    0.4127407968044281,
                    1.6638801097869873
                ],
                [
                    0.0,
                    0.8135305047035217,
                    0.58149254322052,
                    2.344168186187744
                ],
                [
                    0.0,
                    0.0,
                    0.0,
                    1.0
                ]
            ]
        },
        {
            "file_path": "./train/r_43",
            "rotation": 0.06283185307179587,
            "transform_matrix": [
                [
                    0.20660839974880219,
                    0.9401360154151917,
                    -0.2709956169128418,
                    -1.092463493347168
                ],
                [
                    -0.9783799052238464,
                    0.19853229820728302,
                    -0.0572272352874279,
                    -0.23069989681243896
                ],
                [
                    -3.725130426346368e-09,
                    0.27698224782943726,
                    0.9608349204063416,
                    3.8734095096588135
                ],
                [
                    0.0,
                    0.0,
                    0.0,
                    1.0
                ]
            ]
        },
        {
            "file_path": "./train/r_44",
